,0,1,2,3,4,5,6,7,8,9,10,SmartHomeEfficiency
0,-1.7317302651755395,0.4846636935776019,-1.0743468416979824,0.9767644117667437,1.3586356504869515,0.3347920341262756,0.0,0.0,0.0,1.0,0.0,1
1,-1.7310891210566297,1.1796173777053598,1.2354251243329373,0.9767644117667437,-1.4520117773223713,-0.07724042569247,1.0,0.0,0.0,0.0,0.0,1
2,-1.73044797693772,1.0214769278647953,-0.8345942153377135,0.9767644117667437,-1.4520117773223713,-0.6069964454594287,0.0,0.0,1.0,0.0,0.0,1
3,-1.7298068328188099,-0.7509100209367092,-0.9423255769612071,-1.023788323932921,0.6559737935346208,-0.9013053453299612,1.0,0.0,0.0,0.0,0.0,0
4,-1.7291656886999,1.5724096666564855,-0.06782034893802041,0.9767644117667437,0.6559737935346208,0.3347920341262756,1.0,0.0,0.0,0.0,0.0,1
5,-1.7285245445809903,-1.28543768628689,-0.005445820719070722,0.9767644117667437,-1.4520117773223713,-1.6076467050192393,0.0,0.0,0.0,0.0,1.0,1
6,-1.7278834004620804,1.3422985738452866,-0.9813398239226596,-1.023788323932921,-1.4520117773223713,1.512027633608406,0.0,0.0,1.0,0.0,0.0,0
7,-1.7272422563431704,1.6776191076165115,-0.7860841977915509,-1.023788323932921,-1.4520117773223713,1.3354422936860864,0.0,0.0,1.0,0.0,0.0,0
8,-1.7266011122242606,-1.1006122742682976,-1.1374053558927126,0.9767644117667437,-0.04668806341770988,-0.4304111055371091,0.0,0.0,1.0,0.0,0.0,1
9,-1.7259599681053508,0.8065664066308352,0.7498081979443821,0.9767644117667437,1.3586356504869515,1.629751193556619,1.0,0.0,0.0,0.0,0.0,0
10,-1.725318823986441,-1.5796464688272842,0.9273640868590683,-1.023788323932921,0.6559737935346208,1.3943040736601928,0.0,0.0,0.0,1.0,0.0,0
11,-1.7246776798675312,-0.3016760902431542,-0.1310498047668866,-1.023788323932921,0.6559737935346208,0.9234098338673408,0.0,0.0,1.0,0.0,0.0,0
12,-1.7240365357486211,0.0863324740267756,0.7347685545548053,0.9767644117667437,-0.7493499203700406,-1.2544760251746003,1.0,0.0,0.0,0.0,0.0,1
13,-1.7233953916297113,0.3115974207017442,0.8099069007261234,-1.023788323932921,-0.04668806341770988,-0.018378645718363482,0.0,0.0,0.0,0.0,1.0,0
14,-1.7227542475108015,1.5551095800626817,-1.2454947292354768,-1.023788323932921,-1.4520117773223713,-0.6658582254335351,0.0,0.0,0.0,1.0,0.0,1
15,-1.7221131033918917,0.6322139781624821,1.60173032947446,0.9767644117667437,-1.4520117773223713,0.45251559407448866,0.0,0.0,0.0,0.0,1.0,1
16,-1.7214719592729817,-0.03618526663986624,1.1025609814791724,0.9767644117667437,-0.04668806341770988,-1.6076467050192393,0.0,0.0,0.0,1.0,0.0,1
17,-1.7208308151540719,1.1131953630345195,-1.0178001781919768,-1.023788323932921,0.6559737935346208,1.1588569537637667,1.0,0.0,0.0,0.0,0.0,0
18,-1.720189671035162,1.606193677062886,-1.0807987561111996,0.9767644117667437,-1.4520117773223713,1.0411333938155538,0.0,1.0,0.0,0.0,0.0,1
19,-1.7195485269162523,-1.6434137555250337,-1.2888766310096071,0.9767644117667437,-0.7493499203700406,-1.6076467050192393,0.0,0.0,0.0,1.0,0.0,1
20,-1.7189073827973422,1.718152363584578,-1.2451403838288355,0.9767644117667437,0.6559737935346208,0.21706847417806258,0.0,0.0,0.0,0.0,1.0,1
21,-1.7182662386784324,-1.4191845777452925,0.8519545244109782,0.9767644117667437,1.3586356504869515,-1.666508484993346,1.0,0.0,0.0,0.0,0.0,0
22,-1.7176250945595226,1.1296863320050132,-0.10585591288673372,0.9767644117667437,-0.04668806341770988,1.629751193556619,0.0,0.0,0.0,1.0,0.0,1
23,-1.7169839504406128,-0.7394808521679745,0.9715395892239068,-1.023788323932921,0.6559737935346208,-0.19496398564068304,0.0,1.0,0.0,0.0,0.0,0
24,-1.7163428063217028,-1.258019547856076,0.8453965217430115,-1.023788323932921,1.3586356504869515,-0.4304111055371091,0.0,1.0,0.0,0.0,0.0,0
25,-1.715701662202793,-0.18116220050602436,0.35827736452682396,0.9767644117667437,-0.7493499203700406,0.6879627139709147,0.0,0.0,1.0,0.0,0.0,0
26,-1.7150605180838832,0.5331853905970402,0.6394357543194044,0.9767644117667437,-0.04668806341770988,0.09934491422984955,0.0,0.0,1.0,0.0,0.0,1
27,-1.7144193739649733,-0.38732383748218263,-1.6579088361624834,0.9767644117667437,-1.4520117773223713,0.9822716138414473,0.0,0.0,0.0,0.0,1.0,1
28,-1.7137782298460633,-1.5296672542180507,-0.6488066131652568,-1.023788323932921,-1.4520117773223713,0.2759302541521691,0.0,0.0,0.0,1.0,0.0,0
29,-1.7131370857271535,0.3774525935323652,0.47248745980546564,-1.023788323932921,1.3586356504869515,0.5702391540227016,0.0,0.0,0.0,1.0,0.0,0
30,-1.7124959416082437,1.4377416137610013,-1.6888976214030904,-1.023788323932921,0.6559737935346208,-0.7247200054076417,0.0,0.0,1.0,0.0,0.0,0
31,-1.711854797489334,-0.37940157744055675,-1.6076252555081785,-1.023788323932921,-0.7493499203700406,-0.19496398564068304,0.0,0.0,0.0,1.0,0.0,0
32,-1.7112136533704239,-0.963485977622046,1.2086774353259413,0.9767644117667437,1.3586356504869515,-1.1367524652263874,0.0,0.0,0.0,1.0,0.0,0
33,-1.710572509251514,-0.1716363047225221,0.6313823002651486,0.9767644117667437,-0.7493499203700406,0.5113773740485952,0.0,1.0,0.0,0.0,0.0,0
34,-1.7099313651326042,-1.5513765213736577,-0.8084072608493151,-1.023788323932921,-0.7493499203700406,-0.6658582254335351,0.0,0.0,1.0,0.0,0.0,0
35,-1.7092902210136944,1.1510389799267626,0.6449253332859296,-1.023788323932921,-0.7493499203700406,-0.31268754558889605,1.0,0.0,0.0,0.0,0.0,0
36,-1.7086490768947844,1.1715251091646595,1.0042882407413851,0.9767644117667437,-0.04668806341770988,-1.3721995851228133,0.0,0.0,1.0,0.0,0.0,1
37,-1.7080079327758746,0.33734054668270363,-0.6659448124551153,0.9767644117667437,1.3586356504869515,0.040483134255743035,1.0,0.0,0.0,0.0,0.0,1
38,-1.7073667886569648,-0.4847944063098651,-1.5971001708719372,0.9767644117667437,-0.04668806341770988,1.5708894135825124,0.0,1.0,0.0,0.0,0.0,1
39,-1.706725644538055,1.0785747878137903,1.486868753675488,0.9767644117667437,0.6559737935346208,-1.666508484993346,0.0,0.0,0.0,0.0,1.0,1
40,-1.706084500419145,0.22074444146248692,-0.533933718163124,0.9767644117667437,0.6559737935346208,0.45251559407448866,0.0,0.0,0.0,1.0,0.0,1
41,-1.7054433563002351,1.170095362168383,-1.3548361106199363,-1.023788323932921,-1.4520117773223713,-1.4899231450710264,0.0,1.0,0.0,0.0,0.0,1
42,-1.7048022121813253,0.489443485476532,-0.029499288255349466,0.9767644117667437,-1.4520117773223713,-0.9601671253040678,0.0,0.0,0.0,1.0,0.0,1
43,-1.7041610680624155,1.0247525978088974,0.9217885237781198,-1.023788323932921,-1.4520117773223713,-0.7247200054076417,0.0,0.0,0.0,0.0,1.0,0
44,-1.7035199239435055,0.3743091060629199,-0.9587722688255688,-1.023788323932921,0.6559737935346208,0.3347920341262756,0.0,0.0,0.0,0.0,1.0,0
45,-1.7028787798245957,-0.27116248286594063,-0.7942371503718286,0.9767644117667437,-0.7493499203700406,-1.5487849250451329,0.0,1.0,0.0,0.0,0.0,1
46,-1.7022376357056859,1.6321391065112494,-0.8863188043554138,-1.023788323932921,-0.7493499203700406,-0.3715493255630026,0.0,0.0,0.0,0.0,1.0,0
47,-1.701596491586776,0.17323862070744941,1.6894098362222594,-1.023788323932921,1.3586356504869515,-1.0190289052781742,1.0,0.0,0.0,0.0,0.0,0
48,-1.7009553474678663,0.3971517624891034,-1.0421479456129137,0.9767644117667437,0.6559737935346208,1.4531658536342995,0.0,0.0,0.0,0.0,1.0,1
49,-1.7003142033489562,-0.9489440773712076,0.2582258663721203,-1.023788323932921,-1.4520117773223713,-0.5481346654853221,0.0,0.0,0.0,1.0,0.0,0
50,-1.6996730592300464,0.4691156365757062,1.4610258259612492,0.9767644117667437,0.6559737935346208,1.5708894135825124,0.0,0.0,0.0,1.0,0.0,0
51,-1.6990319151111366,0.2799661555138576,-1.2158462565940413,0.9767644117667437,-0.7493499203700406,0.15820669420395606,0.0,0.0,0.0,1.0,0.0,1
52,-1.6983907709922268,-1.0737154272745306,1.6178120747096927,-1.023788323932921,-0.7493499203700406,-0.6069964454594287,0.0,0.0,0.0,1.0,0.0,0
53,-1.6977496268733168,-1.5120914826639371,1.5374167667805267,0.9767644117667437,-0.04668806341770988,-1.4899231450710264,1.0,0.0,0.0,0.0,0.0,0
54,-1.697108482754407,0.3945960869841619,1.321080426259286,0.9767644117667437,-0.04668806341770988,-0.3715493255630026,0.0,0.0,1.0,0.0,0.0,1
55,-1.6964673386354971,0.9522569625487814,-0.9831580925231659,-1.023788323932921,1.3586356504869515,0.2759302541521691,0.0,1.0,0.0,0.0,0.0,0
56,-1.6958261945165873,0.1112455263439739,0.45953201185234843,0.9767644117667437,0.6559737935346208,-0.018378645718363482,0.0,0.0,0.0,1.0,0.0,1
57,-1.6951850503976773,-0.926946802164461,0.8957329243245186,-1.023788323932921,-0.04668806341770988,-0.13610220566657652,0.0,0.0,0.0,0.0,1.0,0
58,-1.6945439062787675,0.612163650989061,1.669995786408158,-1.023788323932921,-0.04668806341770988,1.3354422936860864,0.0,0.0,0.0,1.0,0.0,0
59,-1.6939027621598577,-1.44027685309287,-1.1005432640329418,0.9767644117667437,0.6559737935346208,1.2177187337378734,0.0,0.0,0.0,0.0,1.0,0
60,-1.6932616180409479,-0.1742390279200165,0.9133906412759821,-1.023788323932921,-0.7493499203700406,0.8645480538932343,0.0,0.0,0.0,0.0,1.0,0
61,-1.6926204739220378,-1.1488655662625513,-0.5558704854544604,0.9767644117667437,1.3586356504869515,-1.3721995851228133,0.0,0.0,0.0,1.0,0.0,1
62,-1.691979329803128,-1.0750431307891517,-1.117041769264339,-1.023788323932921,1.3586356504869515,0.6879627139709147,1.0,0.0,0.0,0.0,0.0,0
63,-1.6913381856842182,-1.012621485348804,-0.27188558861291373,0.9767644117667437,1.3586356504869515,0.2759302541521691,0.0,0.0,0.0,0.0,1.0,1
64,-1.6906970415653084,-0.36718075608091083,1.0090315713531024,0.9767644117667437,-0.04668806341770988,1.4531658536342995,0.0,0.0,0.0,0.0,1.0,0
65,-1.6900558974463984,-1.541620368192567,-0.12237882437312833,-1.023788323932921,-0.7493499203700406,-0.018378645718363482,0.0,0.0,0.0,1.0,0.0,0
66,-1.6894147533274886,-0.328378721985872,0.12755064389350598,-1.023788323932921,1.3586356504869515,0.21706847417806258,0.0,0.0,0.0,0.0,1.0,0
67,-1.6887736092085788,0.07031711948220837,1.7013997071275164,0.9767644117667437,0.6559737935346208,0.5113773740485952,0.0,0.0,0.0,0.0,1.0,0
68,-1.688132465089669,-0.02912815481582953,-0.3484658472065238,0.9767644117667437,1.3586356504869515,-1.2544760251746003,0.0,0.0,0.0,1.0,0.0,1
69,-1.687491320970759,-0.3809109948054881,0.39537832914036736,-1.023788323932921,-1.4520117773223713,1.3354422936860864,0.0,0.0,0.0,1.0,0.0,0
70,-1.6868501768518491,1.2163450415822294,-0.4649307157235583,0.9767644117667437,-0.7493499203700406,-1.0778906852522807,0.0,1.0,0.0,0.0,0.0,1
71,-1.6862090327329393,-1.2120052935537329,-0.37021341288876386,0.9767644117667437,-1.4520117773223713,1.3943040736601928,1.0,0.0,0.0,0.0,0.0,1
72,-1.6855678886140295,0.04927982561870236,0.6713303112844949,-1.023788323932921,-0.7493499203700406,-0.07724042569247,1.0,0.0,0.0,0.0,0.0,0
73,-1.6849267444951195,-1.5035014325701932,1.5044350764883156,-1.023788323932921,0.6559737935346208,-1.1956142452004939,0.0,0.0,0.0,0.0,1.0,0
74,-1.6842856003762097,-1.471601770291837,0.14418153239918535,0.9767644117667437,-0.04668806341770988,-0.19496398564068304,1.0,0.0,0.0,0.0,0.0,0
75,-1.6836444562572999,0.2878697931503399,0.9215551245393547,-1.023788323932921,-0.04668806341770988,-0.6658582254335351,0.0,0.0,0.0,0.0,1.0,0
76,-1.68300331213839,0.26040402546748026,-1.4142469654293077,-1.023788323932921,-0.7493499203700406,-1.0190289052781742,0.0,1.0,0.0,0.0,0.0,0
77,-1.68236216801948,1.3524481226693807,-0.9948457593069399,0.9767644117667437,1.3586356504869515,0.6879627139709147,0.0,0.0,0.0,1.0,0.0,1
78,-1.6817210239005702,0.23189763055048895,0.005836492671102613,-1.023788323932921,-1.4520117773223713,0.39365381410038214,0.0,0.0,0.0,1.0,0.0,0
79,-1.6810798797816604,1.6385971166746822,-1.6522137179849774,-1.023788323932921,0.6559737935346208,0.09934491422984955,0.0,0.0,0.0,1.0,0.0,0
80,-1.6804387356627506,-1.550214049917044,-0.8514465345964745,0.9767644117667437,1.3586356504869515,-0.9013053453299612,1.0,0.0,0.0,0.0,0.0,1
81,-1.6797975915438406,-1.3776204992697996,0.058350076276133374,-1.023788323932921,-0.04668806341770988,-0.5481346654853221,0.0,1.0,0.0,0.0,0.0,0
82,-1.6791564474249308,-1.5664153745912408,-1.6695828918303803,0.9767644117667437,1.3586356504869515,-1.6076467050192393,1.0,0.0,0.0,0.0,0.0,1
83,-1.678515303306021,-1.0721808561621733,-0.8112391627218496,-1.023788323932921,-1.4520117773223713,-1.3133378051487068,1.0,0.0,0.0,0.0,0.0,0
84,-1.6778741591871111,0.17378561756426714,0.04675875040075061,-1.023788323932921,-0.04668806341770988,-1.43106136509692,0.0,1.0,0.0,0.0,0.0,0
85,-1.6772330150682013,0.5388399524230031,0.2500719082304872,0.9767644117667437,-0.7493499203700406,-0.07724042569247,0.0,1.0,0.0,0.0,0.0,1
86,-1.6765918709492913,-1.5610978796820218,1.4627008359424956,-1.023788323932921,0.6559737935346208,-0.6658582254335351,0.0,1.0,0.0,0.0,0.0,0
87,-1.6759507268303815,1.5902270455392535,0.49836120500264136,-1.023788323932921,0.6559737935346208,-0.7835817853817482,0.0,1.0,0.0,0.0,0.0,0
88,-1.6753095827114717,1.226910647334796,-0.2947250129944034,-1.023788323932921,-0.04668806341770988,-1.1956142452004939,0.0,0.0,0.0,1.0,0.0,0
89,-1.6746684385925619,-0.6825092529797883,1.4785188415268697,-1.023788323932921,-0.7493499203700406,0.15820669420395606,0.0,0.0,1.0,0.0,0.0,0
90,-1.6740272944736518,-1.4504904589654188,0.9782417099815017,-1.023788323932921,-1.4520117773223713,-1.0190289052781742,0.0,0.0,1.0,0.0,0.0,0
91,-1.673386150354742,-1.1260446464204812,-1.0331884910603264,-1.023788323932921,0.6559737935346208,-0.19496398564068304,0.0,1.0,0.0,0.0,0.0,0
92,-1.6727450062358322,-1.2763427556978841,-1.2710580020968816,0.9767644117667437,-0.04668806341770988,0.6879627139709147,0.0,0.0,1.0,0.0,0.0,0
93,-1.6721038621169224,-1.2891548740986212,0.6031363379493988,-1.023788323932921,0.6559737935346208,-1.0778906852522807,0.0,0.0,1.0,0.0,0.0,0
94,-1.6714627179980124,0.09430677355830225,0.20444875528428338,-1.023788323932921,-0.7493499203700406,-1.666508484993346,0.0,1.0,0.0,0.0,0.0,0
95,-1.6708215738791026,-0.8601854745753953,0.9947170835706236,0.9767644117667437,-1.4520117773223713,-1.1956142452004939,0.0,0.0,1.0,0.0,0.0,1
96,-1.6701804297601928,-0.46716565035729374,0.8197758920599246,0.9767644117667437,-0.7493499203700406,-0.5481346654853221,1.0,0.0,0.0,0.0,0.0,1
97,-1.669539285641283,1.7425963825568254,0.4291184088386053,0.9767644117667437,1.3586356504869515,-0.4304111055371091,0.0,0.0,0.0,0.0,1.0,1
98,-1.668898141522373,0.6744361070883751,1.671214058827016,-1.023788323932921,-0.7493499203700406,-1.7253702649674525,0.0,0.0,0.0,0.0,1.0,0
99,-1.6682569974034631,1.6007611817190421,0.11402345931391361,0.9767644117667437,-0.7493499203700406,0.15820669420395606,0.0,1.0,0.0,0.0,0.0,1
100,-1.6676158532845533,-1.221700697074592,-1.3320556509148667,0.9767644117667437,0.6559737935346208,1.27658051371198,0.0,0.0,0.0,1.0,0.0,0
101,-1.6669747091656435,-0.3831671663058757,1.1274655028540106,-1.023788323932921,-0.7493499203700406,-0.25382576561478953,0.0,1.0,0.0,0.0,0.0,0
102,-1.6663335650467335,0.2209011649413431,-0.8548911761708916,0.9767644117667437,-0.04668806341770988,-0.9013053453299612,0.0,0.0,0.0,1.0,0.0,1
103,-1.6656924209278237,-1.4519935861578392,0.9521705915268017,-1.023788323932921,0.6559737935346208,-0.4892728855112156,0.0,0.0,0.0,0.0,1.0,0
104,-1.6650512768089138,-1.7059887240884501,1.5705346561046867,-1.023788323932921,0.6559737935346208,-0.31268754558889605,0.0,1.0,0.0,0.0,0.0,0
105,-1.664410132690004,0.625856791629858,0.6753016280731349,-1.023788323932921,1.3586356504869515,-1.7253702649674525,1.0,0.0,0.0,0.0,0.0,0
106,-1.663768988571094,0.525705730996624,0.32876125751251895,-1.023788323932921,-0.04668806341770988,1.6886129735307256,0.0,0.0,1.0,0.0,0.0,0
107,-1.6631278444521842,-0.28289529303583744,-0.13772960978639648,-1.023788323932921,-0.7493499203700406,-0.25382576561478953,0.0,0.0,0.0,1.0,0.0,0
108,-1.6624867003332744,-0.006904063355435229,-0.46780006482288716,0.9767644117667437,1.3586356504869515,-0.5481346654853221,0.0,0.0,1.0,0.0,0.0,1
109,-1.6618455562143646,-0.26660575589501034,-0.5070231972619017,-1.023788323932921,-0.04668806341770988,0.6291009339968082,0.0,0.0,1.0,0.0,0.0,0
110,-1.6612044120954546,-1.6366276730848575,0.4675026005652086,0.9767644117667437,1.3586356504869515,-0.3715493255630026,0.0,1.0,0.0,0.0,0.0,0
111,-1.6605632679765447,-0.5468534008220073,0.8626546036433547,-1.023788323932921,-1.4520117773223713,0.5113773740485952,0.0,0.0,1.0,0.0,0.0,0
112,-1.659922123857635,-1.1008617096673612,0.6124405480109085,0.9767644117667437,-0.7493499203700406,-0.8424435653558547,1.0,0.0,0.0,0.0,0.0,0
113,-1.6592809797387251,-1.3761627457753156,-1.038686964798359,-1.023788323932921,1.3586356504869515,0.09934491422984955,0.0,0.0,1.0,0.0,0.0,0
114,-1.658639835619815,1.6278501495931867,-0.02217298053481652,-1.023788323932921,-1.4520117773223713,-0.8424435653558547,0.0,1.0,0.0,0.0,0.0,1
115,-1.6579986915009053,0.37709764520566796,1.0014798963716742,-1.023788323932921,-0.7493499203700406,-1.0190289052781742,1.0,0.0,0.0,0.0,0.0,0
116,-1.6573575473819955,0.8296319927639657,-0.08505007803650609,0.9767644117667437,1.3586356504869515,0.6879627139709147,0.0,0.0,0.0,0.0,1.0,1
117,-1.6567164032630857,-0.616880362584438,0.12445608699536813,0.9767644117667437,1.3586356504869515,0.09934491422984955,0.0,0.0,1.0,0.0,0.0,0
118,-1.6560752591441756,-0.34464068229578265,0.930964864501936,0.9767644117667437,1.3586356504869515,1.1588569537637667,0.0,1.0,0.0,0.0,0.0,0
119,-1.6554341150252658,-0.891417295544386,0.5531103095907097,-1.023788323932921,1.3586356504869515,0.6291009339968082,0.0,0.0,0.0,0.0,1.0,0
120,-1.654792970906356,-1.3812675185331025,-0.31326470017774066,-1.023788323932921,0.6559737935346208,0.8056862739191277,0.0,0.0,0.0,0.0,1.0,0
121,-1.6541518267874462,-1.0940389269339876,1.358362571826499,0.9767644117667437,1.3586356504869515,-0.3715493255630026,0.0,0.0,0.0,1.0,0.0,0
122,-1.6535106826685364,1.0706322341447125,-1.1619541137081557,-1.023788323932921,0.6559737935346208,-1.0190289052781742,1.0,0.0,0.0,0.0,0.0,0
123,-1.6528695385496264,0.6507467429501548,1.7026275916368636,0.9767644117667437,0.6559737935346208,-1.1367524652263874,0.0,0.0,1.0,0.0,0.0,1
124,-1.6522283944307166,0.1935911372396229,-1.3122918555525085,-1.023788323932921,-1.4520117773223713,-0.9013053453299612,0.0,1.0,0.0,0.0,0.0,1
125,-1.6515872503118068,-0.05784336811852219,-1.669621502933497,0.9767644117667437,-0.7493499203700406,-1.1956142452004939,0.0,0.0,0.0,1.0,0.0,1
126,-1.650946106192897,1.5078495809566637,1.3398128136411078,0.9767644117667437,0.6559737935346208,0.6879627139709147,1.0,0.0,0.0,0.0,0.0,0
127,-1.650304962073987,-1.4660743732282449,-0.8786203438205372,-1.023788323932921,-0.04668806341770988,0.6291009339968082,0.0,0.0,0.0,1.0,0.0,0
128,-1.649663817955077,-0.7385496471929318,0.7884615916720021,0.9767644117667437,0.6559737935346208,1.5708894135825124,1.0,0.0,0.0,0.0,0.0,0
129,-1.6490226738361673,-0.4958719417372082,1.06811316260353,-1.023788323932921,-0.04668806341770988,1.5708894135825124,1.0,0.0,0.0,0.0,0.0,0
130,-1.6483815297172575,1.0178238395758297,1.2330894485803274,-1.023788323932921,-1.4520117773223713,-1.6076467050192393,0.0,0.0,1.0,0.0,0.0,0
131,-1.6477403855983475,1.7531288022671696,1.689138777474199,-1.023788323932921,-0.04668806341770988,1.4531658536342995,1.0,0.0,0.0,0.0,0.0,0
132,-1.6470992414794376,-0.8783045771259594,-0.7098088425589733,0.9767644117667437,-1.4520117773223713,-0.8424435653558547,0.0,0.0,0.0,1.0,0.0,1
133,-1.6464580973605278,1.3394066012187409,0.7215498190047194,0.9767644117667437,-1.4520117773223713,0.8056862739191277,1.0,0.0,0.0,0.0,0.0,1
134,-1.645816953241618,1.1865118128094285,-1.32416604544183,0.9767644117667437,-1.4520117773223713,-0.7835817853817482,0.0,0.0,1.0,0.0,0.0,1
135,-1.645175809122708,-0.9343500399854058,-0.32198493951694496,-1.023788323932921,-0.04668806341770988,-0.31268754558889605,0.0,0.0,1.0,0.0,0.0,0
136,-1.6445346650037982,-0.3229917775091853,1.1952089934918895,-1.023788323932921,-0.04668806341770988,-0.018378645718363482,0.0,0.0,0.0,1.0,0.0,0
137,-1.6438935208848884,-0.28680105435651165,-0.4566293053381114,0.9767644117667437,-1.4520117773223713,0.9822716138414473,0.0,0.0,0.0,0.0,1.0,1
138,-1.6432523767659786,1.7031003705930199,0.311790140137275,-1.023788323932921,-1.4520117773223713,1.5708894135825124,0.0,0.0,0.0,0.0,1.0,0
139,-1.6426112326470685,-1.087528055087097,0.011482788103474865,-1.023788323932921,-0.7493499203700406,0.2759302541521691,1.0,0.0,0.0,0.0,0.0,0
140,-1.6419700885281587,1.0763859285796342,0.5004449721760441,0.9767644117667437,-1.4520117773223713,0.39365381410038214,0.0,1.0,0.0,0.0,0.0,1
141,-1.641328944409249,-0.5509794900656544,1.6248284618328697,0.9767644117667437,1.3586356504869515,-1.0190289052781742,1.0,0.0,0.0,0.0,0.0,1
142,-1.6406878002903391,0.8373811463416019,-1.5293566097135627,-1.023788323932921,-0.7493499203700406,-0.3715493255630026,0.0,0.0,0.0,1.0,0.0,0
143,-1.640046656171429,-0.25061787045923656,0.2528653701910518,-1.023788323932921,-0.7493499203700406,0.45251559407448866,0.0,0.0,0.0,1.0,0.0,0
144,-1.6394055120525193,0.303598364730067,1.2469915554966962,0.9767644117667437,-0.7493499203700406,-0.25382576561478953,0.0,0.0,0.0,1.0,0.0,1
145,-1.6387643679336095,1.1934733024115738,-0.06552078826506547,0.9767644117667437,1.3586356504869515,1.629751193556619,0.0,0.0,0.0,1.0,0.0,1
146,-1.6381232238146997,1.0939123673575497,-1.4509742106865042,-1.023788323932921,-0.7493499203700406,-1.2544760251746003,0.0,0.0,0.0,1.0,0.0,0
147,-1.6374820796957896,1.3118122942328023,0.20670543601643956,-1.023788323932921,-0.7493499203700406,-0.6658582254335351,0.0,0.0,1.0,0.0,0.0,0
148,-1.6368409355768798,-1.51198568553752,-0.5790061538521415,-1.023788323932921,-0.04668806341770988,-0.13610220566657652,0.0,0.0,0.0,0.0,1.0,0
149,-1.63619979145797,0.7015129555113699,-1.1881780927863805,0.9767644117667437,-0.04668806341770988,-1.3721995851228133,0.0,0.0,0.0,1.0,0.0,1
150,-1.6355586473390602,-1.2306927494395783,1.1988641191430225,-1.023788323932921,-1.4520117773223713,0.8645480538932343,0.0,1.0,0.0,0.0,0.0,0
151,-1.6349175032201502,-0.26529128038774724,0.07278811244800831,-1.023788323932921,-1.4520117773223713,-0.4892728855112156,0.0,1.0,0.0,0.0,0.0,0
152,-1.6342763591012404,0.19939947765186694,1.4885789671136787,-1.023788323932921,0.6559737935346208,-0.018378645718363482,0.0,1.0,0.0,0.0,0.0,0
153,-1.6336352149823306,-0.311067706704433,1.0509216347184815,-1.023788323932921,1.3586356504869515,0.39365381410038214,0.0,1.0,0.0,0.0,0.0,0
154,-1.6329940708634207,0.09798169922586109,0.6621515385616632,-1.023788323932921,-0.04668806341770988,-0.8424435653558547,0.0,0.0,1.0,0.0,0.0,0
155,-1.6323529267445107,1.767169600499568,-1.7037525670837748,-1.023788323932921,-1.4520117773223713,0.3347920341262756,0.0,1.0,0.0,0.0,0.0,0
156,-1.631711782625601,-1.2473878368030562,-0.24971548969337531,0.9767644117667437,1.3586356504869515,-1.4899231450710264,0.0,0.0,0.0,1.0,0.0,1
157,-1.631070638506691,0.6434326418250661,-1.0418640564938237,0.9767644117667437,-0.7493499203700406,-0.07724042569247,1.0,0.0,0.0,0.0,0.0,1
158,-1.6304294943877813,-0.33465233284685486,1.4112735446884688,0.9767644117667437,1.3586356504869515,1.27658051371198,0.0,1.0,0.0,0.0,0.0,0
159,-1.6297883502688715,-1.2551140769943494,-1.1206269471422934,-1.023788323932921,-0.04668806341770988,1.2177187337378734,0.0,0.0,1.0,0.0,0.0,0
160,-1.6291472061499614,-1.1650704195895702,-0.7372515467174213,0.9767644117667437,0.6559737935346208,-0.4304111055371091,0.0,0.0,1.0,0.0,0.0,1
161,-1.6285060620310516,1.601784710750059,0.05640863818687415,-1.023788323932921,-0.04668806341770988,-1.43106136509692,0.0,1.0,0.0,0.0,0.0,0
162,-1.6278649179121418,1.3579360224309338,-0.8153064529874716,-1.023788323932921,-1.4520117773223713,0.3347920341262756,1.0,0.0,0.0,0.0,0.0,0
163,-1.627223773793232,1.4539768793262662,-0.999293731682494,-1.023788323932921,-1.4520117773223713,1.5708894135825124,0.0,1.0,0.0,0.0,0.0,0
164,-1.626582629674322,1.7496923745066524,0.3393163664964734,-1.023788323932921,1.3586356504869515,0.15820669420395606,0.0,0.0,1.0,0.0,0.0,0
165,-1.6259414855554122,-0.9915466104756055,-1.4151997153248943,-1.023788323932921,-0.04668806341770988,1.0999951737896603,0.0,0.0,0.0,0.0,1.0,0
166,-1.6253003414365024,-0.47661690204754986,-1.5209919622486627,0.9767644117667437,-1.4520117773223713,0.6291009339968082,0.0,0.0,0.0,1.0,0.0,1
167,-1.6246591973175926,0.6216032620057901,-0.44085337675993974,0.9767644117667437,-0.7493499203700406,-0.8424435653558547,0.0,0.0,1.0,0.0,0.0,1
168,-1.6240180531986825,-0.027349276874851444,0.7573888857801317,0.9767644117667437,-0.7493499203700406,1.4531658536342995,0.0,1.0,0.0,0.0,0.0,0
169,-1.6233769090797727,-0.25629297340265617,0.18699057134226116,-1.023788323932921,0.6559737935346208,0.21706847417806258,0.0,0.0,0.0,1.0,0.0,0
170,-1.622735764960863,-0.4683152763647774,-0.26672859055407705,0.9767644117667437,1.3586356504869515,0.7468244939450213,0.0,1.0,0.0,0.0,0.0,1
171,-1.622094620841953,0.357570975113879,0.22463066286558062,-1.023788323932921,-1.4520117773223713,-0.25382576561478953,0.0,1.0,0.0,0.0,0.0,0
172,-1.621453476723043,0.2939162712912975,-0.46421785223808,0.9767644117667437,0.6559737935346208,0.39365381410038214,0.0,0.0,0.0,0.0,1.0,1
173,-1.6208123326041333,-1.15554674814,1.4984488695010556,0.9767644117667437,-0.7493499203700406,-1.0190289052781742,0.0,0.0,0.0,1.0,0.0,0
174,-1.6201711884852235,-0.06956839831343659,-1.5322132341064278,0.9767644117667437,0.6559737935346208,1.27658051371198,0.0,0.0,0.0,1.0,0.0,1
175,-1.6195300443663136,0.21649110536424276,0.5948132191490176,0.9767644117667437,0.6559737935346208,-0.7835817853817482,0.0,0.0,0.0,0.0,1.0,1
176,-1.6188889002474036,0.27534370475421577,1.3441590012990188,0.9767644117667437,-1.4520117773223713,0.09934491422984955,0.0,0.0,1.0,0.0,0.0,1
177,-1.6182477561284938,-0.9852753503346442,1.043590212678152,0.9767644117667437,-1.4520117773223713,0.09934491422984955,0.0,1.0,0.0,0.0,0.0,1
178,-1.617606612009584,0.8772844907206045,-1.0881033706981589,-1.023788323932921,-1.4520117773223713,-0.13610220566657652,1.0,0.0,0.0,0.0,0.0,1
179,-1.6169654678906742,-1.6324485315029813,-0.7033205354382946,-1.023788323932921,1.3586356504869515,-0.07724042569247,0.0,1.0,0.0,0.0,0.0,0
180,-1.6163243237717642,-0.47874307146139095,0.7449513892772215,-1.023788323932921,0.6559737935346208,-0.31268754558889605,0.0,1.0,0.0,0.0,0.0,0
181,-1.6156831796528544,1.0100778284915386,-1.431222275809736,-1.023788323932921,0.6559737935346208,0.9822716138414473,0.0,0.0,1.0,0.0,0.0,0
182,-1.6150420355339445,0.25296482139253057,1.0710237438287724,-1.023788323932921,1.3586356504869515,-0.4892728855112156,0.0,1.0,0.0,0.0,0.0,0
183,-1.6144008914150347,-0.8065834370688066,0.751344664082356,0.9767644117667437,-0.7493499203700406,-0.19496398564068304,0.0,0.0,0.0,0.0,1.0,0
184,-1.6137597472961247,0.71167185654086,0.7881418319246172,-1.023788323932921,-0.04668806341770988,0.8056862739191277,0.0,0.0,0.0,0.0,1.0,0
185,-1.613118603177215,0.26520780458921056,-1.3762973375585534,-1.023788323932921,-0.7493499203700406,0.45251559407448866,0.0,0.0,0.0,1.0,0.0,0
186,-1.612477459058305,1.0661857441716174,0.7474021005359286,-1.023788323932921,1.3586356504869515,-0.6069964454594287,1.0,0.0,0.0,0.0,0.0,0
187,-1.6118363149393953,0.85192297179713,0.6169149861310667,-1.023788323932921,0.6559737935346208,0.8645480538932343,0.0,1.0,0.0,0.0,0.0,0
188,-1.6111951708204852,0.414716034623322,1.1365753781454377,-1.023788323932921,0.6559737935346208,1.1588569537637667,0.0,1.0,0.0,0.0,0.0,0
189,-1.6105540267015754,-0.012036424941622645,-1.577983759479413,-1.023788323932921,-1.4520117773223713,-0.3715493255630026,0.0,0.0,1.0,0.0,0.0,1
190,-1.6099128825826656,-1.2545109381445811,-1.6415561907622518,-1.023788323932921,-1.4520117773223713,0.9822716138414473,0.0,0.0,0.0,0.0,1.0,0
191,-1.6092717384637558,-0.8059863930202725,-0.4382334675100611,-1.023788323932921,0.6559737935346208,0.9822716138414473,1.0,0.0,0.0,0.0,0.0,0
192,-1.6086305943448458,-0.25380820483668265,-1.2093404925832678,-1.023788323932921,0.6559737935346208,-1.3133378051487068,0.0,0.0,0.0,1.0,0.0,0
193,-1.607989450225936,0.37688611376772085,0.1992946434623054,0.9767644117667437,-1.4520117773223713,1.2177187337378734,0.0,0.0,0.0,0.0,1.0,1
194,-1.6073483061070262,0.07731849198815292,1.4338029418760678,-1.023788323932921,-1.4520117773223713,1.4531658536342995,0.0,0.0,0.0,1.0,0.0,0
195,-1.6067071619881164,-0.7120068643847364,-0.3747045658414592,-1.023788323932921,-0.7493499203700406,-0.9601671253040678,0.0,0.0,1.0,0.0,0.0,0
196,-1.6060660178692066,-1.6980195880878122,1.1848184381198812,0.9767644117667437,0.6559737935346208,0.5113773740485952,0.0,0.0,1.0,0.0,0.0,0
197,-1.6054248737502965,0.016178763066051795,-1.72020730082097,0.9767644117667437,0.6559737935346208,-0.9601671253040678,0.0,1.0,0.0,0.0,0.0,1
198,-1.6047837296313867,-0.720961673847557,-1.1414999128148844,-1.023788323932921,1.3586356504869515,-1.4899231450710264,1.0,0.0,0.0,0.0,0.0,0
199,-1.604142585512477,0.8504638842579744,-1.6164066228309564,-1.023788323932921,-0.7493499203700406,0.9822716138414473,0.0,0.0,0.0,1.0,0.0,0
200,-1.603501441393567,-1.6368333999543039,-0.5925104348849551,-1.023788323932921,-0.04668806341770988,-0.5481346654853221,0.0,0.0,0.0,0.0,1.0,0
201,-1.602860297274657,0.32623635282143276,1.4023033327881833,0.9767644117667437,-0.04668806341770988,-0.9013053453299612,0.0,0.0,1.0,0.0,0.0,1
202,-1.6022191531557473,1.574488887885674,-1.3876093284889943,-1.023788323932921,-0.04668806341770988,1.512027633608406,0.0,1.0,0.0,0.0,0.0,0
203,-1.6015780090368374,-1.1102170940447758,0.36445761341185584,0.9767644117667437,-1.4520117773223713,0.3347920341262756,0.0,1.0,0.0,0.0,0.0,0
204,-1.6009368649179276,-0.06988460947864365,-0.16830386748689144,0.9767644117667437,-0.04668806341770988,0.15820669420395606,0.0,0.0,0.0,1.0,0.0,1
205,-1.6002957207990176,-1.4006702407870628,1.5064339960244981,0.9767644117667437,1.3586356504869515,-0.7835817853817482,0.0,0.0,1.0,0.0,0.0,0
206,-1.5996545766801078,0.4692245656261044,-1.2996822389499634,0.9767644117667437,-1.4520117773223713,1.5708894135825124,1.0,0.0,0.0,0.0,0.0,1
207,-1.599013432561198,0.2062008527963485,-0.9918544003260665,0.9767644117667437,-1.4520117773223713,-0.6069964454594287,0.0,0.0,1.0,0.0,0.0,1
208,-1.5983722884422882,-0.29487669772036734,-1.619438418449549,-1.023788323932921,-0.04668806341770988,-1.7253702649674525,0.0,0.0,0.0,1.0,0.0,0
209,-1.5977311443233781,0.1041603597895889,-0.2286965288574888,-1.023788323932921,-1.4520117773223713,-0.8424435653558547,0.0,0.0,0.0,1.0,0.0,1
210,-1.5970900002044683,1.4173416147349576,-0.7655454021968998,0.9767644117667437,-0.7493499203700406,0.8645480538932343,0.0,0.0,1.0,0.0,0.0,1
211,-1.5964488560855585,-1.033620081819312,1.2706426582424672,0.9767644117667437,-0.7493499203700406,-0.7247200054076417,0.0,0.0,0.0,1.0,0.0,0
212,-1.5958077119666487,-1.6416694988573302,0.3594057264650286,0.9767644117667437,-0.04668806341770988,-1.1956142452004939,0.0,0.0,1.0,0.0,0.0,0
213,-1.5951665678477387,1.2951583811299807,0.39087307340811783,0.9767644117667437,1.3586356504869515,-0.4304111055371091,0.0,0.0,0.0,0.0,1.0,1
214,-1.5945254237288289,0.29924901687225036,0.10824912537877523,-1.023788323932921,-1.4520117773223713,-0.7247200054076417,0.0,0.0,1.0,0.0,0.0,0
215,-1.593884279609919,1.396635069374806,-1.4051547931374624,0.9767644117667437,0.6559737935346208,1.0999951737896603,0.0,0.0,1.0,0.0,0.0,1
216,-1.5932431354910093,0.36864695691077176,-0.19057968370081796,0.9767644117667437,-0.04668806341770988,1.629751193556619,0.0,0.0,0.0,1.0,0.0,1
217,-1.5926019913720992,1.1148965373935156,1.716345201746055,-1.023788323932921,-1.4520117773223713,-1.2544760251746003,0.0,0.0,0.0,1.0,0.0,0
218,-1.5919608472531894,-0.21679988349886736,1.1513868190986492,-1.023788323932921,-0.04668806341770988,0.9234098338673408,0.0,1.0,0.0,0.0,0.0,0
219,-1.5913197031342796,0.9038441654943521,1.3516437839706876,-1.023788323932921,-0.04668806341770988,1.3354422936860864,0.0,1.0,0.0,0.0,0.0,0
220,-1.5906785590153698,1.474974984497635,1.1101077460852338,-1.023788323932921,1.3586356504869515,-0.018378645718363482,0.0,0.0,0.0,0.0,1.0,0
221,-1.5900374148964598,0.2817697409650488,-1.366666794939494,0.9767644117667437,0.6559737935346208,-1.0190289052781742,0.0,1.0,0.0,0.0,0.0,1
222,-1.58939627077755,-1.0879016799647088,-0.9388223590053122,0.9767644117667437,-1.4520117773223713,1.27658051371198,0.0,0.0,1.0,0.0,0.0,1
223,-1.5887551266586402,-0.7798605114054782,-1.710300071368927,0.9767644117667437,-0.04668806341770988,1.27658051371198,0.0,0.0,0.0,1.0,0.0,0
224,-1.5881139825397304,-1.0253941863806546,-0.677239303831821,0.9767644117667437,-0.04668806341770988,0.040483134255743035,0.0,1.0,0.0,0.0,0.0,1
225,-1.5874728384208203,-0.8566519549022104,-1.3475258623439914,0.9767644117667437,-1.4520117773223713,0.9234098338673408,0.0,1.0,0.0,0.0,0.0,1
226,-1.5868316943019105,-0.6481991414742273,-0.09506032881469174,0.9767644117667437,-0.04668806341770988,0.7468244939450213,0.0,0.0,0.0,0.0,1.0,0
227,-1.5861905501830007,0.22230809586693448,0.6076616645033655,0.9767644117667437,-0.04668806341770988,-1.0190289052781742,0.0,0.0,0.0,0.0,1.0,1
228,-1.585549406064091,0.3373096280490401,1.2864602410603976,0.9767644117667437,-0.04668806341770988,0.09934491422984955,0.0,0.0,1.0,0.0,0.0,1
229,-1.5849082619451809,-0.22790745129629814,0.8555840154545895,0.9767644117667437,-0.7493499203700406,-0.7835817853817482,0.0,0.0,0.0,1.0,0.0,1
230,-1.584267117826271,0.4333108885483117,1.5068376872746674,-1.023788323932921,-0.7493499203700406,-1.6076467050192393,0.0,0.0,0.0,0.0,1.0,0
231,-1.5836259737073612,-1.435134697602896,-1.535675016412816,0.9767644117667437,0.6559737935346208,-1.7253702649674525,0.0,1.0,0.0,0.0,0.0,1
232,-1.5829848295884514,-1.4133882809985443,-1.6791482283306616,-1.023788323932921,1.3586356504869515,1.3354422936860864,0.0,0.0,0.0,1.0,0.0,0
233,-1.5823436854695416,-1.119246345661753,0.5533607008404908,-1.023788323932921,-1.4520117773223713,-1.4899231450710264,0.0,0.0,0.0,1.0,0.0,0
234,-1.5817025413506316,0.09261211988677803,-0.7259288537252954,-1.023788323932921,1.3586356504869515,0.09934491422984955,0.0,1.0,0.0,0.0,0.0,0
235,-1.5810613972317218,-0.9716692586122276,-0.8492247588212118,-1.023788323932921,1.3586356504869515,-0.31268754558889605,0.0,0.0,0.0,0.0,1.0,0
236,-1.580420253112812,-0.729157156220448,-0.5830876678265172,0.9767644117667437,-0.7493499203700406,0.8645480538932343,0.0,1.0,0.0,0.0,0.0,0
237,-1.5797791089939022,-0.31956090896717165,-0.7931847644174693,-1.023788323932921,0.6559737935346208,1.512027633608406,0.0,0.0,0.0,1.0,0.0,0
238,-1.5791379648749921,1.1208641089707894,0.03783634923898045,-1.023788323932921,1.3586356504869515,-1.4899231450710264,1.0,0.0,0.0,0.0,0.0,0
239,-1.5784968207560823,-1.672127571183432,-0.20732882922912318,0.9767644117667437,1.3586356504869515,0.39365381410038214,1.0,0.0,0.0,0.0,0.0,0
240,-1.5778556766371725,0.5521630819837702,0.041248418086838476,-1.023788323932921,-0.04668806341770988,-0.4304111055371091,0.0,0.0,1.0,0.0,0.0,0
241,-1.5772145325182627,0.6204045254728295,0.5924819767348214,0.9767644117667437,-1.4520117773223713,-1.0778906852522807,0.0,1.0,0.0,0.0,0.0,1
242,-1.5765733883993527,1.074628274980979,-0.3896618972817682,0.9767644117667437,0.6559737935346208,0.21706847417806258,0.0,1.0,0.0,0.0,0.0,1
243,-1.5759322442804429,1.543964586801415,-0.8567677982596115,0.9767644117667437,-1.4520117773223713,-0.4304111055371091,0.0,0.0,1.0,0.0,0.0,1
244,-1.575291100161533,-1.650162750757445,-1.149458316692496,0.9767644117667437,-0.7493499203700406,-0.8424435653558547,0.0,0.0,1.0,0.0,0.0,1
245,-1.5746499560426233,-1.182405983826958,-0.5191653303528313,-1.023788323932921,1.3586356504869515,1.0999951737896603,0.0,0.0,1.0,0.0,0.0,0
246,-1.5740088119237132,1.3809301297241596,0.830098041078748,0.9767644117667437,1.3586356504869515,-1.4899231450710264,0.0,0.0,0.0,1.0,0.0,1
247,-1.5733676678048034,-0.11584249286994402,0.8813349889436397,-1.023788323932921,-1.4520117773223713,0.8056862739191277,0.0,1.0,0.0,0.0,0.0,0
248,-1.5727265236858936,0.2554068144872838,0.5725070119289737,-1.023788323932921,-0.7493499203700406,0.9822716138414473,0.0,0.0,0.0,1.0,0.0,0
249,-1.5720853795669838,0.5999320431593876,-0.9161934664616688,0.9767644117667437,-0.04668806341770988,-0.13610220566657652,0.0,0.0,1.0,0.0,0.0,1
250,-1.5714442354480738,0.6560694980849257,0.30144147746508576,-1.023788323932921,-0.04668806341770988,-1.43106136509692,0.0,1.0,0.0,0.0,0.0,0
251,-1.570803091329164,1.5404207399654508,0.24161318746480065,0.9767644117667437,1.3586356504869515,-1.0190289052781742,0.0,0.0,0.0,1.0,0.0,1
252,-1.5701619472102541,1.768650468833158,-0.05560424054050685,-1.023788323932921,1.3586356504869515,0.7468244939450213,0.0,0.0,0.0,1.0,0.0,0
253,-1.5695208030913443,0.7998863484590963,0.1703874651185343,-1.023788323932921,0.6559737935346208,-0.018378645718363482,0.0,0.0,1.0,0.0,0.0,0
254,-1.5688796589724343,-0.715378446131774,-0.029727088853810507,-1.023788323932921,-1.4520117773223713,-0.25382576561478953,0.0,1.0,0.0,0.0,0.0,0
255,-1.5682385148535245,1.3584641877570798,0.22361545204763839,-1.023788323932921,1.3586356504869515,-0.7835817853817482,0.0,0.0,1.0,0.0,0.0,0
256,-1.5675973707346147,-1.548372833110525,0.7396483786632898,0.9767644117667437,-0.7493499203700406,-1.2544760251746003,0.0,1.0,0.0,0.0,0.0,0
257,-1.5669562266157049,-0.9118681259969453,-1.3440152741596902,0.9767644117667437,-1.4520117773223713,1.5708894135825124,1.0,0.0,0.0,0.0,0.0,1
258,-1.5663150824967949,1.4201802985737748,0.856989180089984,-1.023788323932921,0.6559737935346208,-0.8424435653558547,0.0,0.0,0.0,0.0,1.0,0
259,-1.565673938377885,-0.8239815115440258,-1.253711995953542,-1.023788323932921,-0.04668806341770988,1.0999951737896603,0.0,0.0,0.0,0.0,1.0,0
260,-1.5650327942589752,-0.9483721112089756,-1.4918964992814405,-1.023788323932921,0.6559737935346208,1.27658051371198,0.0,0.0,0.0,0.0,1.0,0
261,-1.5643916501400654,-1.237209989990373,1.6357829606967982,-1.023788323932921,-1.4520117773223713,1.512027633608406,0.0,0.0,1.0,0.0,0.0,0
262,-1.5637505060211554,1.2862225077239735,1.5701380365818545,0.9767644117667437,-0.04668806341770988,-0.7247200054076417,1.0,0.0,0.0,0.0,0.0,1
263,-1.5631093619022456,0.029545286964460075,-1.5131894190752846,-1.023788323932921,-0.7493499203700406,-1.0190289052781742,0.0,1.0,0.0,0.0,0.0,0
264,-1.5624682177833358,0.6414627095502046,-0.19665049757959432,-1.023788323932921,-0.04668806341770988,-0.07724042569247,0.0,0.0,0.0,1.0,0.0,0
265,-1.561827073664426,-0.8839189897302524,-1.0805239646303868,-1.023788323932921,-0.04668806341770988,0.7468244939450213,0.0,1.0,0.0,0.0,0.0,0
266,-1.561185929545516,0.9324756511467616,-0.051894505511975685,0.9767644117667437,-0.7493499203700406,0.8645480538932343,0.0,0.0,0.0,1.0,0.0,1
267,-1.5605447854266061,0.9393535301137207,1.1340124093395894,-1.023788323932921,1.3586356504869515,-0.3715493255630026,0.0,1.0,0.0,0.0,0.0,0
268,-1.5599036413076963,-0.6265602996251659,1.5481967098957146,0.9767644117667437,1.3586356504869515,1.629751193556619,1.0,0.0,0.0,0.0,0.0,0
269,-1.5592624971887865,-0.2832669095343043,0.4602115657686786,0.9767644117667437,-0.04668806341770988,0.8645480538932343,0.0,0.0,0.0,1.0,0.0,0
270,-1.5586213530698767,-0.9867345428829812,-0.503924871911898,-1.023788323932921,-0.04668806341770988,0.8056862739191277,0.0,0.0,1.0,0.0,0.0,0
271,-1.5579802089509667,1.6972916587131903,0.3538507567371176,-1.023788323932921,0.6559737935346208,0.9234098338673408,0.0,1.0,0.0,0.0,0.0,0
272,-1.5573390648320569,0.5389463362828792,-0.6480374303502249,-1.023788323932921,1.3586356504869515,-1.0190289052781742,0.0,1.0,0.0,0.0,0.0,0
273,-1.556697920713147,1.5502328325962103,1.4079229489543381,0.9767644117667437,-0.7493499203700406,-0.31268754558889605,0.0,0.0,0.0,1.0,0.0,1
274,-1.5560567765942372,-0.6588037269138344,1.2723433850545216,0.9767644117667437,-0.04668806341770988,0.6291009339968082,0.0,0.0,1.0,0.0,0.0,0
275,-1.5554156324753272,1.0159517072531752,0.19876940169733034,-1.023788323932921,-0.04668806341770988,0.9234098338673408,0.0,0.0,1.0,0.0,0.0,0
276,-1.5547744883564174,0.9598392129397385,-0.6040253951942741,0.9767644117667437,0.6559737935346208,-1.7253702649674525,1.0,0.0,0.0,0.0,0.0,1
277,-1.5541333442375076,0.700130812429768,-0.7120443647387111,-1.023788323932921,0.6559737935346208,-1.2544760251746003,0.0,0.0,1.0,0.0,0.0,0
278,-1.5534922001185978,1.6590647954318825,-1.6061084446184328,-1.023788323932921,0.6559737935346208,-1.5487849250451329,0.0,0.0,1.0,0.0,0.0,0
279,-1.5528510559996878,-0.34321197054879377,1.0846395917406002,-1.023788323932921,-1.4520117773223713,-0.13610220566657652,0.0,0.0,1.0,0.0,0.0,0
280,-1.552209911880778,-1.2631376766059264,-0.1721306243701941,-1.023788323932921,-0.7493499203700406,-1.0778906852522807,0.0,0.0,0.0,0.0,1.0,0
281,-1.5515687677618681,0.6303175951134378,-0.6028766968349,-1.023788323932921,-1.4520117773223713,-0.3715493255630026,1.0,0.0,0.0,0.0,0.0,1
282,-1.5509276236429583,0.831919281361611,-0.10084827145659028,-1.023788323932921,-0.04668806341770988,0.9234098338673408,0.0,1.0,0.0,0.0,0.0,0
283,-1.5502864795240483,0.29205129303278665,1.0946718751453972,0.9767644117667437,0.6559737935346208,-1.2544760251746003,0.0,0.0,0.0,1.0,0.0,1
284,-1.5496453354051385,-0.9967878077323298,-1.2924771368112968,0.9767644117667437,0.6559737935346208,0.2759302541521691,0.0,1.0,0.0,0.0,0.0,1
285,-1.5490041912862287,0.044937052866591595,1.2285140835153605,0.9767644117667437,0.6559737935346208,0.45251559407448866,1.0,0.0,0.0,0.0,0.0,0
286,-1.5483630471673189,-0.6279892974139194,1.365571315072211,-1.023788323932921,1.3586356504869515,0.2759302541521691,0.0,0.0,0.0,1.0,0.0,0
287,-1.5477219030484088,-0.22452374504939893,1.5347710139625206,-1.023788323932921,-0.7493499203700406,0.15820669420395606,1.0,0.0,0.0,0.0,0.0,0
288,-1.547080758929499,0.5376023427550731,-0.35404165633612095,-1.023788323932921,-1.4520117773223713,1.629751193556619,0.0,0.0,1.0,0.0,0.0,0
289,-1.5464396148105892,0.8875861350848651,-0.9742719065057179,0.9767644117667437,-0.7493499203700406,1.3943040736601928,0.0,0.0,0.0,1.0,0.0,1
290,-1.5457984706916794,-0.9078647248359514,-0.43605405695083144,-1.023788323932921,0.6559737935346208,1.3354422936860864,0.0,0.0,1.0,0.0,0.0,0
291,-1.5451573265727694,-0.3020172132449054,-0.5761234962336269,0.9767644117667437,-0.04668806341770988,0.2759302541521691,0.0,1.0,0.0,0.0,0.0,1
292,-1.5445161824538596,-0.7785866757011695,-1.1152278356970116,-1.023788323932921,1.3586356504869515,0.9234098338673408,0.0,1.0,0.0,0.0,0.0,0
293,-1.5438750383349498,-1.0254395566431387,0.3674045404340945,0.9767644117667437,-0.7493499203700406,-0.6069964454594287,0.0,0.0,0.0,1.0,0.0,0
294,-1.54323389421604,1.021188739976512,-0.08188583895598618,-1.023788323932921,-0.04668806341770988,-1.666508484993346,0.0,0.0,0.0,1.0,0.0,0
295,-1.54259275009713,1.4617143866852431,1.2561815169376074,-1.023788323932921,0.6559737935346208,0.8056862739191277,1.0,0.0,0.0,0.0,0.0,0
296,-1.5419516059782201,-0.4248423459034363,-1.610608189184605,0.9767644117667437,0.6559737935346208,-0.25382576561478953,1.0,0.0,0.0,0.0,0.0,1
297,-1.5413104618593103,0.9088106016790141,0.49327928747277255,0.9767644117667437,0.6559737935346208,0.6879627139709147,0.0,0.0,1.0,0.0,0.0,0
298,-1.5406693177404005,1.4188138111259443,0.9028085119195802,0.9767644117667437,0.6559737935346208,-1.0190289052781742,0.0,0.0,0.0,1.0,0.0,1
299,-1.5400281736214905,1.2407664553939703,0.890901344227697,-1.023788323932921,1.3586356504869515,-0.018378645718363482,0.0,1.0,0.0,0.0,0.0,0
300,-1.5393870295025807,-1.0808029036688533,1.3262458596460223,0.9767644117667437,1.3586356504869515,1.27658051371198,1.0,0.0,0.0,0.0,0.0,0
301,-1.5387458853836709,1.6263502282412898,0.7861715594823555,0.9767644117667437,-0.7493499203700406,0.09934491422984955,1.0,0.0,0.0,0.0,0.0,1
302,-1.538104741264761,-0.40228763420309727,1.4697797355187663,-1.023788323932921,0.6559737935346208,0.3347920341262756,0.0,1.0,0.0,0.0,0.0,0
303,-1.537463597145851,-0.5333118164886077,-0.5770021694891347,-1.023788323932921,1.3586356504869515,-0.6658582254335351,1.0,0.0,0.0,0.0,0.0,0
304,-1.5368224530269412,-1.5021367573311797,0.009543052763760052,0.9767644117667437,-0.04668806341770988,-0.4892728855112156,0.0,0.0,1.0,0.0,0.0,0
305,-1.5361813089080314,-0.019050443215343188,-1.6726145634040768,-1.023788323932921,1.3586356504869515,-1.7253702649674525,0.0,0.0,0.0,1.0,0.0,0
306,-1.5355401647891216,-1.3391000485159867,-1.6971079708630386,0.9767644117667437,1.3586356504869515,1.5708894135825124,0.0,1.0,0.0,0.0,0.0,0
307,-1.5348990206702118,-0.8507622252204792,-0.8952204099790101,0.9767644117667437,-0.7493499203700406,-1.1367524652263874,0.0,0.0,0.0,1.0,0.0,1
308,-1.5342578765513017,-0.6113543319085285,-1.3743514122195897,0.9767644117667437,1.3586356504869515,-0.25382576561478953,1.0,0.0,0.0,0.0,0.0,1
309,-1.533616732432392,1.1102248920186442,-0.8261473047143623,-1.023788323932921,-0.04668806341770988,1.0411333938155538,1.0,0.0,0.0,0.0,0.0,0
310,-1.5329755883134821,1.343541175145332,-1.1121691774630134,0.9767644117667437,0.6559737935346208,-0.6658582254335351,0.0,1.0,0.0,0.0,0.0,1
311,-1.5323344441945723,-0.6620209928382628,-1.622952967479936,0.9767644117667437,-1.4520117773223713,-0.6658582254335351,0.0,0.0,1.0,0.0,0.0,1
312,-1.5316933000756623,1.2847747918634227,1.406136364721681,-1.023788323932921,-0.7493499203700406,-1.0778906852522807,0.0,0.0,0.0,0.0,1.0,0
313,-1.5310521559567525,1.2796396892616242,-1.6927556602397487,0.9767644117667437,-0.04668806341770988,-1.6076467050192393,0.0,1.0,0.0,0.0,0.0,1
314,-1.5304110118378427,0.9556123194058463,0.8104115943477945,0.9767644117667437,-0.7493499203700406,1.4531658536342995,0.0,0.0,0.0,0.0,1.0,0
315,-1.5297698677189329,-1.2072158561751187,-1.1977865401769043,0.9767644117667437,0.6559737935346208,1.512027633608406,0.0,0.0,0.0,0.0,1.0,0
316,-1.5291287236000228,0.6954660322578574,1.4161973168835686,-1.023788323932921,1.3586356504869515,-0.7247200054076417,0.0,0.0,1.0,0.0,0.0,0
317,-1.528487579481113,1.5869131835445358,1.3493632781773492,0.9767644117667437,1.3586356504869515,1.0999951737896603,0.0,0.0,0.0,0.0,1.0,0
318,-1.5278464353622032,0.668227961053748,0.5277843555517084,-1.023788323932921,-0.04668806341770988,-1.4899231450710264,0.0,0.0,0.0,0.0,1.0,0
319,-1.5272052912432934,-0.5599949458826953,0.590833068353534,-1.023788323932921,0.6559737935346208,1.0411333938155538,0.0,0.0,1.0,0.0,0.0,0
320,-1.5265641471243834,0.03136897625698095,-1.7026739380219869,0.9767644117667437,-1.4520117773223713,-0.3715493255630026,0.0,0.0,0.0,0.0,1.0,1
321,-1.5259230030054736,0.539374964888187,1.6660189617090215,0.9767644117667437,-1.4520117773223713,-0.9601671253040678,0.0,0.0,0.0,0.0,1.0,1
322,-1.5252818588865638,0.0663375168736599,1.2979031299020676,-1.023788323932921,1.3586356504869515,1.2177187337378734,0.0,0.0,0.0,0.0,1.0,0
323,-1.524640714767654,-1.3008127125982556,1.3573085430047607,0.9767644117667437,0.6559737935346208,0.45251559407448866,0.0,1.0,0.0,0.0,0.0,0
324,-1.523999570648744,-0.6284292156148099,0.5461607173810534,0.9767644117667437,0.6559737935346208,-1.6076467050192393,0.0,1.0,0.0,0.0,0.0,0
325,-1.523358426529834,1.0877190462524475,-0.5352849668666527,-1.023788323932921,-0.04668806341770988,-1.43106136509692,0.0,1.0,0.0,0.0,0.0,0
326,-1.5227172824109243,1.294294452908527,1.3522958165695294,0.9767644117667437,-1.4520117773223713,-1.0778906852522807,0.0,0.0,1.0,0.0,0.0,1
327,-1.5220761382920145,-1.240098378437627,-0.7184848978144391,0.9767644117667437,-0.04668806341770988,1.27658051371198,1.0,0.0,0.0,0.0,0.0,0
328,-1.5214349941731045,1.6126823853610666,0.21417577999587226,-1.023788323932921,-0.7493499203700406,-1.1367524652263874,0.0,0.0,0.0,0.0,1.0,0
329,-1.5207938500541947,-0.5697746772823427,-1.3780526381685754,0.9767644117667437,0.6559737935346208,0.5113773740485952,0.0,0.0,0.0,0.0,1.0,1
330,-1.5201527059352848,0.5974349356039715,1.4496458620601151,-1.023788323932921,-1.4520117773223713,1.6886129735307256,0.0,0.0,1.0,0.0,0.0,0
331,-1.519511561816375,0.9107223619701341,-1.2369144586044936,-1.023788323932921,-0.04668806341770988,-0.25382576561478953,0.0,0.0,0.0,0.0,1.0,0
332,-1.518870417697465,1.121144493930572,-0.9475970005345193,0.9767644117667437,1.3586356504869515,-1.7253702649674525,0.0,1.0,0.0,0.0,0.0,1
333,-1.5182292735785552,1.5894528950453928,0.19843377422901767,-1.023788323932921,-0.7493499203700406,-0.8424435653558547,1.0,0.0,0.0,0.0,0.0,0
334,-1.5175881294596454,-0.625434977679423,0.9067432409362042,0.9767644117667437,-0.04668806341770988,1.0411333938155538,0.0,0.0,0.0,1.0,0.0,0
335,-1.5169469853407356,1.284103963788688,0.4089646010601038,0.9767644117667437,1.3586356504869515,1.0999951737896603,0.0,0.0,0.0,0.0,1.0,0
336,-1.5163058412218255,-1.259744174211489,-0.9227079916568771,-1.023788323932921,-1.4520117773223713,0.9822716138414473,0.0,1.0,0.0,0.0,0.0,0
337,-1.5156646971029157,0.7469788294531019,-1.7177924870484649,-1.023788323932921,-1.4520117773223713,1.3354422936860864,0.0,0.0,0.0,1.0,0.0,0
338,-1.515023552984006,0.876256679334848,0.8828676855525311,-1.023788323932921,-0.7493499203700406,-1.2544760251746003,1.0,0.0,0.0,0.0,0.0,0
339,-1.5143824088650961,0.6513677640580112,1.6671736673807749,-1.023788323932921,1.3586356504869515,-1.4899231450710264,0.0,0.0,0.0,1.0,0.0,0
340,-1.513741264746186,-0.837550127379208,1.0643224179168735,-1.023788323932921,0.6559737935346208,1.27658051371198,0.0,1.0,0.0,0.0,0.0,0
341,-1.5131001206272763,1.3349819815849733,-0.13834712292072798,-1.023788323932921,-1.4520117773223713,-1.3133378051487068,0.0,0.0,0.0,1.0,0.0,1
342,-1.5124589765083665,-1.1296447521746988,1.3870945599281161,0.9767644117667437,0.6559737935346208,-0.5481346654853221,0.0,0.0,1.0,0.0,0.0,0
343,-1.5118178323894567,-1.5329243869042,-0.31153569371930323,0.9767644117667437,0.6559737935346208,0.15820669420395606,0.0,0.0,0.0,1.0,0.0,1
344,-1.5111766882705466,0.7904627775092367,0.08425597836499654,-1.023788323932921,-0.04668806341770988,0.5113773740485952,0.0,0.0,0.0,0.0,1.0,0
345,-1.5105355441516368,-0.056492930609353995,-0.08014701511667986,0.9767644117667437,-0.04668806341770988,0.7468244939450213,0.0,0.0,0.0,0.0,1.0,1
346,-1.509894400032727,1.2511747053725342,-0.18162022379026155,-1.023788323932921,-1.4520117773223713,-0.6069964454594287,0.0,0.0,1.0,0.0,0.0,1
347,-1.5092532559138172,-0.37876536962671803,0.9449093852968025,-1.023788323932921,0.6559737935346208,1.629751193556619,0.0,1.0,0.0,0.0,0.0,0
348,-1.5086121117949074,-1.1316742980054948,0.090566086277385,0.9767644117667437,-0.04668806341770988,1.3354422936860864,0.0,0.0,0.0,0.0,1.0,0
349,-1.5079709676759974,1.2068796624793607,-0.6318193499644417,0.9767644117667437,1.3586356504869515,0.8645480538932343,1.0,0.0,0.0,0.0,0.0,1
350,-1.5073298235570876,0.20052372673318,-0.833208430028134,-1.023788323932921,1.3586356504869515,-0.4892728855112156,0.0,0.0,0.0,0.0,1.0,0
351,-1.5066886794381777,-1.0584646683699477,-1.5912195478280555,-1.023788323932921,1.3586356504869515,-1.0190289052781742,0.0,0.0,0.0,0.0,1.0,0
352,-1.506047535319268,0.8006792239290258,0.28462063576432084,-1.023788323932921,1.3586356504869515,0.5113773740485952,0.0,1.0,0.0,0.0,0.0,0
353,-1.505406391200358,0.06823880587159308,-0.9301793896246395,0.9767644117667437,0.6559737935346208,-1.1367524652263874,0.0,0.0,0.0,1.0,0.0,1
354,-1.504765247081448,0.394433907117204,-1.2115908969655762,-1.023788323932921,1.3586356504869515,-0.7247200054076417,0.0,0.0,0.0,0.0,1.0,0
355,-1.5041241029625383,-0.1075133432385921,0.5275395529127208,-1.023788323932921,0.6559737935346208,-0.018378645718363482,0.0,0.0,1.0,0.0,0.0,0
356,-1.5034829588436285,1.1798136480888268,0.6216992060323312,0.9767644117667437,-1.4520117773223713,0.15820669420395606,0.0,0.0,0.0,1.0,0.0,1
357,-1.5028418147247184,1.1828016857825145,0.8656871017885477,0.9767644117667437,-1.4520117773223713,0.8056862739191277,1.0,0.0,0.0,0.0,0.0,1
358,-1.5022006706058086,0.7621964122184351,0.010806845411326461,0.9767644117667437,1.3586356504869515,-1.6076467050192393,0.0,1.0,0.0,0.0,0.0,1
359,-1.5015595264868988,-1.3517427815273622,1.3536919331687607,-1.023788323932921,1.3586356504869515,1.629751193556619,1.0,0.0,0.0,0.0,0.0,0
360,-1.500918382367989,1.2153204381715457,1.499124367107385,-1.023788323932921,1.3586356504869515,-1.7253702649674525,0.0,0.0,0.0,1.0,0.0,0
361,-1.500277238249079,0.6278820390515257,1.0555796491887364,0.9767644117667437,-1.4520117773223713,0.3347920341262756,0.0,0.0,0.0,1.0,0.0,1
362,-1.4996360941301692,0.718920462037028,0.4648227859051541,-1.023788323932921,-0.04668806341770988,-1.43106136509692,0.0,0.0,0.0,1.0,0.0,0
363,-1.4989949500112594,-0.4502148520031177,-0.6765142464766005,-1.023788323932921,-1.4520117773223713,0.39365381410038214,1.0,0.0,0.0,0.0,0.0,0
364,-1.4983538058923496,1.3568092394770297,1.659393072187467,0.9767644117667437,1.3586356504869515,-0.07724042569247,0.0,0.0,0.0,1.0,0.0,1
365,-1.4977126617734395,0.8181356904576557,-0.7782587701153307,0.9767644117667437,-0.04668806341770988,-1.1367524652263874,1.0,0.0,0.0,0.0,0.0,1
366,-1.4970715176545297,-1.3265811702633912,-1.0240817973611058,-1.023788323932921,-0.04668806341770988,1.27658051371198,0.0,0.0,0.0,1.0,0.0,0
367,-1.49643037353562,-0.29343292355991824,-0.20043117628612914,0.9767644117667437,-0.7493499203700406,1.4531658536342995,0.0,0.0,1.0,0.0,0.0,1
368,-1.49578922941671,1.3816618615520502,-1.5255562714136928,0.9767644117667437,0.6559737935346208,-1.0190289052781742,0.0,0.0,0.0,1.0,0.0,1
369,-1.4951480852978,-1.5554575215516286,1.64408758320803,-1.023788323932921,1.3586356504869515,-1.1367524652263874,1.0,0.0,0.0,0.0,0.0,0
370,-1.4945069411788903,1.6442866686223943,0.30263590716894606,-1.023788323932921,0.6559737935346208,1.6886129735307256,0.0,0.0,0.0,0.0,1.0,0
371,-1.4938657970599805,0.6564053687896052,0.19436855004013895,-1.023788323932921,-0.7493499203700406,0.45251559407448866,0.0,0.0,0.0,1.0,0.0,0
372,-1.4932246529410707,0.4891536354997547,0.534301876269505,-1.023788323932921,0.6559737935346208,1.2177187337378734,0.0,0.0,0.0,0.0,1.0,0
373,-1.4925835088221606,-0.7736948154836303,-0.011730317580703286,-1.023788323932921,1.3586356504869515,-0.31268754558889605,0.0,0.0,1.0,0.0,0.0,0
374,-1.4919423647032508,-0.8498803449136337,-1.6107666049783451,-1.023788323932921,-0.7493499203700406,-0.9013053453299612,0.0,1.0,0.0,0.0,0.0,0
375,-1.491301220584341,1.576532808521278,0.384753400878877,0.9767644117667437,0.6559737935346208,1.3354422936860864,0.0,0.0,1.0,0.0,0.0,0
376,-1.4906600764654312,-0.6766993970522694,0.7419454187336783,0.9767644117667437,-1.4520117773223713,-1.0190289052781742,0.0,0.0,0.0,1.0,0.0,1
377,-1.4900189323465212,0.9936022285502876,-0.28780125214727154,0.9767644117667437,-0.04668806341770988,0.6879627139709147,0.0,0.0,0.0,0.0,1.0,1
378,-1.4893777882276114,-0.34472934109287556,0.8833663242019903,-1.023788323932921,-0.7493499203700406,0.15820669420395606,0.0,0.0,0.0,0.0,1.0,0
379,-1.4887366441087015,-1.233259299747298,-0.9403594732203624,-1.023788323932921,-1.4520117773223713,-1.0190289052781742,1.0,0.0,0.0,0.0,0.0,0
380,-1.4880954999897917,-1.683141417093182,-0.9600472177343525,-1.023788323932921,1.3586356504869515,0.45251559407448866,0.0,0.0,0.0,0.0,1.0,0
381,-1.4874543558708817,0.18424082542622228,-1.165909337161868,-1.023788323932921,-0.04668806341770988,1.3354422936860864,1.0,0.0,0.0,0.0,0.0,0
382,-1.486813211751972,1.6945539638414049,-0.44171498867997205,-1.023788323932921,-0.7493499203700406,1.629751193556619,0.0,1.0,0.0,0.0,0.0,0
383,-1.486172067633062,-0.4286782868700085,1.191908650641153,0.9767644117667437,-0.04668806341770988,-0.3715493255630026,0.0,0.0,0.0,1.0,0.0,1
384,-1.4855309235141523,-0.4704814627851964,1.1262222653283462,-1.023788323932921,-0.7493499203700406,-0.6069964454594287,1.0,0.0,0.0,0.0,0.0,0
385,-1.4848897793952425,-0.516333603550028,-0.40447162207595755,0.9767644117667437,-0.7493499203700406,0.8056862739191277,0.0,1.0,0.0,0.0,0.0,1
386,-1.4842486352763324,0.10124423845882463,0.30499229627333996,-1.023788323932921,0.6559737935346208,-0.7835817853817482,0.0,0.0,0.0,0.0,1.0,0
387,-1.4836074911574226,-0.17832987011138984,0.7579111516261029,0.9767644117667437,-0.04668806341770988,1.6886129735307256,0.0,0.0,0.0,0.0,1.0,0
388,-1.4829663470385128,1.3590319687425452,-0.8915056705632315,0.9767644117667437,-0.04668806341770988,1.1588569537637667,0.0,1.0,0.0,0.0,0.0,1
389,-1.482325202919603,0.048663998328231386,-1.1427846081286306,0.9767644117667437,-1.4520117773223713,-0.3715493255630026,0.0,0.0,0.0,0.0,1.0,1
390,-1.481684058800693,0.056493598503511766,1.6220827114514682,0.9767644117667437,1.3586356504869515,-0.25382576561478953,0.0,1.0,0.0,0.0,0.0,1
391,-1.4810429146817832,-1.236347941335387,0.4027949119190636,0.9767644117667437,-1.4520117773223713,0.5702391540227016,1.0,0.0,0.0,0.0,0.0,0
392,-1.4804017705628734,1.7189162977813026,1.6541340278350065,0.9767644117667437,0.6559737935346208,0.09934491422984955,1.0,0.0,0.0,0.0,0.0,1
393,-1.4797606264439636,-0.8457465204331361,-0.5594649554007958,0.9767644117667437,-0.7493499203700406,-0.07724042569247,0.0,1.0,0.0,0.0,0.0,1
394,-1.4791194823250535,-1.4638724719083531,0.6967483867661332,-1.023788323932921,0.6559737935346208,-0.9601671253040678,1.0,0.0,0.0,0.0,0.0,0
395,-1.4784783382061437,0.6003486982181705,-0.9554833987537399,-1.023788323932921,0.6559737935346208,0.39365381410038214,1.0,0.0,0.0,0.0,0.0,0
396,-1.477837194087234,0.3631210145911811,-0.822746728375709,0.9767644117667437,-1.4520117773223713,-0.4892728855112156,1.0,0.0,0.0,0.0,0.0,1
397,-1.477196049968324,-0.2676464606915736,0.03943798147437577,-1.023788323932921,-0.7493499203700406,0.21706847417806258,0.0,0.0,1.0,0.0,0.0,0
398,-1.476554905849414,-0.24298362780591642,-0.6218425594122247,-1.023788323932921,1.3586356504869515,-0.19496398564068304,0.0,0.0,0.0,1.0,0.0,0
399,-1.4759137617305043,1.0270571468444722,-1.144571287376784,0.9767644117667437,0.6559737935346208,-0.13610220566657652,0.0,0.0,0.0,0.0,1.0,1
400,-1.4752726176115945,-1.0356558833207854,-0.8169672444614936,-1.023788323932921,1.3586356504869515,1.5708894135825124,0.0,0.0,1.0,0.0,0.0,0
401,-1.4746314734926846,1.1502190570929967,-1.5980940073887306,0.9767644117667437,-0.7493499203700406,-0.4892728855112156,1.0,0.0,0.0,0.0,0.0,1
402,-1.4739903293737746,0.5499521274237468,0.7015353197657562,-1.023788323932921,-0.7493499203700406,1.5708894135825124,0.0,1.0,0.0,0.0,0.0,0
403,-1.4733491852548648,-0.2542621481972846,-0.028605863804124318,0.9767644117667437,-1.4520117773223713,0.7468244939450213,1.0,0.0,0.0,0.0,0.0,1
404,-1.472708041135955,-0.11755728880295598,-1.3969259999038541,-1.023788323932921,-0.04668806341770988,1.629751193556619,0.0,0.0,0.0,1.0,0.0,0
405,-1.4720668970170452,-0.822386599652184,-1.1305658667406902,0.9767644117667437,-1.4520117773223713,-1.6076467050192393,1.0,0.0,0.0,0.0,0.0,1
406,-1.4714257528981352,0.9117345074878235,-1.368410943961862,-1.023788323932921,1.3586356504869515,-0.4892728855112156,0.0,1.0,0.0,0.0,0.0,0
407,-1.4707846087792253,0.07440262006135953,0.38572156946631875,-1.023788323932921,-1.4520117773223713,1.629751193556619,0.0,0.0,0.0,1.0,0.0,0
408,-1.4701434646603155,-0.5976627176801773,-1.3970384675063587,-1.023788323932921,-0.7493499203700406,1.0411333938155538,1.0,0.0,0.0,0.0,0.0,0
409,-1.4695023205414057,0.36551410511706117,0.8730035463137964,0.9767644117667437,0.6559737935346208,-0.5481346654853221,0.0,0.0,0.0,1.0,0.0,1
410,-1.4688611764224957,1.7643981239906037,-1.6504969427762402,0.9767644117667437,-0.04668806341770988,-0.8424435653558547,0.0,0.0,0.0,0.0,1.0,1
411,-1.4682200323035859,-0.19723883247189242,-0.8634117589663804,-1.023788323932921,-0.7493499203700406,-1.2544760251746003,0.0,0.0,0.0,0.0,1.0,0
412,-1.467578888184676,1.5017495395421336,1.3420405644782039,-1.023788323932921,0.6559737935346208,-1.0190289052781742,1.0,0.0,0.0,0.0,0.0,0
413,-1.4669377440657663,-0.5130953521168777,0.7500528535883809,0.9767644117667437,1.3586356504869515,-1.1956142452004939,0.0,0.0,0.0,1.0,0.0,1
414,-1.4662965999468562,-1.5290817136405879,-1.4700915652770135,-1.023788323932921,1.3586356504869515,1.0999951737896603,0.0,1.0,0.0,0.0,0.0,0
415,-1.4656554558279464,-1.0058029895004768,1.102884796514915,-1.023788323932921,1.3586356504869515,1.5708894135825124,1.0,0.0,0.0,0.0,0.0,0
416,-1.4650143117090366,-0.2552233471117605,-0.025447188695737543,0.9767644117667437,-1.4520117773223713,-0.5481346654853221,0.0,0.0,0.0,0.0,1.0,1
417,-1.4643731675901268,-0.9519285414363794,1.191121072459425,0.9767644117667437,1.3586356504869515,1.0999951737896603,0.0,0.0,0.0,0.0,1.0,0
418,-1.4637320234712168,-1.7198500324582329,0.3449580072768653,-1.023788323932921,1.3586356504869515,0.6879627139709147,1.0,0.0,0.0,0.0,0.0,0
419,-1.463090879352307,1.4818351777794254,0.6238444170584094,0.9767644117667437,-1.4520117773223713,0.5702391540227016,0.0,0.0,0.0,1.0,0.0,1
420,-1.4624497352333972,1.232909720515345,1.6956982247392967,-1.023788323932921,0.6559737935346208,-1.3721995851228133,0.0,0.0,0.0,0.0,1.0,0
421,-1.4618085911144874,0.8773574274601387,-0.9220145586923704,-1.023788323932921,-0.7493499203700406,0.9234098338673408,0.0,0.0,0.0,1.0,0.0,0
422,-1.4611674469955775,-1.1332982600679207,0.4247646709598422,0.9767644117667437,-0.04668806341770988,-0.4892728855112156,0.0,0.0,0.0,0.0,1.0,0
423,-1.4605263028766675,-1.299375503385541,-0.13795241287568333,-1.023788323932921,1.3586356504869515,-0.7247200054076417,0.0,0.0,0.0,0.0,1.0,0
424,-1.4598851587577577,-1.4840299240785055,-1.5853571640033215,0.9767644117667437,1.3586356504869515,-0.5481346654853221,0.0,0.0,1.0,0.0,0.0,1
425,-1.459244014638848,0.8134372878175005,-1.6712699570172813,0.9767644117667437,1.3586356504869515,1.2177187337378734,0.0,0.0,0.0,0.0,1.0,1
426,-1.458602870519938,1.5301572726314097,-1.3109987627653754,-1.023788323932921,-1.4520117773223713,1.1588569537637667,0.0,1.0,0.0,0.0,0.0,0
427,-1.457961726401028,-0.2137813061238179,0.5112444117229017,0.9767644117667437,-1.4520117773223713,-0.9601671253040678,1.0,0.0,0.0,0.0,0.0,1
428,-1.4573205822821182,-1.303655633994032,0.229485009399797,-1.023788323932921,-1.4520117773223713,-1.1956142452004939,1.0,0.0,0.0,0.0,0.0,0
429,-1.4566794381632084,0.07271590800928693,0.18225427674661815,0.9767644117667437,-0.04668806341770988,0.15820669420395606,0.0,0.0,0.0,1.0,0.0,1
430,-1.4560382940442986,-0.4997427222543751,-1.6114776510062785,-1.023788323932921,-0.7493499203700406,-1.2544760251746003,0.0,0.0,0.0,0.0,1.0,0
431,-1.4553971499253886,-0.40876788879173076,-0.10706392706959032,0.9767644117667437,1.3586356504869515,-0.7247200054076417,0.0,1.0,0.0,0.0,0.0,1
432,-1.4547560058064788,0.4539951787329446,1.4588185408594228,-1.023788323932921,0.6559737935346208,-1.0190289052781742,0.0,0.0,0.0,1.0,0.0,0
433,-1.454114861687569,0.7948486718013411,-0.3536844151397194,-1.023788323932921,1.3586356504869515,1.6886129735307256,0.0,0.0,1.0,0.0,0.0,0
434,-1.4534737175686592,-1.3335351515913534,0.4281242936332241,0.9767644117667437,1.3586356504869515,-0.7835817853817482,0.0,0.0,0.0,1.0,0.0,0
435,-1.4528325734497491,-1.5960798456474345,0.9608251373512067,-1.023788323932921,1.3586356504869515,-0.4304111055371091,0.0,0.0,0.0,1.0,0.0,0
436,-1.4521914293308393,1.7594836404111573,0.9749480859893734,-1.023788323932921,1.3586356504869515,-0.31268754558889605,0.0,0.0,0.0,0.0,1.0,0
437,-1.4515502852119295,-0.9061019358470371,0.06481139908245695,-1.023788323932921,-0.7493499203700406,1.3943040736601928,0.0,0.0,1.0,0.0,0.0,0
438,-1.4509091410930197,-1.5322393255118658,1.229531904631494,-1.023788323932921,0.6559737935346208,-0.8424435653558547,0.0,0.0,0.0,1.0,0.0,0
439,-1.4502679969741097,-1.05608630887136,-0.3750541037757382,-1.023788323932921,-1.4520117773223713,-0.3715493255630026,0.0,1.0,0.0,0.0,0.0,0
440,-1.4496268528551999,-1.5842932852655074,1.3352536687557648,-1.023788323932921,0.6559737935346208,0.040483134255743035,0.0,1.0,0.0,0.0,0.0,0
441,-1.44898570873629,-0.3493174670605474,-0.8948746241740828,0.9767644117667437,1.3586356504869515,-1.1367524652263874,1.0,0.0,0.0,0.0,0.0,1
442,-1.4483445646173803,1.0877391847337357,-0.7573483233210687,0.9767644117667437,0.6559737935346208,-0.4304111055371091,0.0,0.0,1.0,0.0,0.0,1
443,-1.4477034204984702,-0.5262986123855565,-1.538349474678995,0.9767644117667437,1.3586356504869515,0.6291009339968082,0.0,0.0,1.0,0.0,0.0,1
444,-1.4470622763795604,-0.16601513625011952,1.015035949527262,0.9767644117667437,0.6559737935346208,0.5113773740485952,1.0,0.0,0.0,0.0,0.0,0
445,-1.4464211322606506,0.6438901869840211,-0.2867482889440989,-1.023788323932921,-0.04668806341770988,-0.4892728855112156,0.0,0.0,0.0,1.0,0.0,0
446,-1.4457799881417408,0.06047037836747506,-0.9330847317140588,-1.023788323932921,0.6559737935346208,0.15820669420395606,0.0,0.0,1.0,0.0,0.0,0
447,-1.4451388440228308,1.2943911918772162,-0.9238897814317522,0.9767644117667437,-1.4520117773223713,0.6291009339968082,0.0,1.0,0.0,0.0,0.0,1
448,-1.444497699903921,1.3104560253222242,1.3789531503626165,-1.023788323932921,-1.4520117773223713,0.6879627139709147,0.0,1.0,0.0,0.0,0.0,0
449,-1.4438565557850112,-1.6859575023455087,1.146872368458299,0.9767644117667437,0.6559737935346208,1.0411333938155538,0.0,0.0,0.0,0.0,1.0,0
450,-1.4432154116661013,1.0024956917866312,0.1826027390156073,-1.023788323932921,0.6559737935346208,1.3354422936860864,0.0,0.0,1.0,0.0,0.0,0
451,-1.4425742675471913,-0.10808992151671626,0.3978202349629322,-1.023788323932921,-0.7493499203700406,-0.7247200054076417,0.0,0.0,0.0,1.0,0.0,0
452,-1.4419331234282815,1.740269628833776,-0.08979087964804212,0.9767644117667437,0.6559737935346208,-0.9601671253040678,1.0,0.0,0.0,0.0,0.0,1
453,-1.4412919793093717,-0.02934588489722937,-0.3740621020723039,-1.023788323932921,-1.4520117773223713,-0.13610220566657652,1.0,0.0,0.0,0.0,0.0,1
454,-1.4406508351904619,1.7334635974180357,1.4273649095064334,0.9767644117667437,-0.04668806341770988,-1.1367524652263874,0.0,0.0,0.0,1.0,0.0,1
455,-1.4400096910715519,0.9203270387305057,-1.2890432272519825,0.9767644117667437,-1.4520117773223713,-0.3715493255630026,0.0,0.0,0.0,0.0,1.0,1
456,-1.439368546952642,-0.8505345041363063,-0.2819626215950727,0.9767644117667437,-0.7493499203700406,0.3347920341262756,1.0,0.0,0.0,0.0,0.0,0
457,-1.4387274028337322,0.163722737038912,-0.5360588315222683,-1.023788323932921,0.6559737935346208,-0.6658582254335351,0.0,0.0,1.0,0.0,0.0,0
458,-1.4380862587148224,1.7518023804554597,-0.0078542222653614,-1.023788323932921,-0.04668806341770988,-1.0190289052781742,0.0,0.0,0.0,0.0,1.0,0
459,-1.4374451145959126,1.2806885272330741,-0.14720187883150557,0.9767644117667437,-1.4520117773223713,0.15820669420395606,0.0,0.0,1.0,0.0,0.0,1
460,-1.4368039704770026,-1.3798632498439085,0.06346826282018644,-1.023788323932921,-0.04668806341770988,1.3354422936860864,0.0,1.0,0.0,0.0,0.0,0
461,-1.4361628263580928,0.7516376088899448,-1.2398427705142063,0.9767644117667437,1.3586356504869515,-0.6658582254335351,0.0,0.0,0.0,0.0,1.0,1
462,-1.435521682239183,-0.5111257570154104,0.04370031248451055,0.9767644117667437,-1.4520117773223713,0.9822716138414473,1.0,0.0,0.0,0.0,0.0,1
463,-1.4348805381202732,-1.6962069382291103,-0.8873373674565835,-1.023788323932921,1.3586356504869515,1.27658051371198,0.0,0.0,0.0,0.0,1.0,0
464,-1.4342393940013631,-0.30847253242414696,-1.087104956303599,0.9767644117667437,-0.04668806341770988,0.09934491422984955,0.0,0.0,0.0,0.0,1.0,1
465,-1.4335982498824533,-0.8990107375767301,-1.498065455545395,-1.023788323932921,0.6559737935346208,-0.9013053453299612,0.0,0.0,0.0,0.0,1.0,0
466,-1.4329571057635435,1.14537492624655,0.9017894438096027,-1.023788323932921,0.6559737935346208,1.5708894135825124,0.0,0.0,0.0,0.0,1.0,0
467,-1.4323159616446337,-0.5399969463131833,-0.25102762275512236,-1.023788323932921,0.6559737935346208,-1.1367524652263874,0.0,0.0,1.0,0.0,0.0,0
468,-1.4316748175257237,1.1756651666543614,0.43404368908349317,0.9767644117667437,1.3586356504869515,-0.4304111055371091,0.0,1.0,0.0,0.0,0.0,1
469,-1.4310336734068139,-1.7185518906549204,0.7812179065636742,0.9767644117667437,0.6559737935346208,1.6886129735307256,0.0,0.0,0.0,1.0,0.0,0
470,-1.430392529287904,-0.6432862282990942,0.6151904241006456,-1.023788323932921,-0.7493499203700406,-1.4899231450710264,0.0,0.0,0.0,0.0,1.0,0
471,-1.4297513851689942,-0.8765731425095478,-0.10294485969024349,-1.023788323932921,-1.4520117773223713,1.512027633608406,1.0,0.0,0.0,0.0,0.0,0
472,-1.4291102410500842,-0.903165416734358,-0.3870206131428612,0.9767644117667437,-1.4520117773223713,-0.4892728855112156,0.0,0.0,0.0,0.0,1.0,1
473,-1.4284690969311744,-1.4819933942970258,-0.4280785108851733,-1.023788323932921,-0.04668806341770988,0.6879627139709147,1.0,0.0,0.0,0.0,0.0,0
474,-1.4278279528122646,-1.0657149374679507,0.4801449818564348,-1.023788323932921,1.3586356504869515,-0.7247200054076417,0.0,0.0,1.0,0.0,0.0,0
475,-1.4271868086933548,0.22376332522286552,-0.019397039743955614,0.9767644117667437,-1.4520117773223713,-1.3721995851228133,1.0,0.0,0.0,0.0,0.0,1
476,-1.4265456645744448,-0.7008890389918762,1.1992002368649093,0.9767644117667437,1.3586356504869515,0.15820669420395606,0.0,0.0,0.0,1.0,0.0,0
477,-1.425904520455535,-0.25977457430395473,1.28713667176728,0.9767644117667437,-0.04668806341770988,-1.6076467050192393,0.0,1.0,0.0,0.0,0.0,1
478,-1.4252633763366251,-0.40162109980764116,-1.134464462762925,-1.023788323932921,0.6559737935346208,-0.13610220566657652,1.0,0.0,0.0,0.0,0.0,0
479,-1.4246222322177153,1.3449981246380247,-1.252516909878746,0.9767644117667437,-0.04668806341770988,-1.7253702649674525,1.0,0.0,0.0,0.0,0.0,1
480,-1.4239810880988053,1.4478765630694248,0.4469651570979684,0.9767644117667437,-0.7493499203700406,1.0999951737896603,0.0,1.0,0.0,0.0,0.0,0
481,-1.4233399439798955,0.004690978840567404,-0.68509546435303,0.9767644117667437,0.6559737935346208,0.9822716138414473,0.0,0.0,0.0,1.0,0.0,1
482,-1.4226987998609857,-0.5651080508710199,-1.6571694527142133,0.9767644117667437,0.6559737935346208,0.39365381410038214,0.0,0.0,0.0,0.0,1.0,1
483,-1.4220576557420759,-1.3468451774722514,1.335079838875834,0.9767644117667437,0.6559737935346208,-0.4892728855112156,1.0,0.0,0.0,0.0,0.0,0
484,-1.4214165116231658,1.6162388014352524,-0.9407052113960147,0.9767644117667437,-0.04668806341770988,1.0411333938155538,0.0,1.0,0.0,0.0,0.0,1
485,-1.420775367504256,-1.5098520341117714,1.4748372161061354,0.9767644117667437,-0.7493499203700406,0.8056862739191277,0.0,0.0,1.0,0.0,0.0,0
486,-1.4201342233853462,-0.67887699801317,0.746280636553285,-1.023788323932921,1.3586356504869515,-0.6658582254335351,0.0,1.0,0.0,0.0,0.0,0
487,-1.4194930792664364,-0.6774212770186376,0.9017926461297268,0.9767644117667437,-0.04668806341770988,-0.9601671253040678,0.0,0.0,1.0,0.0,0.0,0
488,-1.4188519351475264,-0.5992491031601368,-1.0281929667758576,-1.023788323932921,-1.4520117773223713,-1.6076467050192393,0.0,0.0,0.0,1.0,0.0,1
489,-1.4182107910286166,-1.145645294889956,-0.9156217179162781,-1.023788323932921,-1.4520117773223713,-0.6658582254335351,0.0,0.0,0.0,0.0,1.0,0
490,-1.4175696469097068,1.020398484527459,0.07164716527470914,0.9767644117667437,-0.04668806341770988,0.15820669420395606,0.0,1.0,0.0,0.0,0.0,1
491,-1.416928502790797,-1.2919055628232137,-1.1291700823294437,-1.023788323932921,1.3586356504869515,-0.5481346654853221,1.0,0.0,0.0,0.0,0.0,0
492,-1.416287358671887,0.5015109222166007,-0.6706308734611307,0.9767644117667437,-1.4520117773223713,-1.7253702649674525,0.0,0.0,0.0,1.0,0.0,1
493,-1.4156462145529771,-1.2871870238710532,-0.6154996790591206,-1.023788323932921,1.3586356504869515,-0.25382576561478953,0.0,1.0,0.0,0.0,0.0,0
494,-1.4150050704340673,-1.47377189747924,-1.1720551649441777,0.9767644117667437,0.6559737935346208,-1.1956142452004939,1.0,0.0,0.0,0.0,0.0,1
495,-1.4143639263151575,1.4623332141202856,-1.0153949794419346,-1.023788323932921,-0.04668806341770988,0.2759302541521691,0.0,1.0,0.0,0.0,0.0,0
496,-1.4137227821962477,-1.0551992856669155,0.9908592177640235,0.9767644117667437,0.6559737935346208,-1.0190289052781742,0.0,0.0,1.0,0.0,0.0,0
497,-1.4130816380773377,1.153707953915801,-1.1460353367930112,0.9767644117667437,-1.4520117773223713,-1.43106136509692,0.0,1.0,0.0,0.0,0.0,1
498,-1.4124404939584279,0.18554818431972317,-1.623168367521242,-1.023788323932921,1.3586356504869515,0.7468244939450213,0.0,1.0,0.0,0.0,0.0,0
499,-1.411799349839518,-1.4481490148037992,0.4433679337802384,-1.023788323932921,0.6559737935346208,-1.43106136509692,0.0,1.0,0.0,0.0,0.0,0
500,-1.4111582057206082,1.6233973365313847,1.6354508593969914,0.9767644117667437,-1.4520117773223713,0.2759302541521691,0.0,0.0,0.0,1.0,0.0,1
501,-1.4105170616016982,-0.8562874699229517,-0.5819640269343467,-1.023788323932921,-0.7493499203700406,-0.8424435653558547,0.0,1.0,0.0,0.0,0.0,0
502,-1.4098759174827884,1.2880900497975132,-1.3129689258990032,0.9767644117667437,0.6559737935346208,0.6291009339968082,1.0,0.0,0.0,0.0,0.0,1
503,-1.4092347733638786,-1.1298143523722974,0.24057342827301204,-1.023788323932921,-0.7493499203700406,-1.3133378051487068,0.0,0.0,1.0,0.0,0.0,0
504,-1.4085936292449688,1.268131587757755,1.3959912935735703,0.9767644117667437,-0.7493499203700406,1.6886129735307256,0.0,0.0,1.0,0.0,0.0,0
505,-1.4079524851260588,-1.6743441840291893,0.9754175231232488,-1.023788323932921,-1.4520117773223713,-1.6076467050192393,0.0,1.0,0.0,0.0,0.0,0
506,-1.407311341007149,0.07057265053570445,0.4198477927567728,0.9767644117667437,-0.04668806341770988,-1.4899231450710264,0.0,0.0,0.0,1.0,0.0,1
507,-1.4066701968882391,0.9723828872644703,-0.6375303779156881,-1.023788323932921,1.3586356504869515,-0.5481346654853221,0.0,0.0,0.0,1.0,0.0,0
508,-1.4060290527693293,1.5511135542916057,0.14253497801397125,0.9767644117667437,-1.4520117773223713,0.040483134255743035,1.0,0.0,0.0,0.0,0.0,1
509,-1.4053879086504193,1.4615374342899285,-1.4072371436272515,-1.023788323932921,0.6559737935346208,-0.9601671253040678,0.0,1.0,0.0,0.0,0.0,0
510,-1.4047467645315095,1.148019501747306,0.6139136955302189,0.9767644117667437,1.3586356504869515,0.39365381410038214,0.0,0.0,1.0,0.0,0.0,0
511,-1.4041056204125997,1.3880002679480723,0.7726294016901881,-1.023788323932921,-0.04668806341770988,-0.6658582254335351,0.0,0.0,0.0,1.0,0.0,0
512,-1.4034644762936899,-1.0233813211473466,1.597787758581952,-1.023788323932921,-1.4520117773223713,0.39365381410038214,0.0,1.0,0.0,0.0,0.0,0
513,-1.4028233321747798,-0.7260075585760583,-0.8255076669613678,0.9767644117667437,-0.04668806341770988,1.3354422936860864,0.0,0.0,0.0,1.0,0.0,0
514,-1.40218218805587,-0.709262889906588,-1.6575625388976911,-1.023788323932921,0.6559737935346208,-0.6069964454594287,0.0,0.0,0.0,1.0,0.0,0
515,-1.4015410439369602,-0.4009664277388208,0.1553568791769132,-1.023788323932921,-1.4520117773223713,1.27658051371198,0.0,0.0,1.0,0.0,0.0,0
516,-1.4008998998180504,-0.3440332940214836,0.7096752255905202,0.9767644117667437,0.6559737935346208,-1.666508484993346,0.0,0.0,0.0,0.0,1.0,1
517,-1.4002587556991404,0.18528377384517208,0.9972408959037455,0.9767644117667437,1.3586356504869515,1.5708894135825124,1.0,0.0,0.0,0.0,0.0,0
518,-1.3996176115802306,-1.1610699515266831,-1.0547514978915615,0.9767644117667437,1.3586356504869515,-1.3721995851228133,1.0,0.0,0.0,0.0,0.0,1
519,-1.3989764674613208,0.6986993655657142,-0.8208459551247208,0.9767644117667437,-0.04668806341770988,0.15820669420395606,0.0,0.0,1.0,0.0,0.0,1
520,-1.398335323342411,-1.134166450338163,0.04180683530613444,-1.023788323932921,-0.04668806341770988,1.3354422936860864,0.0,0.0,0.0,1.0,0.0,0
521,-1.397694179223501,-0.6345736355202448,-0.584072200560422,-1.023788323932921,1.3586356504869515,1.1588569537637667,0.0,1.0,0.0,0.0,0.0,0
522,-1.3970530351045911,0.0410492451563306,1.2383343781426495,-1.023788323932921,-0.7493499203700406,0.6879627139709147,0.0,0.0,0.0,1.0,0.0,0
523,-1.3964118909856813,1.0668750709080461,-0.09173539475706627,0.9767644117667437,1.3586356504869515,-1.43106136509692,0.0,0.0,1.0,0.0,0.0,1
524,-1.3957707468667715,0.867477012402107,1.028781300795024,-1.023788323932921,-1.4520117773223713,-1.3721995851228133,1.0,0.0,0.0,0.0,0.0,0
525,-1.3951296027478615,0.5387075659198085,0.2757636176619834,-1.023788323932921,0.6559737935346208,0.8056862739191277,0.0,0.0,0.0,1.0,0.0,0
526,-1.3944884586289517,-1.1754425966358,0.9376851532393718,0.9767644117667437,1.3586356504869515,-0.7247200054076417,1.0,0.0,0.0,0.0,0.0,0
527,-1.3938473145100418,0.19399877769344764,-0.5769458142421269,-1.023788323932921,1.3586356504869515,0.7468244939450213,0.0,1.0,0.0,0.0,0.0,0
528,-1.393206170391132,-1.4145843448621493,1.1382747358344518,-1.023788323932921,0.6559737935346208,1.3943040736601928,1.0,0.0,0.0,0.0,0.0,0
529,-1.392565026272222,-0.3998840760898238,-0.7767588198898373,0.9767644117667437,0.6559737935346208,-0.07724042569247,1.0,0.0,0.0,0.0,0.0,1
530,-1.3919238821533122,-0.2733483481704477,0.1570432112294899,-1.023788323932921,-1.4520117773223713,-0.6658582254335351,0.0,0.0,0.0,0.0,1.0,0
531,-1.3912827380344024,-1.5813057332550835,-0.9850475525440736,0.9767644117667437,0.6559737935346208,-0.31268754558889605,0.0,0.0,0.0,0.0,1.0,1
532,-1.3906415939154926,-0.7616939607710391,-0.0856607097194128,0.9767644117667437,-0.04668806341770988,-1.5487849250451329,0.0,0.0,0.0,0.0,1.0,1
533,-1.3900004497965828,1.624101796311766,-0.6268048666949343,-1.023788323932921,1.3586356504869515,1.2177187337378734,1.0,0.0,0.0,0.0,0.0,0
534,-1.3893593056776727,1.6170428445884144,-0.803820564947547,-1.023788323932921,0.6559737935346208,-1.0190289052781742,0.0,0.0,1.0,0.0,0.0,0
535,-1.388718161558763,-0.48750980605106264,1.604505645711137,-1.023788323932921,-1.4520117773223713,0.09934491422984955,1.0,0.0,0.0,0.0,0.0,0
536,-1.3880770174398531,-1.569795481807151,-1.1705276199503214,0.9767644117667437,0.6559737935346208,-0.19496398564068304,0.0,0.0,1.0,0.0,0.0,1
537,-1.3874358733209433,-1.0938173720981186,0.9866428868660099,0.9767644117667437,1.3586356504869515,1.2177187337378734,0.0,0.0,1.0,0.0,0.0,0
538,-1.3867947292020333,-0.34789333256281013,1.6635888831531556,-1.023788323932921,-0.7493499203700406,0.21706847417806258,0.0,0.0,0.0,0.0,1.0,0
539,-1.3861535850831235,1.5965578234747617,-1.652592842066189,-1.023788323932921,0.6559737935346208,-0.13610220566657652,0.0,0.0,0.0,1.0,0.0,0
540,-1.3855124409642137,-1.2264518794127324,0.682977316758386,0.9767644117667437,-0.04668806341770988,-1.2544760251746003,0.0,1.0,0.0,0.0,0.0,0
541,-1.3848712968453039,0.9516394775867462,-0.8512511025598939,-1.023788323932921,1.3586356504869515,-1.3133378051487068,0.0,0.0,0.0,0.0,1.0,0
542,-1.3842301527263938,-1.3402588062050302,-1.5817947166936546,-1.023788323932921,-1.4520117773223713,-0.5481346654853221,0.0,0.0,0.0,0.0,1.0,0
543,-1.383589008607484,1.7137294668369716,-0.335465154164402,0.9767644117667437,1.3586356504869515,0.9234098338673408,0.0,0.0,0.0,1.0,0.0,1
544,-1.3829478644885742,-0.3849975667377791,1.4952555944469028,-1.023788323932921,-0.7493499203700406,-0.018378645718363482,0.0,1.0,0.0,0.0,0.0,0
545,-1.3823067203696644,0.9926545837393367,-1.680574557050761,-1.023788323932921,-1.4520117773223713,-0.07724042569247,1.0,0.0,0.0,0.0,0.0,1
546,-1.3816655762507544,-0.5215854342930949,0.30075175595487813,-1.023788323932921,-0.7493499203700406,-1.2544760251746003,1.0,0.0,0.0,0.0,0.0,0
547,-1.3810244321318446,0.47617888729633034,0.00330820872595982,-1.023788323932921,-0.7493499203700406,-1.0190289052781742,0.0,0.0,0.0,0.0,1.0,0
548,-1.3803832880129348,-1.0485937238812575,1.2826045801097214,0.9767644117667437,-0.04668806341770988,-0.7247200054076417,0.0,1.0,0.0,0.0,0.0,0
549,-1.379742143894025,-1.2095751688699212,-1.4321468547980583,0.9767644117667437,0.6559737935346208,0.45251559407448866,0.0,0.0,0.0,0.0,1.0,0
550,-1.379100999775115,1.5625536403039328,0.6227886113243235,0.9767644117667437,-0.04668806341770988,1.4531658536342995,0.0,0.0,1.0,0.0,0.0,0
551,-1.378459855656205,1.4910951944664415,0.6179177304907324,0.9767644117667437,-0.04668806341770988,-0.4892728855112156,0.0,0.0,0.0,0.0,1.0,1
552,-1.3778187115372953,1.3854718550463803,0.5799857446996806,-1.023788323932921,-0.04668806341770988,0.040483134255743035,0.0,0.0,0.0,0.0,1.0,0
553,-1.3771775674183855,0.4683549552308604,1.5197304610707498,-1.023788323932921,-1.4520117773223713,0.2759302541521691,1.0,0.0,0.0,0.0,0.0,0
554,-1.3765364232994755,1.1082715146357613,1.1096302974261134,-1.023788323932921,0.6559737935346208,0.6879627139709147,1.0,0.0,0.0,0.0,0.0,0
555,-1.3758952791805656,-1.4790173080249671,-1.5766880163790546,-1.023788323932921,0.6559737935346208,0.6879627139709147,1.0,0.0,0.0,0.0,0.0,0
556,-1.3752541350616558,-0.5488923597020744,-0.1009428609924429,0.9767644117667437,-1.4520117773223713,-1.1956142452004939,0.0,0.0,1.0,0.0,0.0,1
557,-1.374612990942746,-0.622692481005671,-0.35244226359461256,-1.023788323932921,-0.04668806341770988,-1.2544760251746003,1.0,0.0,0.0,0.0,0.0,0
558,-1.373971846823836,0.5040962213931408,-0.6544137818425281,-1.023788323932921,-0.04668806341770988,0.040483134255743035,0.0,1.0,0.0,0.0,0.0,0
559,-1.3733307027049262,-0.4748023901479063,-0.16885141746214713,0.9767644117667437,-0.7493499203700406,0.8056862739191277,0.0,0.0,0.0,1.0,0.0,1
560,-1.3726895585860164,-1.2008750700523998,-0.39976015816468025,0.9767644117667437,-0.7493499203700406,1.512027633608406,0.0,1.0,0.0,0.0,0.0,0
561,-1.3720484144671066,0.366973452260714,-0.23420370290193096,0.9767644117667437,1.3586356504869515,0.5702391540227016,0.0,1.0,0.0,0.0,0.0,1
562,-1.3714072703481965,1.1296763269859373,1.646726738404427,-1.023788323932921,-0.7493499203700406,-0.3715493255630026,1.0,0.0,0.0,0.0,0.0,0
563,-1.3707661262292867,-0.38322309716383135,-1.41621956840555,0.9767644117667437,0.6559737935346208,0.6291009339968082,0.0,0.0,0.0,1.0,0.0,1
564,-1.370124982110377,-1.2577078496361898,1.4505924341392042,-1.023788323932921,-1.4520117773223713,1.0999951737896603,0.0,0.0,0.0,1.0,0.0,0
565,-1.3694838379914671,-1.0322414603096859,-0.06946197098146002,-1.023788323932921,-0.04668806341770988,-1.3133378051487068,0.0,0.0,0.0,1.0,0.0,0
566,-1.368842693872557,-0.8894597217045841,0.4240654048367317,0.9767644117667437,1.3586356504869515,1.1588569537637667,0.0,0.0,1.0,0.0,0.0,0
567,-1.3682015497536473,-0.6710114567604519,1.1340320933349333,0.9767644117667437,-0.7493499203700406,-0.6069964454594287,1.0,0.0,0.0,0.0,0.0,0
568,-1.3675604056347375,0.5291201417287705,-0.4813735626799232,0.9767644117667437,1.3586356504869515,-0.7835817853817482,0.0,0.0,0.0,1.0,0.0,1
569,-1.3669192615158277,0.3826477591698415,-0.24077920056889102,-1.023788323932921,-1.4520117773223713,-0.13610220566657652,0.0,0.0,1.0,0.0,0.0,1
570,-1.3662781173969178,0.7156154228691298,-0.3126678150806699,-1.023788323932921,-1.4520117773223713,-1.43106136509692,0.0,0.0,0.0,0.0,1.0,1
571,-1.3656369732780078,-0.45189783413213225,-0.43230475512459055,-1.023788323932921,1.3586356504869515,0.6879627139709147,0.0,0.0,0.0,0.0,1.0,0
572,-1.364995829159098,1.163324117833811,1.4619360823047887,0.9767644117667437,1.3586356504869515,0.15820669420395606,0.0,0.0,1.0,0.0,0.0,1
573,-1.3643546850401882,-1.0063435434331098,1.1297226634662467,-1.023788323932921,1.3586356504869515,-0.13610220566657652,0.0,0.0,1.0,0.0,0.0,0
574,-1.3637135409212784,-0.07901513796289118,-1.3461757214535999,-1.023788323932921,-0.04668806341770988,1.3354422936860864,1.0,0.0,0.0,0.0,0.0,0
575,-1.3630723968023684,1.0826185053940018,-1.3491905498193215,-1.023788323932921,0.6559737935346208,1.5708894135825124,1.0,0.0,0.0,0.0,0.0,0
576,-1.3624312526834585,-1.0900944223785471,-0.24955709168923718,-1.023788323932921,-0.7493499203700406,-1.7253702649674525,0.0,0.0,0.0,0.0,1.0,0
577,-1.3617901085645487,-1.336126828882265,-1.3817448221362127,0.9767644117667437,-0.7493499203700406,0.6291009339968082,0.0,0.0,0.0,1.0,0.0,0
578,-1.361148964445639,1.3722245568758042,0.40807659325864204,-1.023788323932921,-0.7493499203700406,1.27658051371198,0.0,0.0,0.0,0.0,1.0,0
579,-1.360507820326729,-0.5204004139271383,-1.2268683842681896,0.9767644117667437,1.3586356504869515,0.2759302541521691,0.0,0.0,0.0,1.0,0.0,1
580,-1.359866676207819,0.6728816854300628,0.07544910595234208,0.9767644117667437,1.3586356504869515,-0.3715493255630026,0.0,0.0,0.0,1.0,0.0,1
581,-1.3592255320889093,-1.6319252526268535,-1.6962056941867203,-1.023788323932921,1.3586356504869515,-1.43106136509692,1.0,0.0,0.0,0.0,0.0,0
582,-1.3585843879699995,0.6945001852424201,-0.632234700391961,-1.023788323932921,-0.04668806341770988,-1.3721995851228133,0.0,1.0,0.0,0.0,0.0,0
583,-1.3579432438510894,-0.6142988941924326,0.607879135230147,0.9767644117667437,-0.04668806341770988,-1.2544760251746003,0.0,1.0,0.0,0.0,0.0,0
584,-1.3573020997321796,-1.5255532284668138,-0.0563857991640065,-1.023788323932921,-0.04668806341770988,0.39365381410038214,0.0,0.0,1.0,0.0,0.0,0
585,-1.3566609556132698,0.4136829811550203,1.643313862972762,0.9767644117667437,-0.04668806341770988,-0.8424435653558547,1.0,0.0,0.0,0.0,0.0,1
586,-1.35601981149436,-0.8778380262413135,1.2850794529390068,-1.023788323932921,-1.4520117773223713,0.21706847417806258,0.0,0.0,0.0,1.0,0.0,0
587,-1.35537866737545,-0.36683011135015725,-0.48616162577153793,-1.023788323932921,-0.04668806341770988,0.2759302541521691,0.0,1.0,0.0,0.0,0.0,0
588,-1.3547375232565402,-1.4386140664868317,-1.5646037156245751,0.9767644117667437,-0.04668806341770988,0.2759302541521691,0.0,0.0,0.0,1.0,0.0,1
589,-1.3540963791376304,-1.2055773894651103,1.1871429925949393,-1.023788323932921,-0.04668806341770988,-0.6069964454594287,0.0,1.0,0.0,0.0,0.0,0
590,-1.3534552350187206,-0.6777326543945098,1.4127743578028953,0.9767644117667437,-0.7493499203700406,1.629751193556619,0.0,1.0,0.0,0.0,0.0,0
591,-1.3528140908998105,-1.4064889137740826,1.1011696879732031,0.9767644117667437,-0.7493499203700406,-0.4304111055371091,0.0,1.0,0.0,0.0,0.0,0
592,-1.3521729467809007,1.4672218386279021,-1.2810052748182619,-1.023788323932921,-0.7493499203700406,0.6879627139709147,1.0,0.0,0.0,0.0,0.0,0
593,-1.351531802661991,-1.6994801775575408,1.7108768702701815,0.9767644117667437,0.6559737935346208,1.3943040736601928,0.0,0.0,0.0,0.0,1.0,0
594,-1.350890658543081,-0.027147401972273746,-0.8317431955006807,-1.023788323932921,-1.4520117773223713,0.2759302541521691,0.0,0.0,0.0,1.0,0.0,1
595,-1.350249514424171,-1.289281997167013,0.7695648142585974,-1.023788323932921,1.3586356504869515,0.9822716138414473,1.0,0.0,0.0,0.0,0.0,0
596,-1.3496083703052613,-0.6437764363075666,1.4017712401292088,-1.023788323932921,-0.04668806341770988,0.9234098338673408,1.0,0.0,0.0,0.0,0.0,0
597,-1.3489672261863515,1.5205379463159148,-0.9104882381579061,0.9767644117667437,-0.7493499203700406,-0.4304111055371091,1.0,0.0,0.0,0.0,0.0,1
598,-1.3483260820674416,-1.1547182375144684,1.4025404884172061,-1.023788323932921,-1.4520117773223713,-1.5487849250451329,1.0,0.0,0.0,0.0,0.0,0
599,-1.3476849379485316,1.659741495614572,-0.6567029792936077,-1.023788323932921,-0.04668806341770988,-1.1956142452004939,1.0,0.0,0.0,0.0,0.0,0
600,-1.3470437938296218,-1.0003700856623432,1.6369300191044842,0.9767644117667437,0.6559737935346208,0.7468244939450213,0.0,0.0,1.0,0.0,0.0,0
601,-1.346402649710712,0.8748160171611852,-0.7537592506880673,0.9767644117667437,1.3586356504869515,-1.1367524652263874,0.0,0.0,0.0,1.0,0.0,1
602,-1.3457615055918022,0.1927105054553688,1.5579088511167114,0.9767644117667437,-0.04668806341770988,0.5702391540227016,1.0,0.0,0.0,0.0,0.0,0
603,-1.3451203614728922,1.375006194368876,-1.5368912118618925,0.9767644117667437,1.3586356504869515,1.4531658536342995,0.0,0.0,0.0,1.0,0.0,1
604,-1.3444792173539823,0.2183162683323867,0.7182093340336246,-1.023788323932921,-0.04668806341770988,1.4531658536342995,0.0,0.0,1.0,0.0,0.0,0
605,-1.3438380732350725,0.15029768366604532,0.10893844462219365,-1.023788323932921,0.6559737935346208,-1.2544760251746003,0.0,0.0,1.0,0.0,0.0,0
606,-1.3431969291161627,-1.0365471152712813,-0.0775769552499994,-1.023788323932921,-1.4520117773223713,0.5702391540227016,0.0,0.0,0.0,1.0,0.0,0
607,-1.342555784997253,-1.1388465333926336,-0.9524202845380451,-1.023788323932921,1.3586356504869515,-1.0778906852522807,0.0,1.0,0.0,0.0,0.0,0
608,-1.341914640878343,1.4870417830370999,0.7055665033476576,0.9767644117667437,1.3586356504869515,-0.7835817853817482,0.0,0.0,0.0,0.0,1.0,1
609,-1.341273496759433,-0.5732201162949488,-1.064826089403227,0.9767644117667437,-1.4520117773223713,0.09934491422984955,0.0,1.0,0.0,0.0,0.0,1
610,-1.3406323526405233,-0.4183671550784215,0.18023290375654116,-1.023788323932921,1.3586356504869515,-0.4304111055371091,0.0,1.0,0.0,0.0,0.0,0
611,-1.3399912085216135,0.9387169323235321,-0.8501039708262377,0.9767644117667437,-0.7493499203700406,-0.9013053453299612,0.0,1.0,0.0,0.0,0.0,1
612,-1.3393500644027034,-0.534771930470668,1.565425155333124,0.9767644117667437,-1.4520117773223713,1.2177187337378734,1.0,0.0,0.0,0.0,0.0,1
613,-1.3387089202837936,1.6115473242558103,-1.6225706481185256,0.9767644117667437,0.6559737935346208,-0.13610220566657652,0.0,0.0,1.0,0.0,0.0,1
614,-1.3380677761648838,0.8620819305960182,-1.034153638640806,0.9767644117667437,-0.04668806341770988,1.27658051371198,0.0,1.0,0.0,0.0,0.0,1
615,-1.337426632045974,0.3703410104590869,-0.8877095019844103,0.9767644117667437,-0.04668806341770988,0.45251559407448866,0.0,0.0,1.0,0.0,0.0,1
616,-1.336785487927064,1.3624638097306851,-0.29702224024331114,-1.023788323932921,-1.4520117773223713,-1.4899231450710264,0.0,0.0,0.0,1.0,0.0,1
617,-1.3361443438081542,-1.5470253655280226,-0.9206571667386289,-1.023788323932921,-0.7493499203700406,0.5702391540227016,0.0,0.0,0.0,0.0,1.0,0
618,-1.3355031996892444,-0.8209324137405449,-0.031245589476313233,0.9767644117667437,0.6559737935346208,-0.7247200054076417,0.0,0.0,0.0,1.0,0.0,1
619,-1.3348620555703345,-0.09303047271048476,1.2794452974593151,0.9767644117667437,-0.04668806341770988,1.3354422936860864,0.0,0.0,0.0,1.0,0.0,0
620,-1.3342209114514245,-0.9262261083814828,0.7278092226513322,-1.023788323932921,-0.04668806341770988,-0.5481346654853221,1.0,0.0,0.0,0.0,0.0,0
621,-1.3335797673325147,0.8830027277838418,0.27350145810172316,-1.023788323932921,-0.7493499203700406,-0.9013053453299612,0.0,0.0,0.0,0.0,1.0,0
622,-1.332938623213605,1.4965577869168114,-1.414946408914288,0.9767644117667437,1.3586356504869515,-1.6076467050192393,0.0,0.0,0.0,1.0,0.0,1
623,-1.332297479094695,-0.23746107068051486,0.6656604847857711,0.9767644117667437,-1.4520117773223713,0.9234098338673408,0.0,0.0,0.0,1.0,0.0,1
624,-1.331656334975785,-0.5231901109407845,-1.148723221380458,0.9767644117667437,-0.7493499203700406,-0.25382576561478953,0.0,0.0,0.0,0.0,1.0,1
625,-1.3310151908568753,1.6447560586126333,0.983346693020141,-1.023788323932921,-0.7493499203700406,-0.9013053453299612,0.0,0.0,0.0,0.0,1.0,0
626,-1.3303740467379654,-0.1636735641054666,-0.8610698451309886,0.9767644117667437,-0.7493499203700406,0.8645480538932343,0.0,0.0,0.0,1.0,0.0,1
627,-1.3297329026190556,-0.008988911265351871,-0.2867706701902403,0.9767644117667437,-0.7493499203700406,1.3354422936860864,0.0,0.0,0.0,0.0,1.0,1
628,-1.3290917585001456,-0.489879923833131,-0.5157397193942914,0.9767644117667437,1.3586356504869515,-0.6069964454594287,0.0,0.0,0.0,1.0,0.0,1
629,-1.3284506143812358,1.462749603440889,1.2324962881440291,0.9767644117667437,0.6559737935346208,1.6886129735307256,0.0,0.0,0.0,1.0,0.0,0
630,-1.327809470262326,0.2706836478515851,-1.285838844195396,0.9767644117667437,-0.7493499203700406,-0.5481346654853221,1.0,0.0,0.0,0.0,0.0,1
631,-1.3271683261434162,0.9469451173281382,0.2242637752083826,0.9767644117667437,-0.7493499203700406,-0.25382576561478953,0.0,1.0,0.0,0.0,0.0,1
632,-1.3265271820245061,1.1206561908210129,-1.2324740813773338,0.9767644117667437,-1.4520117773223713,0.6291009339968082,0.0,0.0,0.0,1.0,0.0,1
633,-1.3258860379055963,-0.5241825567058088,0.7028153967020145,0.9767644117667437,-0.04668806341770988,-0.4304111055371091,0.0,0.0,1.0,0.0,0.0,1
634,-1.3252448937866865,-0.20272660787547853,1.3916027377175897,-1.023788323932921,1.3586356504869515,1.0999951737896603,0.0,1.0,0.0,0.0,0.0,0
635,-1.3246037496677767,1.2489828634222337,-0.22638407516088302,-1.023788323932921,-0.7493499203700406,1.2177187337378734,0.0,1.0,0.0,0.0,0.0,0
636,-1.3239626055488667,-0.44926107015913574,-0.0424460968194493,-1.023788323932921,0.6559737935346208,-0.31268754558889605,0.0,1.0,0.0,0.0,0.0,0
637,-1.3233214614299569,1.0581061426023628,1.468448036198196,0.9767644117667437,0.6559737935346208,-1.5487849250451329,1.0,0.0,0.0,0.0,0.0,1
638,-1.322680317311047,1.572802199078781,0.07069672261571545,-1.023788323932921,0.6559737935346208,1.27658051371198,0.0,0.0,0.0,1.0,0.0,0
639,-1.3220391731921373,0.4605742474483138,-0.04414439219976988,-1.023788323932921,-1.4520117773223713,-1.1956142452004939,1.0,0.0,0.0,0.0,0.0,1
640,-1.3213980290732272,0.8750301419009354,0.2678858563930052,-1.023788323932921,0.6559737935346208,-0.4892728855112156,0.0,0.0,0.0,1.0,0.0,0
641,-1.3207568849543174,1.0971734560459825,0.6492822940944573,-1.023788323932921,-1.4520117773223713,-1.6076467050192393,1.0,0.0,0.0,0.0,0.0,0
642,-1.3201157408354076,1.2369705199545364,-1.3534549344652798,-1.023788323932921,1.3586356504869515,-0.6658582254335351,1.0,0.0,0.0,0.0,0.0,0
643,-1.3194745967164978,-0.3379690062424089,1.1028312268070748,0.9767644117667437,0.6559737935346208,0.040483134255743035,0.0,0.0,1.0,0.0,0.0,1
644,-1.318833452597588,-1.5412239839097086,-0.22329793329046366,-1.023788323932921,-0.04668806341770988,-1.2544760251746003,1.0,0.0,0.0,0.0,0.0,0
645,-1.318192308478678,-0.3140889298910857,-1.4722231878580825,0.9767644117667437,-0.7493499203700406,-0.07724042569247,0.0,0.0,0.0,0.0,1.0,1
646,-1.3175511643597682,0.6374833348463014,0.9827114368159815,0.9767644117667437,1.3586356504869515,0.39365381410038214,0.0,0.0,1.0,0.0,0.0,0
647,-1.3169100202408583,-0.14443088225757156,-0.4246736057476542,-1.023788323932921,-0.04668806341770988,0.9234098338673408,1.0,0.0,0.0,0.0,0.0,0
648,-1.3162688761219485,0.9007054590325729,-1.3758635838610949,0.9767644117667437,1.3586356504869515,-1.3721995851228133,0.0,1.0,0.0,0.0,0.0,1
649,-1.3156277320030385,-0.47121612276054375,0.45858276842544204,-1.023788323932921,0.6559737935346208,1.3354422936860864,0.0,0.0,0.0,0.0,1.0,0
650,-1.3149865878841287,0.5009421135817134,1.3058087205016724,0.9767644117667437,1.3586356504869515,0.45251559407448866,0.0,0.0,0.0,0.0,1.0,0
651,-1.314345443765219,-1.0681805472489572,1.332021944381495,0.9767644117667437,1.3586356504869515,-0.3715493255630026,0.0,0.0,0.0,0.0,1.0,0
652,-1.313704299646309,0.9021274479360897,1.5724480887762127,-1.023788323932921,1.3586356504869515,-1.3133378051487068,0.0,0.0,1.0,0.0,0.0,0
653,-1.313063155527399,0.1892759965555923,1.2630750460086992,0.9767644117667437,-1.4520117773223713,0.21706847417806258,1.0,0.0,0.0,0.0,0.0,1
654,-1.3124220114084892,-1.0064249969154584,-1.7136728897466962,0.9767644117667437,-0.04668806341770988,1.6886129735307256,1.0,0.0,0.0,0.0,0.0,0
655,-1.3117808672895794,-0.69896370203903,-0.4133549152831044,0.9767644117667437,0.6559737935346208,1.5708894135825124,0.0,1.0,0.0,0.0,0.0,0
656,-1.3111397231706696,0.899464920952694,1.09399984212921,0.9767644117667437,-0.7493499203700406,-0.25382576561478953,0.0,1.0,0.0,0.0,0.0,1
657,-1.3104985790517596,-0.031553808034518925,-0.4614613541395919,0.9767644117667437,0.6559737935346208,-0.13610220566657652,0.0,0.0,0.0,0.0,1.0,1
658,-1.3098574349328498,-0.9645406495416393,0.3477393031695896,0.9767644117667437,0.6559737935346208,-0.13610220566657652,0.0,1.0,0.0,0.0,0.0,0
659,-1.30921629081394,1.66477750272694,0.3641383655447787,0.9767644117667437,-1.4520117773223713,0.9234098338673408,0.0,0.0,1.0,0.0,0.0,1
660,-1.3085751466950302,0.7822729450525253,-0.46568352256661166,0.9767644117667437,-1.4520117773223713,1.3943040736601928,1.0,0.0,0.0,0.0,0.0,1
661,-1.3079340025761201,1.629300533300821,1.3895248422557953,-1.023788323932921,1.3586356504869515,-1.3721995851228133,0.0,0.0,0.0,0.0,1.0,0
662,-1.3072928584572103,-0.2257889247799537,0.009608149901252576,0.9767644117667437,0.6559737935346208,-1.6076467050192393,0.0,1.0,0.0,0.0,0.0,1
663,-1.3066517143383005,-0.057806731023423215,-0.12260442050958364,-1.023788323932921,-0.04668806341770988,1.27658051371198,0.0,0.0,1.0,0.0,0.0,0
664,-1.3060105702193907,1.422173528199423,1.7094964612095431,-1.023788323932921,-1.4520117773223713,-0.4892728855112156,0.0,0.0,1.0,0.0,0.0,0
665,-1.3053694261004807,0.11701337296879237,-0.023847181205471576,0.9767644117667437,-1.4520117773223713,1.4531658536342995,0.0,1.0,0.0,0.0,0.0,1
666,-1.3047282819815709,0.7548117864060927,-1.1075093670668175,0.9767644117667437,-0.04668806341770988,0.45251559407448866,1.0,0.0,0.0,0.0,0.0,1
667,-1.304087137862661,-0.8380466286575659,0.0434524280552152,-1.023788323932921,-1.4520117773223713,1.3354422936860864,0.0,1.0,0.0,0.0,0.0,0
668,-1.3034459937437513,-0.15711449086080467,1.0784350895276897,-1.023788323932921,-0.04668806341770988,0.9234098338673408,0.0,0.0,0.0,0.0,1.0,0
669,-1.3028048496248412,-1.288573575945394,0.9506511317759639,-1.023788323932921,-0.7493499203700406,0.8056862739191277,0.0,1.0,0.0,0.0,0.0,0
670,-1.3021637055059314,-0.9997202847390647,0.9909621257768116,0.9767644117667437,-0.04668806341770988,-0.7247200054076417,0.0,0.0,1.0,0.0,0.0,0
671,-1.3015225613870216,-1.7173427327847948,0.7139165759870939,0.9767644117667437,-0.7493499203700406,-1.0778906852522807,0.0,1.0,0.0,0.0,0.0,0
672,-1.3008814172681118,-1.583218075291191,-0.8467595798517866,0.9767644117667437,1.3586356504869515,0.040483134255743035,1.0,0.0,0.0,0.0,0.0,1
673,-1.3002402731492018,1.6998214380235943,1.2437426768435462,-1.023788323932921,1.3586356504869515,0.5113773740485952,0.0,0.0,0.0,1.0,0.0,0
674,-1.299599129030292,-0.8724134927873272,1.3515901728315767,0.9767644117667437,-1.4520117773223713,-1.4899231450710264,0.0,1.0,0.0,0.0,0.0,1
675,-1.2989579849113821,0.6009243054776381,-1.053328530722698,0.9767644117667437,-0.04668806341770988,0.8056862739191277,1.0,0.0,0.0,0.0,0.0,1
676,-1.2983168407924723,1.216180860442821,-1.2723879806122704,0.9767644117667437,-1.4520117773223713,0.6291009339968082,1.0,0.0,0.0,0.0,0.0,1
677,-1.2976756966735623,0.20665157444237045,1.63415036755534,0.9767644117667437,-0.04668806341770988,-0.07724042569247,0.0,0.0,1.0,0.0,0.0,1
678,-1.2970345525546525,-1.184643184984422,1.2652021319428166,-1.023788323932921,-1.4520117773223713,0.7468244939450213,1.0,0.0,0.0,0.0,0.0,0
679,-1.2963934084357427,0.8277425436835537,1.3508771885365727,0.9767644117667437,1.3586356504869515,0.3347920341262756,1.0,0.0,0.0,0.0,0.0,0
680,-1.2957522643168329,0.3802185180131111,1.327285898502469,0.9767644117667437,1.3586356504869515,-0.9601671253040678,1.0,0.0,0.0,0.0,0.0,1
681,-1.2951111201979228,0.838711988225446,0.1418700340016083,-1.023788323932921,-1.4520117773223713,1.629751193556619,1.0,0.0,0.0,0.0,0.0,0
682,-1.294469976079013,0.9734470308007279,0.5019932662549033,0.9767644117667437,-0.04668806341770988,0.8056862739191277,0.0,0.0,0.0,0.0,1.0,0
683,-1.2938288319601032,1.6932643961029337,0.15451219821604187,-1.023788323932921,0.6559737935346208,-0.7247200054076417,0.0,0.0,0.0,0.0,1.0,0
684,-1.2931876878411934,0.28681080782094226,-1.5449328245211218,-1.023788323932921,-0.04668806341770988,-1.3721995851228133,0.0,0.0,1.0,0.0,0.0,0
685,-1.2925465437222836,-0.5249103031942653,0.842810988513911,0.9767644117667437,-1.4520117773223713,-0.4304111055371091,0.0,1.0,0.0,0.0,0.0,1
686,-1.2919053996033736,0.5489631858302659,0.01684290649015136,-1.023788323932921,-0.04668806341770988,0.15820669420395606,1.0,0.0,0.0,0.0,0.0,0
687,-1.2912642554844638,-1.4811040882204687,0.5064893100292218,0.9767644117667437,-0.7493499203700406,1.6886129735307256,0.0,1.0,0.0,0.0,0.0,0
688,-1.290623111365554,1.4202209012524594,0.007584110825602519,-1.023788323932921,-0.04668806341770988,0.8645480538932343,0.0,1.0,0.0,0.0,0.0,0
689,-1.2899819672466442,-1.3028144530061583,-0.029655935271053688,-1.023788323932921,1.3586356504869515,-0.8424435653558547,0.0,0.0,1.0,0.0,0.0,0
690,-1.2893408231277341,-0.573203879799214,-1.1302387537605016,0.9767644117667437,1.3586356504869515,0.39365381410038214,1.0,0.0,0.0,0.0,0.0,1
691,-1.2886996790088243,1.13444139882717,-0.7625162046886058,-1.023788323932921,-0.7493499203700406,1.2177187337378734,1.0,0.0,0.0,0.0,0.0,0
692,-1.2880585348899145,0.3699319888721527,-1.1747281619923853,0.9767644117667437,-0.04668806341770988,-0.31268754558889605,0.0,0.0,0.0,1.0,0.0,1
693,-1.2874173907710047,-0.34293132818838357,-1.048123138740211,0.9767644117667437,0.6559737935346208,-1.2544760251746003,0.0,1.0,0.0,0.0,0.0,1
694,-1.2867762466520947,-0.06363306915831515,1.6251138748476952,0.9767644117667437,-0.04668806341770988,1.4531658536342995,0.0,1.0,0.0,0.0,0.0,0
695,-1.2861351025331849,1.2702473595925314,-1.194465903543416,0.9767644117667437,1.3586356504869515,-0.13610220566657652,0.0,0.0,0.0,0.0,1.0,1
696,-1.285493958414275,-0.5306388007086166,-0.7949924617322996,-1.023788323932921,1.3586356504869515,-1.2544760251746003,0.0,0.0,0.0,1.0,0.0,0
697,-1.2848528142953652,1.323104958610962,0.3100509176739932,0.9767644117667437,-1.4520117773223713,-1.0778906852522807,0.0,0.0,0.0,0.0,1.0,1
698,-1.2842116701764552,-1.4121766119485142,0.37741882610794464,-1.023788323932921,1.3586356504869515,-0.7247200054076417,0.0,0.0,0.0,0.0,1.0,0
699,-1.2835705260575454,0.9981281841628918,-1.1915059402867854,0.9767644117667437,-1.4520117773223713,-0.19496398564068304,0.0,0.0,0.0,0.0,1.0,1
700,-1.2829293819386356,1.2457483944914982,1.0086240869643512,-1.023788323932921,1.3586356504869515,-0.25382576561478953,0.0,0.0,1.0,0.0,0.0,0
701,-1.2822882378197258,-1.0842879508271184,0.979341819280228,-1.023788323932921,1.3586356504869515,1.512027633608406,0.0,0.0,1.0,0.0,0.0,0
702,-1.2816470937008158,-0.21444381073230434,-0.9048805049244085,-1.023788323932921,0.6559737935346208,-0.25382576561478953,0.0,0.0,0.0,0.0,1.0,0
703,-1.281005949581906,-1.1414000688824704,-0.7282884342397731,-1.023788323932921,-1.4520117773223713,-1.1956142452004939,0.0,0.0,0.0,1.0,0.0,0
704,-1.2803648054629961,0.7524500650541962,1.5047820433450065,0.9767644117667437,-1.4520117773223713,1.629751193556619,0.0,1.0,0.0,0.0,0.0,1
705,-1.2797236613440863,0.15305758282053772,1.1185166012834784,0.9767644117667437,1.3586356504869515,-0.7835817853817482,0.0,0.0,0.0,1.0,0.0,1
706,-1.2790825172251763,0.5029693170268258,0.6787459349606186,-1.023788323932921,-1.4520117773223713,1.2177187337378734,1.0,0.0,0.0,0.0,0.0,0
707,-1.2784413731062665,-1.0329457609400015,-1.4382288483076677,-1.023788323932921,1.3586356504869515,0.09934491422984955,0.0,0.0,1.0,0.0,0.0,0
708,-1.2778002289873567,-0.9795400540917696,-0.2825909722939345,0.9767644117667437,1.3586356504869515,-0.3715493255630026,0.0,1.0,0.0,0.0,0.0,1
709,-1.2771590848684469,-1.5754051790960855,0.20244963893206117,-1.023788323932921,-0.04668806341770988,0.7468244939450213,0.0,1.0,0.0,0.0,0.0,0
710,-1.2765179407495368,-0.5934172779831568,-1.076512791746002,-1.023788323932921,-1.4520117773223713,1.0411333938155538,1.0,0.0,0.0,0.0,0.0,0
711,-1.275876796630627,0.23844602817506175,-0.17954745624303384,0.9767644117667437,-0.7493499203700406,-1.3133378051487068,1.0,0.0,0.0,0.0,0.0,1
712,-1.2752356525117172,1.2821035878048175,0.34594193925292377,-1.023788323932921,-1.4520117773223713,-0.018378645718363482,0.0,0.0,0.0,0.0,1.0,0
713,-1.2745945083928074,0.6135827873491363,-0.595160249389947,-1.023788323932921,-1.4520117773223713,-0.25382576561478953,0.0,0.0,1.0,0.0,0.0,1
714,-1.2739533642738974,-0.19676968311285215,0.9646980372546657,0.9767644117667437,0.6559737935346208,-0.3715493255630026,0.0,0.0,1.0,0.0,0.0,1
715,-1.2733122201549876,1.615249131871462,1.1693398302443232,-1.023788323932921,-0.7493499203700406,-0.19496398564068304,0.0,0.0,0.0,1.0,0.0,0
716,-1.2726710760360778,0.7966934626841431,-0.6081159980320333,0.9767644117667437,-0.7493499203700406,-0.9013053453299612,0.0,0.0,0.0,0.0,1.0,1
717,-1.272029931917168,1.5349075823520801,1.1631755252633362,0.9767644117667437,0.6559737935346208,-0.13610220566657652,0.0,0.0,0.0,0.0,1.0,1
718,-1.271388787798258,0.125898517690522,-1.3648273236487807,0.9767644117667437,0.6559737935346208,-1.1367524652263874,0.0,0.0,0.0,0.0,1.0,1
719,-1.2707476436793481,-0.8144869260389633,1.1599838644850995,0.9767644117667437,-1.4520117773223713,0.5113773740485952,0.0,0.0,0.0,0.0,1.0,0
720,-1.2701064995604383,-1.5357527323903954,-1.1957143390280052,-1.023788323932921,-0.04668806341770988,-1.666508484993346,0.0,0.0,1.0,0.0,0.0,0
721,-1.2694653554415285,0.8206320499170191,-1.4358423622945067,0.9767644117667437,0.6559737935346208,1.2177187337378734,0.0,0.0,1.0,0.0,0.0,1
722,-1.2688242113226187,-1.2960875533273257,0.4860829276756958,0.9767644117667437,-0.7493499203700406,-1.2544760251746003,0.0,0.0,0.0,0.0,1.0,0
723,-1.2681830672037087,-0.6609401636227129,-0.09800411316406395,-1.023788323932921,-0.7493499203700406,1.1588569537637667,0.0,0.0,0.0,1.0,0.0,0
724,-1.2675419230847988,0.14298865251280216,1.4012750633156004,0.9767644117667437,-1.4520117773223713,0.8645480538932343,0.0,1.0,0.0,0.0,0.0,1
725,-1.266900778965889,0.25479764030833213,-0.47199804943169715,-1.023788323932921,-0.04668806341770988,-0.4304111055371091,0.0,1.0,0.0,0.0,0.0,0
726,-1.2662596348469792,0.3813797628569231,-0.7334953402131569,0.9767644117667437,1.3586356504869515,0.15820669420395606,0.0,0.0,0.0,1.0,0.0,1
727,-1.2656184907280692,-1.138755645074454,0.0010330064316475041,0.9767644117667437,0.6559737935346208,-0.6658582254335351,0.0,0.0,0.0,0.0,1.0,0
728,-1.2649773466091594,-0.3915743442845763,-0.15299910174381584,0.9767644117667437,0.6559737935346208,-1.0190289052781742,0.0,0.0,1.0,0.0,0.0,1
729,-1.2643362024902496,0.4395179045747543,-0.5365191932064188,0.9767644117667437,-1.4520117773223713,-0.9601671253040678,0.0,1.0,0.0,0.0,0.0,1
730,-1.2636950583713398,1.6736942915247335,0.6647979295458921,-1.023788323932921,-0.04668806341770988,0.09934491422984955,1.0,0.0,0.0,0.0,0.0,0
731,-1.2630539142524297,0.8260440085041804,0.8911601858346553,-1.023788323932921,-0.7493499203700406,1.0999951737896603,1.0,0.0,0.0,0.0,0.0,0
732,-1.26241277013352,1.5084427332578236,1.2124466236152103,-1.023788323932921,-0.7493499203700406,-0.4892728855112156,0.0,0.0,0.0,1.0,0.0,0
733,-1.2617716260146101,0.9470762652459056,1.6246985172070691,0.9767644117667437,1.3586356504869515,-0.6069964454594287,0.0,0.0,0.0,0.0,1.0,1
734,-1.2611304818957003,0.3503482120472804,-0.8039830220663593,0.9767644117667437,-0.7493499203700406,0.15820669420395606,0.0,1.0,0.0,0.0,0.0,1
735,-1.2604893377767903,-1.0485682286975417,0.741668935524244,0.9767644117667437,0.6559737935346208,-1.4899231450710264,0.0,0.0,0.0,0.0,1.0,0
736,-1.2598481936578805,0.6127365096178501,-0.3651490571319193,-1.023788323932921,1.3586356504869515,-0.6069964454594287,0.0,1.0,0.0,0.0,0.0,0
737,-1.2592070495389707,0.46116641784654033,0.6075051290786606,0.9767644117667437,-0.04668806341770988,-0.9601671253040678,0.0,0.0,0.0,1.0,0.0,1
738,-1.2585659054200609,0.38798061735092637,-0.08409534689155067,-1.023788323932921,1.3586356504869515,-0.19496398564068304,0.0,0.0,0.0,1.0,0.0,0
739,-1.2579247613011508,-0.006407795467167792,1.6966320813822602,-1.023788323932921,-0.04668806341770988,-0.25382576561478953,1.0,0.0,0.0,0.0,0.0,0
740,-1.257283617182241,0.12963869536702818,0.7857189520075603,-1.023788323932921,-0.7493499203700406,0.09934491422984955,0.0,0.0,0.0,0.0,1.0,0
741,-1.2566424730633312,-0.5501051517322998,1.5546605539661453,0.9767644117667437,-1.4520117773223713,-0.018378645718363482,1.0,0.0,0.0,0.0,0.0,1
742,-1.2560013289444214,0.09693526651022491,1.1504935470946818,0.9767644117667437,1.3586356504869515,-0.19496398564068304,0.0,0.0,0.0,0.0,1.0,1
743,-1.2553601848255114,-1.0292045052540437,1.3841154538295473,0.9767644117667437,1.3586356504869515,-0.25382576561478953,1.0,0.0,0.0,0.0,0.0,0
744,-1.2547190407066016,1.0974432525113078,1.0798191885325652,0.9767644117667437,0.6559737935346208,-0.7247200054076417,0.0,0.0,1.0,0.0,0.0,1
745,-1.2540778965876918,-1.0704305048456937,-0.141949519903652,-1.023788323932921,0.6559737935346208,0.8645480538932343,0.0,0.0,1.0,0.0,0.0,0
746,-1.253436752468782,-1.4232650173075774,-0.8551144035782543,-1.023788323932921,-0.04668806341770988,-0.4304111055371091,0.0,0.0,1.0,0.0,0.0,0
747,-1.252795608349872,-0.19379574648341896,-0.44747402251339147,0.9767644117667437,-1.4520117773223713,0.8056862739191277,0.0,0.0,1.0,0.0,0.0,1
748,-1.252154464230962,0.5834130001630781,-1.6514416129548308,0.9767644117667437,0.6559737935346208,0.9822716138414473,0.0,1.0,0.0,0.0,0.0,1
749,-1.2515133201120523,-0.18864799252692904,0.08102008785861262,0.9767644117667437,0.6559737935346208,-0.3715493255630026,0.0,0.0,1.0,0.0,0.0,1
750,-1.2508721759931425,-0.752012924306763,0.015899796330900495,-1.023788323932921,-0.7493499203700406,-1.5487849250451329,0.0,0.0,0.0,1.0,0.0,0
751,-1.2502310318742325,0.2329389010511224,0.08534403733153925,0.9767644117667437,-0.7493499203700406,0.6291009339968082,0.0,0.0,0.0,1.0,0.0,0
752,-1.2495898877553226,-0.5061461733400078,1.6287381332912414,-1.023788323932921,0.6559737935346208,-1.6076467050192393,0.0,1.0,0.0,0.0,0.0,0
753,-1.2489487436364128,1.544366212329985,1.4135299006549342,-1.023788323932921,-0.04668806341770988,1.3943040736601928,0.0,0.0,1.0,0.0,0.0,0
754,-1.248307599517503,1.5085875708861822,-1.164892088714802,-1.023788323932921,-1.4520117773223713,0.7468244939450213,0.0,0.0,1.0,0.0,0.0,0
755,-1.247666455398593,0.03764268510941635,-0.45241823298335476,-1.023788323932921,0.6559737935346208,-0.018378645718363482,0.0,0.0,1.0,0.0,0.0,0
756,-1.2470253112796832,-0.5730598344846447,-0.26301537527098634,-1.023788323932921,-0.04668806341770988,0.9822716138414473,1.0,0.0,0.0,0.0,0.0,0
757,-1.2463841671607734,0.8592982101526895,-0.4811332096607509,-1.023788323932921,-0.04668806341770988,-0.8424435653558547,0.0,0.0,0.0,0.0,1.0,0
758,-1.2457430230418636,-1.5921503826225742,1.0250578731506763,-1.023788323932921,0.6559737935346208,-1.3721995851228133,1.0,0.0,0.0,0.0,0.0,0
759,-1.2451018789229538,-0.05896639304166758,0.08117313529741255,0.9767644117667437,-0.04668806341770988,0.5113773740485952,0.0,0.0,0.0,0.0,1.0,0
760,-1.2444607348040437,-0.5435221692083951,0.24646282832283997,0.9767644117667437,1.3586356504869515,-0.4892728855112156,0.0,0.0,1.0,0.0,0.0,1
761,-1.243819590685134,1.501205239017498,1.212548385923685,0.9767644117667437,-0.04668806341770988,0.6291009339968082,0.0,0.0,1.0,0.0,0.0,0
762,-1.2431784465662241,-1.678634399522596,1.0506177876876057,-1.023788323932921,0.6559737935346208,0.040483134255743035,1.0,0.0,0.0,0.0,0.0,0
763,-1.2425373024473143,0.21419197198293627,-1.2663493427264776,-1.023788323932921,-0.04668806341770988,1.0999951737896603,1.0,0.0,0.0,0.0,0.0,0
764,-1.2418961583284043,0.8716571964566805,0.7341755239640861,0.9767644117667437,0.6559737935346208,-1.0190289052781742,0.0,0.0,0.0,0.0,1.0,1
765,-1.2412550142094945,-0.02309524398509688,-0.2235348810979973,-1.023788323932921,-0.7493499203700406,0.6291009339968082,0.0,0.0,0.0,1.0,0.0,0
766,-1.2406138700905847,-1.4217364385438316,-0.707713777445371,-1.023788323932921,0.6559737935346208,0.6291009339968082,0.0,0.0,0.0,0.0,1.0,0
767,-1.2399727259716748,1.6829430566317376,-1.5490168323741464,-1.023788323932921,-0.04668806341770988,1.27658051371198,1.0,0.0,0.0,0.0,0.0,0
768,-1.2393315818527648,0.09237738843423972,-0.04534421143570463,-1.023788323932921,0.6559737935346208,-0.07724042569247,1.0,0.0,0.0,0.0,0.0,0
769,-1.238690437733855,0.42899004875693453,-0.49865959000540006,-1.023788323932921,-1.4520117773223713,-0.13610220566657652,0.0,1.0,0.0,0.0,0.0,1
770,-1.2380492936149452,-0.8925170259346867,-0.8560615739356395,-1.023788323932921,0.6559737935346208,0.8056862739191277,1.0,0.0,0.0,0.0,0.0,0
771,-1.2374081494960354,-0.028414860013721954,0.667997758244407,-1.023788323932921,0.6559737935346208,1.3354422936860864,0.0,1.0,0.0,0.0,0.0,0
772,-1.2367670053771254,-0.21863341876263725,0.9252881055036271,-1.023788323932921,-1.4520117773223713,-0.6658582254335351,0.0,0.0,0.0,1.0,0.0,0
773,-1.2361258612582156,-1.4585113037731638,-0.8791843166916621,-1.023788323932921,-1.4520117773223713,-0.4304111055371091,0.0,0.0,0.0,0.0,1.0,0
774,-1.2354847171393057,-1.3490863861874764,-1.5509818699033315,-1.023788323932921,-1.4520117773223713,0.9822716138414473,0.0,0.0,0.0,0.0,1.0,0
775,-1.234843573020396,1.2104857787364847,1.1978949419319544,-1.023788323932921,1.3586356504869515,1.1588569537637667,0.0,1.0,0.0,0.0,0.0,0
776,-1.234202428901486,-0.8812815223074445,-1.6867833156694363,-1.023788323932921,0.6559737935346208,-1.3133378051487068,0.0,0.0,0.0,0.0,1.0,0
777,-1.233561284782576,-1.0382961523643492,1.5017715683345965,0.9767644117667437,-1.4520117773223713,-0.31268754558889605,1.0,0.0,0.0,0.0,0.0,1
778,-1.2329201406636663,0.046531323682697315,0.43740088941800837,-1.023788323932921,-1.4520117773223713,0.45251559407448866,0.0,0.0,1.0,0.0,0.0,0
779,-1.2322789965447565,0.9699488384729096,-0.6141785305392745,-1.023788323932921,-0.7493499203700406,1.5708894135825124,0.0,1.0,0.0,0.0,0.0,0
780,-1.2316378524258464,-1.5038335742423605,-0.8733778021664571,0.9767644117667437,1.3586356504869515,0.45251559407448866,0.0,0.0,0.0,0.0,1.0,0
781,-1.2309967083069366,0.2981669558794892,-1.6900644650564052,0.9767644117667437,0.6559737935346208,0.2759302541521691,0.0,1.0,0.0,0.0,0.0,1
782,-1.2303555641880268,-1.3034114379860133,-0.9112300390538234,0.9767644117667437,-0.04668806341770988,-0.25382576561478953,0.0,1.0,0.0,0.0,0.0,1
783,-1.229714420069117,-1.5930319998914577,-1.247376685193799,-1.023788323932921,1.3586356504869515,-1.6076467050192393,0.0,0.0,1.0,0.0,0.0,0
784,-1.229073275950207,-1.5360422997894387,0.3842544996434346,-1.023788323932921,1.3586356504869515,-1.666508484993346,1.0,0.0,0.0,0.0,0.0,0
785,-1.2284321318312972,1.1989064311625242,-1.1482716551081458,0.9767644117667437,-0.7493499203700406,-1.4899231450710264,0.0,1.0,0.0,0.0,0.0,1
786,-1.2277909877123874,-1.307744260669217,0.09696597914795022,0.9767644117667437,0.6559737935346208,-0.6069964454594287,0.0,0.0,0.0,0.0,1.0,0
787,-1.2271498435934776,-1.5626161449489584,0.3084234220722557,0.9767644117667437,0.6559737935346208,-1.0778906852522807,0.0,0.0,0.0,1.0,0.0,0
788,-1.2265086994745675,-0.18800727990474964,-0.696045674273763,-1.023788323932921,-1.4520117773223713,0.45251559407448866,0.0,1.0,0.0,0.0,0.0,0
789,-1.2258675553556577,1.233308929819903,-1.6004444327227019,-1.023788323932921,-1.4520117773223713,-0.8424435653558547,0.0,1.0,0.0,0.0,0.0,1
790,-1.225226411236748,-0.8022226679277625,-1.5929165161964813,0.9767644117667437,1.3586356504869515,0.39365381410038214,0.0,0.0,1.0,0.0,0.0,0
791,-1.224585267117838,-0.24466227165794638,-1.6304250369134705,-1.023788323932921,-0.7493499203700406,0.45251559407448866,1.0,0.0,0.0,0.0,0.0,0
792,-1.223944122998928,-1.5809169104435226,0.820875081516962,-1.023788323932921,0.6559737935346208,0.3347920341262756,0.0,0.0,0.0,1.0,0.0,0
793,-1.2233029788800183,-0.14888239751094626,-0.6273740510069303,0.9767644117667437,-0.7493499203700406,0.9234098338673408,0.0,0.0,0.0,0.0,1.0,1
794,-1.2226618347611085,0.30098499689756925,1.0175064125248714,0.9767644117667437,-0.04668806341770988,-0.07724042569247,0.0,0.0,0.0,1.0,0.0,1
795,-1.2220206906421986,0.2775140900148644,-0.2362708530279946,0.9767644117667437,0.6559737935346208,0.2759302541521691,0.0,0.0,0.0,0.0,1.0,1
796,-1.2213795465232888,-0.5571605177585395,-0.1631378093108203,-1.023788323932921,-1.4520117773223713,1.0999951737896603,1.0,0.0,0.0,0.0,0.0,0
797,-1.2207384024043788,-0.6162873364251247,0.04280993743001928,-1.023788323932921,1.3586356504869515,0.39365381410038214,0.0,0.0,0.0,0.0,1.0,0
798,-1.220097258285469,-1.347464970258679,0.7311383748427771,-1.023788323932921,-0.7493499203700406,1.3943040736601928,0.0,0.0,1.0,0.0,0.0,0
799,-1.2194561141665592,-0.43686077767297204,-0.7804367458002123,-1.023788323932921,-1.4520117773223713,-0.5481346654853221,0.0,0.0,1.0,0.0,0.0,1
800,-1.2188149700476494,-1.3724160964597292,-1.3028867520398473,-1.023788323932921,1.3586356504869515,-0.5481346654853221,0.0,0.0,1.0,0.0,0.0,0
801,-1.2181738259287394,0.962419745251808,0.191291408638461,0.9767644117667437,-1.4520117773223713,-0.13610220566657652,0.0,0.0,1.0,0.0,0.0,1
802,-1.2175326818098295,1.6612884063801867,-0.5965326389304906,-1.023788323932921,0.6559737935346208,-1.43106136509692,0.0,0.0,0.0,1.0,0.0,0
803,-1.2168915376909197,1.6745888565044986,-0.19927151804670026,-1.023788323932921,-0.7493499203700406,-0.6069964454594287,1.0,0.0,0.0,0.0,0.0,0
804,-1.21625039357201,1.3070800374043878,0.5038674688388152,0.9767644117667437,-0.04668806341770988,0.3347920341262756,0.0,0.0,0.0,0.0,1.0,0
805,-1.2156092494531,0.3821110902572102,-0.021696457820617174,0.9767644117667437,-1.4520117773223713,1.6886129735307256,0.0,0.0,0.0,0.0,1.0,1
806,-1.21496810533419,0.7323657141300403,0.4121543885519788,0.9767644117667437,-0.7493499203700406,-1.0190289052781742,0.0,0.0,1.0,0.0,0.0,1
807,-1.2143269612152803,-0.7224323127034663,0.15051306096512773,0.9767644117667437,0.6559737935346208,0.5702391540227016,0.0,0.0,1.0,0.0,0.0,0
808,-1.2136858170963705,0.4870342012576918,0.8231851297942783,-1.023788323932921,-1.4520117773223713,-1.1367524652263874,0.0,1.0,0.0,0.0,0.0,0
809,-1.2130446729774604,-0.1258839573895841,0.7067386387632862,-1.023788323932921,0.6559737935346208,-0.3715493255630026,1.0,0.0,0.0,0.0,0.0,0
810,-1.2124035288585506,-0.033597427329729077,0.11608746495744227,0.9767644117667437,-0.04668806341770988,-0.6658582254335351,0.0,0.0,0.0,1.0,0.0,1
811,-1.2117623847396408,0.9315521462868558,0.6137678666637091,-1.023788323932921,-0.04668806341770988,-0.4304111055371091,0.0,0.0,0.0,0.0,1.0,0
812,-1.211121240620731,-0.7339382857175984,1.2832079255414595,0.9767644117667437,1.3586356504869515,0.040483134255743035,0.0,1.0,0.0,0.0,0.0,0
813,-1.210480096501821,-0.6075148977882873,-0.23441903105186762,-1.023788323932921,1.3586356504869515,0.39365381410038214,0.0,1.0,0.0,0.0,0.0,0
814,-1.2098389523829112,1.5155757954826126,-0.3015093936266472,-1.023788323932921,1.3586356504869515,0.39365381410038214,0.0,0.0,0.0,0.0,1.0,0
815,-1.2091978082640014,-1.5238611975408745,0.9072681159190247,-1.023788323932921,0.6559737935346208,-1.6076467050192393,0.0,0.0,0.0,1.0,0.0,0
816,-1.2085566641450916,-0.020938173078339947,0.28241506667316896,0.9767644117667437,1.3586356504869515,0.21706847417806258,0.0,1.0,0.0,0.0,0.0,1
817,-1.2079155200261815,1.4741326585294345,-1.4768375070146273,0.9767644117667437,-0.7493499203700406,-0.07724042569247,0.0,1.0,0.0,0.0,0.0,1
818,-1.2072743759072717,0.4156088277387211,1.3470112074086118,-1.023788323932921,0.6559737935346208,-1.6076467050192393,1.0,0.0,0.0,0.0,0.0,0
819,-1.206633231788362,0.19176484560025847,-1.615170057412218,-1.023788323932921,0.6559737935346208,-0.9013053453299612,0.0,0.0,0.0,1.0,0.0,0
820,-1.205992087669452,-0.8465470047862652,0.8527611859271238,0.9767644117667437,1.3586356504869515,-1.3721995851228133,0.0,1.0,0.0,0.0,0.0,0
821,-1.205350943550542,-0.5191900315133224,0.8885200323663205,0.9767644117667437,1.3586356504869515,-1.6076467050192393,0.0,0.0,0.0,1.0,0.0,1
822,-1.2047097994316323,1.261501008466247,1.556792045240991,-1.023788323932921,0.6559737935346208,0.9822716138414473,0.0,0.0,0.0,0.0,1.0,0
823,-1.2040686553127224,0.23660318939613345,-1.5348629870820507,-1.023788323932921,-0.04668806341770988,0.7468244939450213,0.0,0.0,1.0,0.0,0.0,0
824,-1.2034275111938126,0.08093864800728495,0.33160434651568543,0.9767644117667437,-0.04668806341770988,-0.8424435653558547,0.0,1.0,0.0,0.0,0.0,1
825,-1.2027863670749026,-1.372118442499229,-0.24965663327255078,-1.023788323932921,1.3586356504869515,0.8645480538932343,1.0,0.0,0.0,0.0,0.0,0
826,-1.2021452229559928,-1.6645465597551479,-0.5839616516306597,0.9767644117667437,-0.04668806341770988,0.21706847417806258,0.0,0.0,0.0,0.0,1.0,1
827,-1.201504078837083,1.6522265969473708,-1.4104227004994914,0.9767644117667437,-0.7493499203700406,-0.6069964454594287,0.0,0.0,0.0,1.0,0.0,1
828,-1.2008629347181732,-0.40120359884903506,0.21397829524942813,-1.023788323932921,-0.7493499203700406,0.8056862739191277,0.0,0.0,0.0,0.0,1.0,0
829,-1.2002217905992631,0.3905842173312471,-0.07357507178204122,-1.023788323932921,-0.7493499203700406,1.3354422936860864,0.0,1.0,0.0,0.0,0.0,0
830,-1.1995806464803533,-1.4416441291649573,-1.3614642721380448,-1.023788323932921,0.6559737935346208,0.5113773740485952,0.0,0.0,0.0,1.0,0.0,0
831,-1.1989395023614435,0.6702362693801697,0.38536630818148854,0.9767644117667437,0.6559737935346208,0.15820669420395606,0.0,0.0,1.0,0.0,0.0,1
832,-1.1982983582425337,1.5433127857602476,0.8168460350339314,0.9767644117667437,0.6559737935346208,-0.9601671253040678,0.0,0.0,0.0,0.0,1.0,1
833,-1.197657214123624,0.2941676545368308,0.917697753580172,0.9767644117667437,0.6559737935346208,1.512027633608406,0.0,1.0,0.0,0.0,0.0,0
834,-1.1970160700047139,-1.2792445523802856,1.392617475033948,-1.023788323932921,0.6559737935346208,0.6879627139709147,1.0,0.0,0.0,0.0,0.0,0
835,-1.196374925885804,0.31536444612766495,-0.3128319913460601,-1.023788323932921,1.3586356504869515,0.2759302541521691,0.0,0.0,0.0,1.0,0.0,0
836,-1.1957337817668943,0.9615491915698473,1.556660271083642,0.9767644117667437,-0.04668806341770988,-1.1367524652263874,0.0,0.0,0.0,0.0,1.0,1
837,-1.1950926376479845,-0.29819812796295875,1.255247505986124,0.9767644117667437,1.3586356504869515,1.3943040736601928,0.0,0.0,0.0,0.0,1.0,0
838,-1.1944514935290744,1.3587628951393864,-0.7013422993263982,-1.023788323932921,-0.04668806341770988,-0.6069964454594287,0.0,0.0,1.0,0.0,0.0,0
839,-1.1938103494101646,0.5497275673331534,-1.1732481686034824,0.9767644117667437,1.3586356504869515,-0.018378645718363482,0.0,0.0,1.0,0.0,0.0,1
840,-1.1931692052912548,1.426701449447281,-0.2236955989672098,-1.023788323932921,-0.7493499203700406,1.3354422936860864,1.0,0.0,0.0,0.0,0.0,0
841,-1.192528061172345,0.46160652284206577,-0.338872841365164,-1.023788323932921,-1.4520117773223713,1.629751193556619,1.0,0.0,0.0,0.0,0.0,0
842,-1.191886917053435,-1.2611404230842054,0.25891054770102195,0.9767644117667437,0.6559737935346208,-0.13610220566657652,0.0,1.0,0.0,0.0,0.0,0
843,-1.1912457729345252,-0.6367323167993639,0.2852777428028946,0.9767644117667437,-1.4520117773223713,-0.9013053453299612,0.0,1.0,0.0,0.0,0.0,1
844,-1.1906046288156154,-1.0143679745881156,0.8582314875640056,0.9767644117667437,-1.4520117773223713,0.45251559407448866,1.0,0.0,0.0,0.0,0.0,0
845,-1.1899634846967055,1.4602227100630878,0.032517952135175866,0.9767644117667437,-0.7493499203700406,1.1588569537637667,1.0,0.0,0.0,0.0,0.0,0
846,-1.1893223405777955,0.9407343472385321,-1.3605419693766827,0.9767644117667437,-1.4520117773223713,-1.0190289052781742,0.0,0.0,0.0,1.0,0.0,1
847,-1.1886811964588857,0.6467307480253845,1.2306990953879775,-1.023788323932921,-1.4520117773223713,0.9822716138414473,0.0,0.0,1.0,0.0,0.0,0
848,-1.188040052339976,-0.6672709433667091,-0.6557297051994704,0.9767644117667437,-0.7493499203700406,0.2759302541521691,0.0,1.0,0.0,0.0,0.0,1
849,-1.187398908221066,-1.0764930957574084,1.6193364908431522,-1.023788323932921,-0.04668806341770988,0.9822716138414473,0.0,0.0,1.0,0.0,0.0,0
850,-1.186757764102156,0.9269130299387222,-1.3157050411440712,0.9767644117667437,1.3586356504869515,-0.3715493255630026,0.0,0.0,1.0,0.0,0.0,1
851,-1.1861166199832462,-0.061105086558464305,1.5744692287497735,0.9767644117667437,-1.4520117773223713,1.512027633608406,1.0,0.0,0.0,0.0,0.0,1
852,-1.1854754758643364,-0.930387530811184,-1.4080385682483805,0.9767644117667437,0.6559737935346208,-1.7253702649674525,0.0,0.0,0.0,1.0,0.0,1
853,-1.1848343317454266,0.4375150492195299,-0.9264833300346365,0.9767644117667437,-0.7493499203700406,0.6879627139709147,0.0,0.0,0.0,0.0,1.0,1
854,-1.1841931876265166,-1.579477303415038,-1.5608434206153907,0.9767644117667437,-1.4520117773223713,-0.3715493255630026,0.0,0.0,0.0,1.0,0.0,1
855,-1.1835520435076068,-0.5790578762565207,0.703906653739503,0.9767644117667437,-0.04668806341770988,-0.19496398564068304,0.0,0.0,0.0,1.0,0.0,1
856,-1.182910899388697,-0.08070825970234047,1.2032118874353848,-1.023788323932921,-0.04668806341770988,-0.7247200054076417,0.0,0.0,1.0,0.0,0.0,0
857,-1.1822697552697872,-1.2027946211111396,-0.2282293907571454,0.9767644117667437,0.6559737935346208,1.629751193556619,0.0,0.0,0.0,1.0,0.0,0
858,-1.1816286111508771,1.7256185227028598,1.472228408383729,0.9767644117667437,-1.4520117773223713,-0.25382576561478953,0.0,1.0,0.0,0.0,0.0,1
859,-1.1809874670319673,-0.9888097212724563,0.30905156848093357,0.9767644117667437,0.6559737935346208,-0.07724042569247,0.0,0.0,1.0,0.0,0.0,0
860,-1.1803463229130575,-1.2644123438513148,0.44561087874020117,0.9767644117667437,-0.04668806341770988,-1.3133378051487068,0.0,1.0,0.0,0.0,0.0,0
861,-1.1797051787941477,-1.0082782834417567,1.18643076404545,-1.023788323932921,-0.04668806341770988,0.8056862739191277,0.0,0.0,0.0,0.0,1.0,0
862,-1.1790640346752377,0.9710478359970395,-0.7003152722422428,-1.023788323932921,1.3586356504869515,-0.25382576561478953,0.0,0.0,1.0,0.0,0.0,0
863,-1.1784228905563279,-0.23138673143902258,-0.5026866160731451,-1.023788323932921,-0.04668806341770988,-1.4899231450710264,0.0,0.0,0.0,0.0,1.0,0
864,-1.177781746437418,0.2582953443138014,1.3946077785033992,-1.023788323932921,-0.7493499203700406,0.15820669420395606,0.0,0.0,1.0,0.0,0.0,0
865,-1.1771406023185083,-1.6471131969523416,1.3774521793094727,-1.023788323932921,1.3586356504869515,0.5702391540227016,1.0,0.0,0.0,0.0,0.0,0
866,-1.1764994581995982,-1.600136041109419,1.6371692204244996,-1.023788323932921,0.6559737935346208,-1.4899231450710264,0.0,0.0,0.0,1.0,0.0,0
867,-1.1758583140806884,-0.16026768177418793,1.3804607589206983,0.9767644117667437,-0.04668806341770988,1.0999951737896603,1.0,0.0,0.0,0.0,0.0,0
868,-1.1752171699617786,1.1376258924404423,-1.2829927374479446,0.9767644117667437,-0.7493499203700406,0.9822716138414473,0.0,0.0,0.0,0.0,1.0,1
869,-1.1745760258428688,1.3776667020352638,1.111820157782108,-1.023788323932921,1.3586356504869515,0.3347920341262756,0.0,0.0,0.0,1.0,0.0,0
870,-1.173934881723959,-1.4171740939199773,-0.3115673161137701,0.9767644117667437,-0.7493499203700406,-1.0190289052781742,0.0,0.0,1.0,0.0,0.0,1
871,-1.173293737605049,0.163611167778068,1.6864119986445216,0.9767644117667437,1.3586356504869515,-0.7835817853817482,0.0,0.0,0.0,1.0,0.0,1
872,-1.1726525934861391,1.4756337471059915,-0.09682244929424202,0.9767644117667437,1.3586356504869515,-1.0190289052781742,0.0,1.0,0.0,0.0,0.0,1
873,-1.1720114493672293,-0.3627508506771955,0.18365233720160298,0.9767644117667437,1.3586356504869515,-0.31268754558889605,0.0,0.0,0.0,1.0,0.0,1
874,-1.1713703052483195,1.1828125908041471,0.10090399599203709,0.9767644117667437,0.6559737935346208,1.629751193556619,0.0,1.0,0.0,0.0,0.0,0
875,-1.1707291611294095,-1.2527136019192675,-0.6145554723655775,-1.023788323932921,1.3586356504869515,-1.666508484993346,0.0,0.0,0.0,1.0,0.0,0
876,-1.1700880170104997,1.5532099401824204,-1.463028528899595,-1.023788323932921,1.3586356504869515,-0.3715493255630026,0.0,1.0,0.0,0.0,0.0,0
877,-1.1694468728915899,0.9093159736993088,1.3591828590795005,-1.023788323932921,-0.7493499203700406,0.3347920341262756,0.0,0.0,0.0,0.0,1.0,0
878,-1.16880572877268,1.5739994352726998,1.0394327187807784,-1.023788323932921,1.3586356504869515,-0.31268754558889605,1.0,0.0,0.0,0.0,0.0,0
879,-1.16816458465377,0.6474967681640068,-1.2411915672420633,-1.023788323932921,0.6559737935346208,0.21706847417806258,0.0,0.0,1.0,0.0,0.0,0
880,-1.1675234405348602,-0.44874104317445124,0.9503345451434161,-1.023788323932921,-0.7493499203700406,-1.0778906852522807,0.0,0.0,0.0,1.0,0.0,0
881,-1.1668822964159504,1.5629632523847465,0.4313026809020233,0.9767644117667437,1.3586356504869515,-0.6658582254335351,1.0,0.0,0.0,0.0,0.0,1
882,-1.1662411522970406,-0.7561686359063501,-0.31395641305382616,-1.023788323932921,-0.7493499203700406,1.1588569537637667,0.0,0.0,1.0,0.0,0.0,0
883,-1.1656000081781306,-0.5580501060569876,-0.847435978514984,0.9767644117667437,0.6559737935346208,0.6879627139709147,0.0,0.0,1.0,0.0,0.0,1
884,-1.1649588640592208,0.7321652383816387,1.235642597594336,0.9767644117667437,-0.7493499203700406,-0.018378645718363482,0.0,1.0,0.0,0.0,0.0,1
885,-1.164317719940311,0.9579410228228309,0.6869695594463963,-1.023788323932921,0.6559737935346208,0.39365381410038214,0.0,0.0,0.0,0.0,1.0,0
886,-1.1636765758214012,1.532241587070399,0.16268709469824352,-1.023788323932921,-0.04668806341770988,0.7468244939450213,0.0,0.0,0.0,0.0,1.0,0
887,-1.1630354317024911,-1.0038419457354322,0.3753208401275922,-1.023788323932921,1.3586356504869515,-1.7253702649674525,1.0,0.0,0.0,0.0,0.0,0
888,-1.1623942875835813,1.0723261853625607,-1.4078515674462482,0.9767644117667437,0.6559737935346208,-1.6076467050192393,0.0,0.0,0.0,0.0,1.0,1
889,-1.1617531434646715,0.8642459087287037,-0.09118649251003645,-1.023788323932921,1.3586356504869515,1.0999951737896603,0.0,0.0,0.0,1.0,0.0,0
890,-1.1611119993457617,-1.4973654939736112,-1.0548843848648977,-1.023788323932921,0.6559737935346208,-0.25382576561478953,0.0,0.0,0.0,0.0,1.0,0
891,-1.1604708552268517,-0.3653744759068311,-1.0043870070398868,-1.023788323932921,-1.4520117773223713,-0.9013053453299612,1.0,0.0,0.0,0.0,0.0,1
892,-1.1598297111079419,-0.7309734542464944,0.5532432508419398,0.9767644117667437,-1.4520117773223713,0.9234098338673408,0.0,0.0,0.0,0.0,1.0,0
893,-1.159188566989032,-0.6549366752220781,1.4128494725926026,-1.023788323932921,-1.4520117773223713,1.512027633608406,0.0,0.0,0.0,1.0,0.0,0
894,-1.1585474228701222,1.7196419772480511,-0.3324833611588263,-1.023788323932921,0.6559737935346208,0.9822716138414473,0.0,1.0,0.0,0.0,0.0,0
895,-1.1579062787512122,0.5290583426293741,-1.0065687816537072,0.9767644117667437,1.3586356504869515,1.0411333938155538,1.0,0.0,0.0,0.0,0.0,1
896,-1.1572651346323024,0.7912018567495569,0.5100586046926661,0.9767644117667437,-1.4520117773223713,-0.13610220566657652,0.0,1.0,0.0,0.0,0.0,1
897,-1.1566239905133926,1.6974898061050427,1.2750485097909954,0.9767644117667437,1.3586356504869515,-1.5487849250451329,0.0,1.0,0.0,0.0,0.0,1
898,-1.1559828463944828,-0.40044895177065765,0.8524944675773021,-1.023788323932921,0.6559737935346208,-0.6658582254335351,0.0,1.0,0.0,0.0,0.0,0
899,-1.1553417022755728,1.0857735444177734,1.2666921725451694,-1.023788323932921,1.3586356504869515,-0.3715493255630026,0.0,0.0,1.0,0.0,0.0,0
900,-1.154700558156663,-0.19979841928765468,0.12422013592520327,0.9767644117667437,1.3586356504869515,1.5708894135825124,0.0,0.0,1.0,0.0,0.0,0
901,-1.1540594140377531,1.322698916359572,0.8647288086883971,-1.023788323932921,-1.4520117773223713,0.5702391540227016,0.0,1.0,0.0,0.0,0.0,0
902,-1.1534182699188433,-1.0883483087809591,-1.2393421015397916,0.9767644117667437,-0.7493499203700406,-1.43106136509692,1.0,0.0,0.0,0.0,0.0,1
903,-1.1527771257999333,1.5962305029182957,-0.5232905242506256,0.9767644117667437,-0.04668806341770988,-0.8424435653558547,0.0,0.0,0.0,1.0,0.0,1
904,-1.1521359816810235,-0.9549497879804392,-0.3813439412408406,0.9767644117667437,0.6559737935346208,0.09934491422984955,0.0,0.0,0.0,1.0,0.0,1
905,-1.1514948375621137,-0.578881992675076,0.03735260769175175,0.9767644117667437,0.6559737935346208,-0.018378645718363482,0.0,0.0,0.0,0.0,1.0,1
906,-1.1508536934432039,0.9260070485777868,1.474134641010778,0.9767644117667437,0.6559737935346208,0.2759302541521691,1.0,0.0,0.0,0.0,0.0,1
907,-1.150212549324294,-0.34251265702002137,1.2857423847904814,-1.023788323932921,-0.04668806341770988,-1.3133378051487068,0.0,0.0,1.0,0.0,0.0,0
908,-1.149571405205384,0.4080781791256545,-1.2583914106275587,-1.023788323932921,-0.7493499203700406,-1.4899231450710264,0.0,1.0,0.0,0.0,0.0,0
909,-1.1489302610864742,-0.16464981747181362,-1.1267978058025756,-1.023788323932921,1.3586356504869515,0.39365381410038214,0.0,0.0,0.0,0.0,1.0,0
910,-1.1482891169675644,0.8776293949007224,-0.4910803029778536,-1.023788323932921,0.6559737935346208,-1.0778906852522807,0.0,0.0,0.0,1.0,0.0,0
911,-1.1476479728486546,-0.9214916510058794,-0.7211435227704579,0.9767644117667437,1.3586356504869515,-0.31268754558889605,0.0,0.0,1.0,0.0,0.0,1
912,-1.1470068287297446,-1.516043336549065,0.3932123895885355,-1.023788323932921,-1.4520117773223713,0.15820669420395606,0.0,0.0,1.0,0.0,0.0,0
913,-1.1463656846108348,-0.6709001419734949,1.3836856943810845,0.9767644117667437,-1.4520117773223713,0.5113773740485952,0.0,1.0,0.0,0.0,0.0,0
914,-1.145724540491925,-0.06057757430341767,1.5883643929215918,0.9767644117667437,-1.4520117773223713,-0.3715493255630026,0.0,0.0,0.0,1.0,0.0,1
915,-1.1450833963730151,-1.132579167890456,0.5267588423306212,-1.023788323932921,0.6559737935346208,-1.1367524652263874,1.0,0.0,0.0,0.0,0.0,0
916,-1.1444422522541051,-0.4788640511001105,1.1614630234594634,-1.023788323932921,-0.04668806341770988,0.6879627139709147,0.0,0.0,1.0,0.0,0.0,0
917,-1.1438011081351953,-0.3207152623375073,0.08517805138734784,0.9767644117667437,0.6559737935346208,0.2759302541521691,0.0,1.0,0.0,0.0,0.0,1
918,-1.1431599640162855,-1.5197748092052341,-1.0045821135846935,-1.023788323932921,-1.4520117773223713,0.5702391540227016,1.0,0.0,0.0,0.0,0.0,0
919,-1.1425188198973757,0.3209144243460318,0.08341109155274334,-1.023788323932921,-1.4520117773223713,-1.7253702649674525,0.0,0.0,0.0,1.0,0.0,0
920,-1.1418776757784657,1.3745326494569368,0.1879392187622973,-1.023788323932921,0.6559737935346208,-1.3133378051487068,0.0,0.0,1.0,0.0,0.0,0
921,-1.1412365316595559,-1.1895487008139332,0.8323371898067122,-1.023788323932921,-0.04668806341770988,-0.4304111055371091,1.0,0.0,0.0,0.0,0.0,0
922,-1.140595387540646,0.37166669778312383,-0.9648399278956988,0.9767644117667437,-0.04668806341770988,-0.6069964454594287,1.0,0.0,0.0,0.0,0.0,1
923,-1.1399542434217362,0.6059239995217323,-0.45438586786699925,0.9767644117667437,1.3586356504869515,0.09934491422984955,1.0,0.0,0.0,0.0,0.0,1
924,-1.1393130993028262,-0.2529849851453513,-0.46911515893180483,-1.023788323932921,-0.7493499203700406,-1.1367524652263874,0.0,0.0,1.0,0.0,0.0,0
925,-1.1386719551839164,0.7331773230776388,1.578556315340093,0.9767644117667437,-1.4520117773223713,-1.3721995851228133,0.0,0.0,1.0,0.0,0.0,1
926,-1.1380308110650066,-0.28309572421720486,-0.1942723071404376,0.9767644117667437,-0.04668806341770988,1.629751193556619,0.0,0.0,0.0,0.0,1.0,1
927,-1.1373896669460968,0.045571759882154485,0.8757948235715162,-1.023788323932921,-1.4520117773223713,-0.018378645718363482,0.0,0.0,0.0,1.0,0.0,0
928,-1.1367485228271867,-1.694909209221118,0.8610666569094584,-1.023788323932921,-0.7493499203700406,1.6886129735307256,0.0,1.0,0.0,0.0,0.0,0
929,-1.136107378708277,0.7003564285686651,-0.8078073071050209,0.9767644117667437,-1.4520117773223713,1.0411333938155538,1.0,0.0,0.0,0.0,0.0,1
930,-1.1354662345893671,0.5940362534624397,0.2456714005020929,0.9767644117667437,-0.04668806341770988,0.5113773740485952,0.0,0.0,0.0,0.0,1.0,0
931,-1.1348250904704573,-1.5862426612938059,1.3545458164998974,0.9767644117667437,1.3586356504869515,-1.0190289052781742,0.0,1.0,0.0,0.0,0.0,0
932,-1.1341839463515473,-0.4317795645820398,-0.0867914875330378,-1.023788323932921,0.6559737935346208,0.6879627139709147,0.0,0.0,0.0,0.0,1.0,0
933,-1.1335428022326375,1.7059394508750914,1.5293014705707497,0.9767644117667437,0.6559737935346208,1.0999951737896603,0.0,0.0,1.0,0.0,0.0,0
934,-1.1329016581137277,-0.24807843675958943,-0.9834961268485382,0.9767644117667437,-0.04668806341770988,-1.6076467050192393,1.0,0.0,0.0,0.0,0.0,1
935,-1.1322605139948179,0.03615024507291674,-1.4659963991135132,-1.023788323932921,-0.04668806341770988,-1.3721995851228133,0.0,1.0,0.0,0.0,0.0,0
936,-1.1316193698759078,1.4640854908017673,1.3447478008401395,0.9767644117667437,-0.7493499203700406,0.7468244939450213,0.0,1.0,0.0,0.0,0.0,0
937,-1.130978225756998,0.7897518815681253,1.1942099559918657,-1.023788323932921,-1.4520117773223713,-1.0190289052781742,0.0,1.0,0.0,0.0,0.0,0
938,-1.1303370816380882,0.3165845491731757,1.6925628665849621,-1.023788323932921,-0.7493499203700406,0.39365381410038214,0.0,1.0,0.0,0.0,0.0,0
939,-1.1296959375191784,1.0716494521869666,0.6154546240502546,0.9767644117667437,0.6559737935346208,-0.31268754558889605,0.0,1.0,0.0,0.0,0.0,1
940,-1.1290547934002684,1.30461314186351,1.5003114464847824,-1.023788323932921,-1.4520117773223713,-0.4304111055371091,0.0,0.0,0.0,0.0,1.0,0
941,-1.1284136492813586,-0.12154916392502882,1.1229103013311135,-1.023788323932921,-0.7493499203700406,1.2177187337378734,1.0,0.0,0.0,0.0,0.0,0
942,-1.1277725051624488,-0.05777864640703682,1.183016207002036,0.9767644117667437,0.6559737935346208,0.9822716138414473,0.0,0.0,1.0,0.0,0.0,0
943,-1.127131361043539,-0.3694771626362125,0.2362891742476487,-1.023788323932921,-1.4520117773223713,0.15820669420395606,0.0,0.0,1.0,0.0,0.0,0
944,-1.1264902169246291,1.6627998422702401,-0.40605225898303077,0.9767644117667437,1.3586356504869515,-1.4899231450710264,0.0,0.0,1.0,0.0,0.0,1
945,-1.125849072805719,0.7194177670714721,1.492986702262245,-1.023788323932921,1.3586356504869515,0.09934491422984955,0.0,0.0,1.0,0.0,0.0,0
946,-1.1252079286868093,-1.4293662515262044,-0.23494903553942245,-1.023788323932921,-0.7493499203700406,-0.018378645718363482,0.0,0.0,0.0,0.0,1.0,0
947,-1.1245667845678995,1.299689930132971,0.13200861331695035,0.9767644117667437,-0.04668806341770988,0.040483134255743035,0.0,0.0,0.0,1.0,0.0,1
948,-1.1239256404489897,-0.03869828293528295,-0.18681174434850872,0.9767644117667437,-1.4520117773223713,-1.0190289052781742,1.0,0.0,0.0,0.0,0.0,1
949,-1.1232844963300797,-1.4800079068346013,0.22142113813539718,0.9767644117667437,-0.7493499203700406,0.6879627139709147,0.0,1.0,0.0,0.0,0.0,0
950,-1.1226433522111698,0.20335038651777848,-0.10292986562499254,-1.023788323932921,-0.04668806341770988,-1.4899231450710264,0.0,0.0,0.0,1.0,0.0,0
951,-1.12200220809226,-0.26058132960596353,-1.5560712929021274,0.9767644117667437,-0.04668806341770988,-0.4304111055371091,0.0,0.0,1.0,0.0,0.0,1
952,-1.1213610639733502,1.351453752664521,1.3124008660223705,-1.023788323932921,-1.4520117773223713,-1.7253702649674525,0.0,0.0,0.0,1.0,0.0,0
953,-1.1207199198544402,-1.0066692422474914,-0.1927286453844315,0.9767644117667437,-1.4520117773223713,-1.1956142452004939,1.0,0.0,0.0,0.0,0.0,1
954,-1.1200787757355304,1.1719584006055135,0.30439015599476305,-1.023788323932921,-0.04668806341770988,1.1588569537637667,0.0,1.0,0.0,0.0,0.0,0
955,-1.1194376316166206,0.23125019005360087,-1.2423573398959817,0.9767644117667437,0.6559737935346208,-0.19496398564068304,0.0,1.0,0.0,0.0,0.0,1
956,-1.1187964874977108,-1.5295101232137047,-1.709384599187906,-1.023788323932921,-0.7493499203700406,1.3943040736601928,1.0,0.0,0.0,0.0,0.0,0
957,-1.1181553433788007,1.680786763372863,-0.8774627992542215,0.9767644117667437,-1.4520117773223713,-1.3133378051487068,1.0,0.0,0.0,0.0,0.0,1
958,-1.117514199259891,0.07349438359863456,0.7020938634236924,-1.023788323932921,-0.04668806341770988,1.27658051371198,0.0,0.0,1.0,0.0,0.0,0
959,-1.1168730551409811,-0.7025837905953243,-1.3798975073022108,-1.023788323932921,0.6559737935346208,-1.6076467050192393,0.0,1.0,0.0,0.0,0.0,0
960,-1.1162319110220713,-0.07773381753442843,1.4047032783073474,-1.023788323932921,1.3586356504869515,-0.6658582254335351,0.0,0.0,0.0,1.0,0.0,0
961,-1.1155907669031613,1.2818336332786595,-0.9815553148733026,-1.023788323932921,-0.04668806341770988,1.2177187337378734,0.0,0.0,0.0,0.0,1.0,0
962,-1.1149496227842515,-0.6534922366349692,-1.0174213525981817,0.9767644117667437,0.6559737935346208,-1.666508484993346,0.0,0.0,0.0,0.0,1.0,1
963,-1.1143084786653417,-1.0462826512021144,-1.0968148186225424,-1.023788323932921,1.3586356504869515,1.0999951737896603,1.0,0.0,0.0,0.0,0.0,0
964,-1.1136673345464319,-1.2688988989578305,-1.6729514226144824,0.9767644117667437,0.6559737935346208,0.040483134255743035,0.0,0.0,1.0,0.0,0.0,1
965,-1.1130261904275218,-0.6781450809745193,0.9332670562221204,-1.023788323932921,-1.4520117773223713,1.0411333938155538,0.0,0.0,0.0,0.0,1.0,0
966,-1.112385046308612,1.0095018678511005,1.2882803280830106,0.9767644117667437,-0.04668806341770988,1.3354422936860864,0.0,1.0,0.0,0.0,0.0,0
967,-1.1117439021897022,-0.06996554827670681,0.391120565749871,-1.023788323932921,1.3586356504869515,-1.1956142452004939,1.0,0.0,0.0,0.0,0.0,0
968,-1.1111027580707924,-0.9244653976486557,-1.073800408992172,-1.023788323932921,0.6559737935346208,1.3354422936860864,0.0,0.0,0.0,1.0,0.0,0
969,-1.1104616139518824,-1.1390018007008336,-0.7399410974787423,0.9767644117667437,1.3586356504869515,-0.8424435653558547,1.0,0.0,0.0,0.0,0.0,1
970,-1.1098204698329726,-0.5561007810354383,-0.0842844723059173,0.9767644117667437,-0.7493499203700406,0.39365381410038214,0.0,0.0,0.0,1.0,0.0,1
971,-1.1091793257140627,1.5690644049825981,1.5610388525684011,-1.023788323932921,-0.04668806341770988,-0.6069964454594287,1.0,0.0,0.0,0.0,0.0,0
972,-1.108538181595153,-0.5200607422286165,-0.8703738933861699,0.9767644117667437,-1.4520117773223713,-1.6076467050192393,1.0,0.0,0.0,0.0,0.0,1
973,-1.107897037476243,1.737762020114021,0.795154997193317,0.9767644117667437,1.3586356504869515,0.2759302541521691,1.0,0.0,0.0,0.0,0.0,1
974,-1.107255893357333,-0.022351611072053013,-0.20973695715542187,0.9767644117667437,0.6559737935346208,0.21706847417806258,0.0,0.0,0.0,1.0,0.0,1
975,-1.1066147492384233,-1.0935759476569384,-0.6967140599287663,-1.023788323932921,1.3586356504869515,-0.5481346654853221,0.0,0.0,0.0,1.0,0.0,0
976,-1.1059736051195135,1.398320783089612,-0.15310312968123668,0.9767644117667437,0.6559737935346208,0.3347920341262756,1.0,0.0,0.0,0.0,0.0,1
977,-1.1053324610006035,-0.1094137058315679,-1.4761499060643106,-1.023788323932921,1.3586356504869515,0.09934491422984955,0.0,0.0,0.0,0.0,1.0,0
978,-1.1046913168816936,0.7631852302116513,1.0257161387534002,0.9767644117667437,-1.4520117773223713,1.3943040736601928,0.0,0.0,1.0,0.0,0.0,1
979,-1.1040501727627838,1.7223184186901004,-0.8843002651507295,0.9767644117667437,-1.4520117773223713,-0.7247200054076417,0.0,0.0,1.0,0.0,0.0,1
980,-1.103409028643874,-1.545032334528636,0.7737165104667537,-1.023788323932921,-0.04668806341770988,0.21706847417806258,0.0,0.0,1.0,0.0,0.0,0
981,-1.1027678845249642,-1.382216400086888,-1.4859799943301542,0.9767644117667437,-1.4520117773223713,1.512027633608406,0.0,0.0,0.0,1.0,0.0,1
982,-1.1021267404060542,0.8009338219653215,1.5636271217422932,0.9767644117667437,1.3586356504869515,0.45251559407448866,0.0,0.0,0.0,1.0,0.0,0
983,-1.1014855962871444,-0.7342650161676748,-1.0572412135397302,0.9767644117667437,1.3586356504869515,-1.6076467050192393,0.0,0.0,0.0,0.0,1.0,1
984,-1.1008444521682346,-1.0755949157721059,1.314787211721844,0.9767644117667437,-1.4520117773223713,1.3354422936860864,0.0,0.0,1.0,0.0,0.0,0
985,-1.1002033080493248,-1.5828791793956383,1.0628095287223958,0.9767644117667437,-0.7493499203700406,-1.6076467050192393,0.0,0.0,1.0,0.0,0.0,0
986,-1.0995621639304147,-1.6441817778352459,1.6075145198814058,0.9767644117667437,1.3586356504869515,-0.19496398564068304,1.0,0.0,0.0,0.0,0.0,0
987,-1.098921019811505,0.9900333294202391,-0.07753023936083915,0.9767644117667437,-0.04668806341770988,-1.666508484993346,0.0,0.0,0.0,1.0,0.0,1
988,-1.098279875692595,-1.2501314171205635,0.7805436762844618,-1.023788323932921,-0.7493499203700406,-1.6076467050192393,0.0,0.0,1.0,0.0,0.0,0
989,-1.0976387315736853,-0.0836355615227767,-0.44613112408750805,-1.023788323932921,-1.4520117773223713,-0.7835817853817482,0.0,0.0,0.0,0.0,1.0,1
990,-1.0969975874547753,0.39997727818779594,-1.0869780918778407,-1.023788323932921,0.6559737935346208,0.9234098338673408,0.0,0.0,0.0,0.0,1.0,0
991,-1.0963564433358655,-0.22142531635634197,-0.19726096411311433,-1.023788323932921,1.3586356504869515,0.5113773740485952,0.0,0.0,1.0,0.0,0.0,0
992,-1.0957152992169557,-1.6257721334539328,-1.1510111361450412,-1.023788323932921,0.6559737935346208,1.3943040736601928,0.0,0.0,0.0,1.0,0.0,0
993,-1.0950741550980458,1.021588725858287,1.6562968701481784,0.9767644117667437,-0.04668806341770988,1.3354422936860864,0.0,0.0,0.0,0.0,1.0,0
994,-1.0944330109791358,-1.6838486674897968,-1.3900360567865044,-1.023788323932921,-0.7493499203700406,0.45251559407448866,1.0,0.0,0.0,0.0,0.0,0
995,-1.093791866860226,0.9459487004614561,0.30531208787008807,-1.023788323932921,0.6559737935346208,0.5702391540227016,0.0,0.0,0.0,0.0,1.0,0
996,-1.0931507227413162,1.405896129646307,0.4334252455422451,0.9767644117667437,-0.04668806341770988,-0.6658582254335351,0.0,1.0,0.0,0.0,0.0,1
997,-1.0925095786224064,-0.20571701994380265,0.1294642961920121,-1.023788323932921,0.6559737935346208,-0.6658582254335351,0.0,1.0,0.0,0.0,0.0,0
998,-1.0918684345034964,0.15373904501137672,0.5562762583326197,0.9767644117667437,0.6559737935346208,0.8056862739191277,0.0,0.0,0.0,1.0,0.0,0
999,-1.0912272903845865,-0.05121610185254809,-1.3214804083129608,0.9767644117667437,-0.04668806341770988,-1.4899231450710264,0.0,0.0,1.0,0.0,0.0,1
1000,-1.0905861462656767,-0.3584253603898634,0.18771885186849677,-1.023788323932921,1.3586356504869515,-1.4899231450710264,0.0,0.0,0.0,1.0,0.0,0
1001,-1.089945002146767,1.385316439337221,-0.7332879370877525,-1.023788323932921,0.6559737935346208,-0.9601671253040678,0.0,0.0,0.0,1.0,0.0,0
1002,-1.089303858027857,1.4080976711723359,1.512307436430908,0.9767644117667437,-0.04668806341770988,-0.19496398564068304,0.0,0.0,0.0,1.0,0.0,1
1003,-1.088662713908947,-0.5452967587542483,0.8997916624533253,0.9767644117667437,0.6559737935346208,1.0999951737896603,0.0,0.0,0.0,1.0,0.0,0
1004,-1.0880215697900373,0.43208230802655423,1.6235219295019179,-1.023788323932921,1.3586356504869515,1.0411333938155538,1.0,0.0,0.0,0.0,0.0,0
1005,-1.0873804256711275,1.5235059307885,-1.59187726283639,0.9767644117667437,-0.04668806341770988,0.3347920341262756,1.0,0.0,0.0,0.0,0.0,1
1006,-1.0867392815522174,1.6465332282503584,-0.7404391514718409,-1.023788323932921,0.6559737935346208,1.5708894135825124,0.0,0.0,0.0,0.0,1.0,0
1007,-1.0860981374333076,0.06069777278625802,-1.0489612740727936,-1.023788323932921,-1.4520117773223713,0.5702391540227016,0.0,1.0,0.0,0.0,0.0,0
1008,-1.0854569933143978,-0.13577048307453218,-1.6826741412312183,-1.023788323932921,1.3586356504869515,0.2759302541521691,0.0,0.0,0.0,1.0,0.0,0
1009,-1.084815849195488,-0.7452223345513721,-0.8876574897847642,-1.023788323932921,0.6559737935346208,-0.5481346654853221,0.0,0.0,0.0,0.0,1.0,0
1010,-1.084174705076578,1.6353801270843311,0.6133309747627591,0.9767644117667437,-0.7493499203700406,-1.4899231450710264,0.0,1.0,0.0,0.0,0.0,1
1011,-1.0835335609576682,-1.2207985812311521,-0.9263018008546959,0.9767644117667437,-0.04668806341770988,1.4531658536342995,0.0,0.0,1.0,0.0,0.0,0
1012,-1.0828924168387584,0.30874266895587615,0.029469196060413923,-1.023788323932921,0.6559737935346208,-0.3715493255630026,1.0,0.0,0.0,0.0,0.0,0
1013,-1.0822512727198486,-0.7317266116340735,1.3322441282067712,-1.023788323932921,1.3586356504869515,1.5708894135825124,0.0,1.0,0.0,0.0,0.0,0
1014,-1.0816101286009385,-0.7441234328492699,0.6648550927754817,0.9767644117667437,1.3586356504869515,0.5113773740485952,0.0,0.0,1.0,0.0,0.0,0
1015,-1.0809689844820287,-0.30326590973240464,-0.3638737269701833,0.9767644117667437,-0.7493499203700406,1.1588569537637667,0.0,1.0,0.0,0.0,0.0,1
1016,-1.080327840363119,1.7751027317808858,-0.4400842475168436,0.9767644117667437,-0.7493499203700406,-0.3715493255630026,1.0,0.0,0.0,0.0,0.0,1
1017,-1.079686696244209,-1.5282641204601606,-0.15372258760027455,0.9767644117667437,0.6559737935346208,0.5702391540227016,1.0,0.0,0.0,0.0,0.0,0
1018,-1.0790455521252993,0.3042355524520346,-1.1121755516942198,0.9767644117667437,-1.4520117773223713,0.7468244939450213,0.0,0.0,0.0,0.0,1.0,1
1019,-1.0784044080063893,-1.4316444119593312,0.459345308890824,-1.023788323932921,1.3586356504869515,0.9234098338673408,0.0,0.0,0.0,1.0,0.0,0
1020,-1.0777632638874795,-1.1798260687349884,-0.46868407030814235,-1.023788323932921,-1.4520117773223713,1.1588569537637667,0.0,1.0,0.0,0.0,0.0,0
1021,-1.0771221197685696,-0.1821866351279393,1.210319139145026,-1.023788323932921,-1.4520117773223713,-1.0190289052781742,0.0,1.0,0.0,0.0,0.0,0
1022,-1.0764809756496598,0.06595154911509854,0.8808113884358016,-1.023788323932921,0.6559737935346208,0.45251559407448866,0.0,0.0,1.0,0.0,0.0,0
1023,-1.0758398315307498,-0.8148784554160995,0.37856950137446854,0.9767644117667437,-0.04668806341770988,0.8645480538932343,1.0,0.0,0.0,0.0,0.0,0
1024,-1.07519868741184,-0.613053536479919,-0.46851416743728286,0.9767644117667437,-0.04668806341770988,1.629751193556619,0.0,1.0,0.0,0.0,0.0,0
1025,-1.0745575432929302,-1.4162625168801104,-0.999062782174442,-1.023788323932921,-0.04668806341770988,-1.7253702649674525,1.0,0.0,0.0,0.0,0.0,0
1026,-1.0739163991740204,-0.6593838815333434,0.9482146697247575,-1.023788323932921,-0.7493499203700406,0.7468244939450213,0.0,1.0,0.0,0.0,0.0,0
1027,-1.0732752550551103,1.6622828941609482,-0.04823462744150475,0.9767644117667437,1.3586356504869515,0.5113773740485952,0.0,0.0,0.0,0.0,1.0,1
1028,-1.0726341109362005,1.5858048022071902,-0.9481017462700181,-1.023788323932921,-0.7493499203700406,-1.1956142452004939,0.0,0.0,0.0,1.0,0.0,0
1029,-1.0719929668172907,-0.5485799933315816,-1.0498140688778281,-1.023788323932921,1.3586356504869515,-1.666508484993346,0.0,1.0,0.0,0.0,0.0,0
1030,-1.071351822698381,0.2773281803409237,-1.1522083182339382,0.9767644117667437,1.3586356504869515,-0.8424435653558547,1.0,0.0,0.0,0.0,0.0,1
1031,-1.0707106785794709,1.46291381547688,0.9516858461706199,0.9767644117667437,1.3586356504869515,0.39365381410038214,0.0,0.0,0.0,0.0,1.0,0
1032,-1.070069534460561,-1.6990014532768523,-0.9335298473962405,0.9767644117667437,0.6559737935346208,-0.8424435653558547,0.0,1.0,0.0,0.0,0.0,1
1033,-1.0694283903416513,1.1167252041298408,0.09013054798208736,-1.023788323932921,-0.04668806341770988,-0.4304111055371091,0.0,0.0,1.0,0.0,0.0,0
1034,-1.0687872462227415,1.5986222988764685,-0.1681304625683118,0.9767644117667437,-0.7493499203700406,-0.25382576561478953,0.0,0.0,0.0,1.0,0.0,1
1035,-1.0681461021038314,-1.401007139292339,0.27229406049406324,0.9767644117667437,-0.7493499203700406,-0.8424435653558547,0.0,1.0,0.0,0.0,0.0,0
1036,-1.0675049579849216,-1.1555822659663102,1.2955724526143566,-1.023788323932921,0.6559737935346208,-0.19496398564068304,0.0,0.0,0.0,0.0,1.0,0
1037,-1.0668638138660118,1.641940578288462,1.263219247824878,0.9767644117667437,1.3586356504869515,0.9822716138414473,0.0,0.0,1.0,0.0,0.0,0
1038,-1.066222669747102,0.16073083614055067,-0.1697478257870287,-1.023788323932921,-0.04668806341770988,0.6291009339968082,0.0,0.0,0.0,0.0,1.0,0
1039,-1.065581525628192,-1.6709568355657356,-1.6681898829064814,-1.023788323932921,-1.4520117773223713,-0.018378645718363482,0.0,0.0,0.0,0.0,1.0,0
1040,-1.0649403815092822,-0.8189398566239762,-0.25446022315706734,-1.023788323932921,-1.4520117773223713,0.15820669420395606,0.0,0.0,1.0,0.0,0.0,0
1041,-1.0642992373903724,-0.14585436119501471,0.3637139485337708,-1.023788323932921,0.6559737935346208,0.09934491422984955,0.0,0.0,0.0,0.0,1.0,0
1042,-1.0636580932714625,0.7045171844958373,0.1971633804580996,0.9767644117667437,-0.04668806341770988,-1.2544760251746003,0.0,0.0,1.0,0.0,0.0,1
1043,-1.0630169491525525,0.8453961956721169,0.5189629692050147,-1.023788323932921,-1.4520117773223713,-1.1367524652263874,0.0,1.0,0.0,0.0,0.0,0
1044,-1.0623758050336427,1.7633028457865128,-1.1911565201101824,0.9767644117667437,-1.4520117773223713,0.39365381410038214,0.0,0.0,1.0,0.0,0.0,1
1045,-1.061734660914733,-0.7143634886024136,0.502451909581652,0.9767644117667437,-0.7493499203700406,-1.43106136509692,0.0,0.0,1.0,0.0,0.0,0
1046,-1.061093516795823,0.16311067095634438,-1.09288168733196,0.9767644117667437,-0.04668806341770988,-0.018378645718363482,0.0,0.0,0.0,1.0,0.0,1
1047,-1.060452372676913,0.14597286862429731,0.8600782622443623,0.9767644117667437,-1.4520117773223713,0.5702391540227016,0.0,0.0,1.0,0.0,0.0,1
1048,-1.0598112285580032,-0.3008975763746499,-0.554885383167986,0.9767644117667437,-0.7493499203700406,-0.9013053453299612,0.0,0.0,1.0,0.0,0.0,1
1049,-1.0591700844390934,-1.1285827539935969,0.7203533327842301,-1.023788323932921,-0.04668806341770988,1.6886129735307256,0.0,1.0,0.0,0.0,0.0,0
1050,-1.0585289403201836,1.7004260232253408,-1.5564219406390172,0.9767644117667437,1.3586356504869515,1.0411333938155538,0.0,0.0,0.0,1.0,0.0,1
1051,-1.0578877962012736,1.265941671062104,-0.3183713777128126,-1.023788323932921,-0.04668806341770988,-0.018378645718363482,1.0,0.0,0.0,0.0,0.0,0
1052,-1.0572466520823638,0.02350702698942725,0.7036362580185339,-1.023788323932921,0.6559737935346208,-0.7247200054076417,0.0,1.0,0.0,0.0,0.0,0
1053,-1.056605507963454,0.3906974784736634,-0.9408092467816855,-1.023788323932921,-0.7493499203700406,-1.0778906852522807,0.0,1.0,0.0,0.0,0.0,0
1054,-1.0559643638445442,-0.9252373169600437,1.0140221363711006,0.9767644117667437,1.3586356504869515,1.4531658536342995,1.0,0.0,0.0,0.0,0.0,0
1055,-1.0553232197256341,0.18259490537257406,0.44826790589119603,0.9767644117667437,-0.7493499203700406,-1.5487849250451329,0.0,0.0,1.0,0.0,0.0,1
1056,-1.0546820756067243,0.7117314042903781,0.29963776908112505,0.9767644117667437,-0.7493499203700406,1.5708894135825124,0.0,0.0,0.0,0.0,1.0,0
1057,-1.0540409314878145,0.08242555735134284,-0.5051519813114463,0.9767644117667437,-1.4520117773223713,1.3943040736601928,0.0,0.0,0.0,1.0,0.0,1
1058,-1.0533997873689047,1.7453257909879736,-0.06184523906554209,-1.023788323932921,-0.04668806341770988,-0.8424435653558547,0.0,0.0,0.0,0.0,1.0,0
1059,-1.052758643249995,0.41903406992090525,0.33329788900803436,0.9767644117667437,-0.7493499203700406,-0.4304111055371091,1.0,0.0,0.0,0.0,0.0,1
1060,-1.0521174991310849,-0.42224702242835765,-0.0961994609077352,0.9767644117667437,-0.7493499203700406,-1.1367524652263874,0.0,1.0,0.0,0.0,0.0,1
1061,-1.051476355012175,0.9818658803037377,0.6805215019272322,-1.023788323932921,0.6559737935346208,1.3943040736601928,0.0,1.0,0.0,0.0,0.0,0
1062,-1.0508352108932653,-1.1240306282161707,-0.22951611906593394,-1.023788323932921,0.6559737935346208,1.6886129735307256,0.0,0.0,0.0,1.0,0.0,0
1063,-1.0501940667743555,-0.3748500465891097,-1.0254015117659232,-1.023788323932921,0.6559737935346208,-0.3715493255630026,0.0,1.0,0.0,0.0,0.0,0
1064,-1.0495529226554454,-0.5062980197499602,-0.9852997417520957,-1.023788323932921,-0.7493499203700406,-0.4892728855112156,0.0,1.0,0.0,0.0,0.0,0
1065,-1.0489117785365356,-0.20933188193288257,-1.701076047834413,-1.023788323932921,1.3586356504869515,0.5113773740485952,0.0,0.0,0.0,1.0,0.0,0
1066,-1.0482706344176258,1.0155629056158637,-0.6860172502679649,-1.023788323932921,-0.04668806341770988,1.512027633608406,0.0,0.0,0.0,1.0,0.0,0
1067,-1.047629490298716,-0.026052564158368045,0.854553925576864,-1.023788323932921,-0.7493499203700406,-0.9013053453299612,1.0,0.0,0.0,0.0,0.0,0
1068,-1.046988346179806,1.0583837492374344,1.0101554521545255,0.9767644117667437,-1.4520117773223713,1.0999951737896603,0.0,1.0,0.0,0.0,0.0,1
1069,-1.0463472020608962,0.2970504070412319,-1.024733090458546,0.9767644117667437,1.3586356504869515,-0.9013053453299612,0.0,1.0,0.0,0.0,0.0,1
1070,-1.0457060579419863,-0.5234111882675585,1.5771958181571057,-1.023788323932921,1.3586356504869515,-1.1956142452004939,1.0,0.0,0.0,0.0,0.0,0
1071,-1.0450649138230765,1.1142583305173426,0.006769008719681738,-1.023788323932921,-0.04668806341770988,-0.13610220566657652,0.0,0.0,1.0,0.0,0.0,0
1072,-1.0444237697041665,-0.886637465373223,1.4325299569005443,0.9767644117667437,1.3586356504869515,0.3347920341262756,0.0,0.0,1.0,0.0,0.0,0
1073,-1.0437826255852567,-0.9353104947712753,0.7095884832090625,-1.023788323932921,-0.04668806341770988,1.3943040736601928,0.0,0.0,1.0,0.0,0.0,0
1074,-1.0431414814663469,0.04510148990414734,0.7634725145890741,-1.023788323932921,1.3586356504869515,-0.7835817853817482,1.0,0.0,0.0,0.0,0.0,0
1075,-1.042500337347437,-0.8076795812461558,-1.4285636513187252,-1.023788323932921,-0.04668806341770988,0.3347920341262756,0.0,1.0,0.0,0.0,0.0,0
1076,-1.041859193228527,-1.6888402912408382,-0.9644680351703929,-1.023788323932921,0.6559737935346208,-0.4892728855112156,1.0,0.0,0.0,0.0,0.0,0
1077,-1.0412180491096172,0.548378586888272,-1.690720748521711,-1.023788323932921,0.6559737935346208,-0.4304111055371091,1.0,0.0,0.0,0.0,0.0,0
1078,-1.0405769049907074,0.06816944686497338,0.7417864076616485,0.9767644117667437,1.3586356504869515,-0.07724042569247,0.0,0.0,1.0,0.0,0.0,1
1079,-1.0399357608717976,-0.16134474685151354,-0.536483969395847,-1.023788323932921,1.3586356504869515,-0.4892728855112156,0.0,0.0,0.0,0.0,1.0,0
1080,-1.0392946167528876,1.663718146044918,0.9843272790314274,-1.023788323932921,-0.04668806341770988,-1.1367524652263874,0.0,1.0,0.0,0.0,0.0,0
1081,-1.0386534726339778,0.27853653759704283,-0.5554060373174821,-1.023788323932921,-0.04668806341770988,0.3347920341262756,0.0,0.0,1.0,0.0,0.0,0
1082,-1.038012328515068,1.3013417576245152,1.09672074932766,0.9767644117667437,-0.7493499203700406,0.8056862739191277,0.0,0.0,0.0,0.0,1.0,0
1083,-1.0373711843961582,-1.2325727262521275,-1.2715536000359173,0.9767644117667437,0.6559737935346208,-0.07724042569247,0.0,0.0,0.0,0.0,1.0,1
1084,-1.0367300402772481,0.2715620703114027,-1.12479108434949,-1.023788323932921,-0.7493499203700406,1.4531658536342995,0.0,0.0,0.0,1.0,0.0,0
1085,-1.0360888961583383,1.3172598019501824,-0.5487331178135995,-1.023788323932921,-0.7493499203700406,0.6879627139709147,0.0,1.0,0.0,0.0,0.0,0
1086,-1.0354477520394285,0.32020921180605877,-0.3162138235440434,-1.023788323932921,-1.4520117773223713,0.09934491422984955,0.0,0.0,0.0,0.0,1.0,1
1087,-1.0348066079205187,0.7923849184801686,-0.5218179246338078,-1.023788323932921,-0.04668806341770988,-0.9601671253040678,0.0,0.0,1.0,0.0,0.0,0
1088,-1.0341654638016087,-0.4185025590257867,0.9052095212215938,0.9767644117667437,-1.4520117773223713,-0.7247200054076417,0.0,0.0,0.0,1.0,0.0,1
1089,-1.0335243196826989,-1.3970739312031335,-1.3876118423630077,0.9767644117667437,-1.4520117773223713,0.45251559407448866,0.0,1.0,0.0,0.0,0.0,1
1090,-1.032883175563789,-0.11800641031934624,-0.5131713529541853,-1.023788323932921,-0.7493499203700406,0.39365381410038214,1.0,0.0,0.0,0.0,0.0,0
1091,-1.0322420314448792,-0.3399778047820916,1.1583018122639908,-1.023788323932921,-1.4520117773223713,0.21706847417806258,0.0,0.0,1.0,0.0,0.0,0
1092,-1.0316008873259692,1.3140417723868232,-1.4913150231470063,0.9767644117667437,-0.04668806341770988,1.5708894135825124,0.0,0.0,0.0,0.0,1.0,1
1093,-1.0309597432070594,-0.8666679133617282,1.5197614566152589,0.9767644117667437,-0.7493499203700406,0.8645480538932343,0.0,0.0,0.0,0.0,1.0,0
1094,-1.0303185990881496,1.6628981477943763,1.6709893857735894,-1.023788323932921,-0.04668806341770988,-0.4304111055371091,0.0,0.0,1.0,0.0,0.0,0
1095,-1.0296774549692398,1.632812010718111,-1.4164424241363875,-1.023788323932921,1.3586356504869515,0.09934491422984955,0.0,0.0,0.0,0.0,1.0,0
1096,-1.02903631085033,-0.853940822362481,-0.7193254298727757,-1.023788323932921,-1.4520117773223713,0.9234098338673408,0.0,0.0,0.0,1.0,0.0,0
1097,-1.02839516673142,-0.5024725324147366,-0.44031904357819934,0.9767644117667437,-0.7493499203700406,-1.6076467050192393,0.0,1.0,0.0,0.0,0.0,1
1098,-1.0277540226125101,1.4137754315975366,0.949038345641341,0.9767644117667437,0.6559737935346208,1.4531658536342995,0.0,0.0,0.0,1.0,0.0,0
1099,-1.0271128784936003,1.662506127684807,0.32840583234070453,0.9767644117667437,-0.04668806341770988,0.7468244939450213,0.0,0.0,0.0,0.0,1.0,0
1100,-1.0264717343746905,-0.16862017961922351,0.49499116971240475,0.9767644117667437,-1.4520117773223713,1.6886129735307256,1.0,0.0,0.0,0.0,0.0,1
1101,-1.0258305902557805,-0.5971639615397959,0.8841031502155511,-1.023788323932921,-0.04668806341770988,-0.4892728855112156,0.0,1.0,0.0,0.0,0.0,0
1102,-1.0251894461368707,0.12066969932580117,-1.3152961660114681,0.9767644117667437,-0.04668806341770988,-0.4304111055371091,0.0,1.0,0.0,0.0,0.0,1
1103,-1.0245483020179609,0.6865283616763522,1.1444404433888797,0.9767644117667437,1.3586356504869515,-1.5487849250451329,0.0,0.0,1.0,0.0,0.0,1
1104,-1.023907157899051,-0.7634914907655848,0.7056490908650077,0.9767644117667437,-0.04668806341770988,-1.0190289052781742,0.0,0.0,1.0,0.0,0.0,0
1105,-1.023266013780141,0.8569908908754481,0.2644901836022468,-1.023788323932921,1.3586356504869515,0.09934491422984955,1.0,0.0,0.0,0.0,0.0,0
1106,-1.0226248696612312,-1.5398453521210604,1.3388376054915685,0.9767644117667437,1.3586356504869515,1.629751193556619,0.0,1.0,0.0,0.0,0.0,0
1107,-1.0219837255423214,-1.5481153113818449,0.6873756964932112,0.9767644117667437,1.3586356504869515,-0.07724042569247,1.0,0.0,0.0,0.0,0.0,0
1108,-1.0213425814234116,-0.36864847601821554,-1.027372859627042,0.9767644117667437,-1.4520117773223713,0.5702391540227016,0.0,0.0,1.0,0.0,0.0,1
1109,-1.0207014373045016,-0.48349835571960237,-0.24310583283407972,-1.023788323932921,-0.04668806341770988,0.5702391540227016,0.0,0.0,1.0,0.0,0.0,0
1110,-1.0200602931855918,-0.6159372177537735,-0.021981469057492216,0.9767644117667437,-0.04668806341770988,1.4531658536342995,0.0,1.0,0.0,0.0,0.0,0
1111,-1.019419149066682,-0.002089198531942613,-1.5311377097271526,-1.023788323932921,1.3586356504869515,0.8645480538932343,0.0,0.0,0.0,1.0,0.0,0
1112,-1.0187780049477722,-0.5980860758372313,1.5620415574592563,-1.023788323932921,-0.04668806341770988,1.4531658536342995,0.0,0.0,0.0,0.0,1.0,0
1113,-1.0181368608288621,-1.0477473125844305,-1.278847869954671,0.9767644117667437,-0.04668806341770988,-1.1956142452004939,0.0,0.0,1.0,0.0,0.0,1
1114,-1.0174957167099523,-0.6375098776552393,0.6775912085226347,-1.023788323932921,1.3586356504869515,-1.0190289052781742,0.0,0.0,1.0,0.0,0.0,0
1115,-1.0168545725910425,1.6914930781709947,0.019934651207283723,0.9767644117667437,0.6559737935346208,0.8645480538932343,0.0,0.0,0.0,1.0,0.0,0
1116,-1.0162134284721327,-0.28175917761468805,-1.6328842640297394,-1.023788323932921,0.6559737935346208,1.512027633608406,0.0,0.0,0.0,1.0,0.0,0
1117,-1.0155722843532227,-0.16416235609885454,1.4592472500911884,-1.023788323932921,1.3586356504869515,-0.7835817853817482,1.0,0.0,0.0,0.0,0.0,0
1118,-1.0149311402343129,0.297246709314894,1.2085014449125115,0.9767644117667437,-1.4520117773223713,0.45251559407448866,1.0,0.0,0.0,0.0,0.0,1
1119,-1.014289996115403,1.7210205772600433,0.08193062087372496,0.9767644117667437,-0.04668806341770988,-1.666508484993346,0.0,0.0,0.0,0.0,1.0,1
1120,-1.0136488519964932,-0.8750469372352597,-0.9336840873642556,-1.023788323932921,-0.04668806341770988,-0.7835817853817482,0.0,0.0,0.0,0.0,1.0,0
1121,-1.0130077078775832,0.6638237073625709,-1.3027645231016942,-1.023788323932921,0.6559737935346208,0.8056862739191277,0.0,1.0,0.0,0.0,0.0,0
1122,-1.0123665637586734,0.7852817790896068,-0.47129894123321864,-1.023788323932921,1.3586356504869515,-0.25382576561478953,1.0,0.0,0.0,0.0,0.0,0
1123,-1.0117254196397636,0.40497384398042796,-0.8425967355314042,-1.023788323932921,-1.4520117773223713,1.4531658536342995,0.0,0.0,1.0,0.0,0.0,0
1124,-1.0110842755208538,-1.4106229440314502,0.021517196353382766,0.9767644117667437,1.3586356504869515,0.45251559407448866,1.0,0.0,0.0,0.0,0.0,0
1125,-1.0104431314019438,0.6483894090066379,1.602525690536127,-1.023788323932921,0.6559737935346208,0.39365381410038214,0.0,0.0,1.0,0.0,0.0,0
1126,-1.009801987283034,-1.4963149606141268,0.2562768566403942,-1.023788323932921,0.6559737935346208,-1.4899231450710264,0.0,0.0,0.0,1.0,0.0,0
1127,-1.0091608431641241,0.3658379707950729,1.3395107065419942,0.9767644117667437,-0.04668806341770988,-0.31268754558889605,1.0,0.0,0.0,0.0,0.0,1
1128,-1.0085196990452143,0.8678688132174774,0.517390385743323,-1.023788323932921,-0.7493499203700406,-1.2544760251746003,0.0,0.0,0.0,1.0,0.0,0
1129,-1.0078785549263043,-0.9822559324423158,-0.08662363578144681,0.9767644117667437,-1.4520117773223713,-0.13610220566657652,0.0,0.0,0.0,0.0,1.0,1
1130,-1.0072374108073945,1.2250088706276177,1.2180302964424923,0.9767644117667437,-1.4520117773223713,-0.4892728855112156,0.0,0.0,0.0,0.0,1.0,1
1131,-1.0065962666884847,-1.6144071879172701,-0.09996183012263389,0.9767644117667437,-0.7493499203700406,-0.07724042569247,0.0,1.0,0.0,0.0,0.0,1
1132,-1.0059551225695749,1.2326768058689999,1.266248324456764,-1.023788323932921,0.6559737935346208,0.2759302541521691,1.0,0.0,0.0,0.0,0.0,0
1133,-1.005313978450665,-0.10950583381892874,-0.7182790982134258,0.9767644117667437,1.3586356504869515,1.4531658536342995,0.0,0.0,0.0,1.0,0.0,1
1134,-1.004672834331755,-0.959092944610038,-1.2780368896899879,0.9767644117667437,-1.4520117773223713,-0.6069964454594287,0.0,0.0,1.0,0.0,0.0,1
1135,-1.0040316902128452,-1.2524248871413282,1.2204613895249008,0.9767644117667437,-0.7493499203700406,-1.4899231450710264,0.0,0.0,0.0,0.0,1.0,0
1136,-1.0033905460939354,1.6159038128082466,0.29913357083353537,-1.023788323932921,-0.04668806341770988,0.5113773740485952,0.0,0.0,0.0,0.0,1.0,0
1137,-1.0027494019750256,-1.4663171319831803,1.3366264936549377,-1.023788323932921,-0.04668806341770988,0.8056862739191277,0.0,0.0,1.0,0.0,0.0,0
1138,-1.0021082578561156,-1.0238232482763603,1.5042295256088831,-1.023788323932921,0.6559737935346208,0.09934491422984955,0.0,0.0,0.0,1.0,0.0,0
1139,-1.0014671137372058,-0.5032761541596403,-1.5366032248788983,-1.023788323932921,-1.4520117773223713,0.5113773740485952,0.0,0.0,0.0,1.0,0.0,0
1140,-1.000825969618296,0.45015999614307234,0.001839112651588256,0.9767644117667437,1.3586356504869515,-1.1956142452004939,1.0,0.0,0.0,0.0,0.0,1
1141,-1.0001848254993861,0.18614392915915728,-0.43150163807235126,0.9767644117667437,-1.4520117773223713,0.5702391540227016,1.0,0.0,0.0,0.0,0.0,1
1142,-0.9995436813804762,-1.2808959440788634,0.43134302484689574,0.9767644117667437,-0.04668806341770988,-0.7835817853817482,0.0,1.0,0.0,0.0,0.0,0
1143,-0.9989025372615663,-0.7066048052486483,1.0081899764434135,-1.023788323932921,-1.4520117773223713,0.39365381410038214,0.0,0.0,0.0,0.0,1.0,0
1144,-0.9982613931426565,-0.8850201264085991,-0.7560627633553777,0.9767644117667437,-0.04668806341770988,-0.9013053453299612,1.0,0.0,0.0,0.0,0.0,1
1145,-0.9976202490237466,-0.9732506307263786,0.19383993797270957,-1.023788323932921,-0.7493499203700406,-1.2544760251746003,0.0,0.0,0.0,1.0,0.0,0
1146,-0.9969791049048368,-0.28165096027989467,0.7163404273156543,-1.023788323932921,-0.7493499203700406,0.09934491422984955,0.0,0.0,1.0,0.0,0.0,0
1147,-0.9963379607859268,0.7434457694676392,-1.258716092534627,-1.023788323932921,-0.04668806341770988,-0.4304111055371091,0.0,0.0,0.0,1.0,0.0,0
1148,-0.995696816667017,-0.9595654678414053,1.0786076297843012,0.9767644117667437,1.3586356504869515,-1.1367524652263874,0.0,0.0,0.0,0.0,1.0,0
1149,-0.9950556725481071,-0.4372788176399973,0.3634252802946779,0.9767644117667437,1.3586356504869515,-1.0190289052781742,0.0,0.0,0.0,1.0,0.0,1
1150,-0.9944145284291973,-0.35244457933329343,1.5445019740663295,-1.023788323932921,-1.4520117773223713,-0.7247200054076417,0.0,1.0,0.0,0.0,0.0,0
1151,-0.9937733843102874,1.6969259330241573,-0.5533676958433572,0.9767644117667437,-0.04668806341770988,1.0999951737896603,0.0,0.0,0.0,0.0,1.0,1
1152,-0.9931322401913776,1.6206609374016687,-1.3491128614248815,-1.023788323932921,0.6559737935346208,1.512027633608406,0.0,0.0,1.0,0.0,0.0,0
1153,-0.9924910960724677,1.079814541996964,0.020863770767867756,0.9767644117667437,1.3586356504869515,-1.2544760251746003,0.0,1.0,0.0,0.0,0.0,1
1154,-0.9918499519535579,-0.8748451835025629,-1.4259253577276692,-1.023788323932921,1.3586356504869515,0.6879627139709147,0.0,0.0,0.0,0.0,1.0,0
1155,-0.9912088078346479,-1.482515959987077,1.613246092310077,-1.023788323932921,-0.7493499203700406,-1.4899231450710264,0.0,0.0,1.0,0.0,0.0,0
1156,-0.9905676637157381,-0.6114890249974526,-1.5879949219989888,-1.023788323932921,1.3586356504869515,0.7468244939450213,0.0,1.0,0.0,0.0,0.0,0
1157,-0.9899265195968282,-0.786871185072404,0.8703264546281794,0.9767644117667437,1.3586356504869515,-0.4892728855112156,0.0,1.0,0.0,0.0,0.0,0
1158,-0.9892853754779184,0.05008151650161656,0.08483482376282002,0.9767644117667437,1.3586356504869515,0.09934491422984955,0.0,0.0,0.0,0.0,1.0,1
1159,-0.9886442313590085,1.0013813132215055,-0.45331882229847525,0.9767644117667437,-0.04668806341770988,0.9822716138414473,1.0,0.0,0.0,0.0,0.0,1
1160,-0.9880030872400987,1.2834616640575287,-1.4945990469662769,0.9767644117667437,-0.04668806341770988,-1.666508484993346,0.0,1.0,0.0,0.0,0.0,1
1161,-0.9873619431211887,1.2363560526543418,0.41864774470148425,0.9767644117667437,-0.7493499203700406,1.6886129735307256,0.0,1.0,0.0,0.0,0.0,0
1162,-0.9867207990022789,-0.4617902368053346,0.29158535406920216,-1.023788323932921,-1.4520117773223713,-0.5481346654853221,0.0,0.0,1.0,0.0,0.0,0
1163,-0.986079654883369,0.6846563564406457,-0.7550549158101113,0.9767644117667437,1.3586356504869515,-0.13610220566657652,0.0,0.0,0.0,1.0,0.0,1
1164,-0.9854385107644592,-0.6257337020627688,1.4092919121561356,-1.023788323932921,-1.4520117773223713,1.27658051371198,0.0,0.0,0.0,0.0,1.0,0
1165,-0.9847973666455493,-1.5074769588843662,-0.675176258495308,0.9767644117667437,-0.04668806341770988,-0.3715493255630026,0.0,0.0,0.0,0.0,1.0,1
1166,-0.9841562225266395,0.7348141838566372,-0.17439286130864023,0.9767644117667437,1.3586356504869515,-0.3715493255630026,1.0,0.0,0.0,0.0,0.0,1
1167,-0.9835150784077296,-1.6862485002491556,0.14900830346657376,0.9767644117667437,-1.4520117773223713,-0.9601671253040678,1.0,0.0,0.0,0.0,0.0,1
1168,-0.9828739342888198,-0.2885170270882305,-1.3763299816444412,-1.023788323932921,-1.4520117773223713,0.39365381410038214,0.0,0.0,0.0,0.0,1.0,0
1169,-0.9822327901699099,-0.567826412735465,1.4847454452626188,0.9767644117667437,0.6559737935346208,-0.19496398564068304,1.0,0.0,0.0,0.0,0.0,1
1170,-0.981591646051,0.7061573676422779,-0.432974929438969,-1.023788323932921,-0.04668806341770988,-0.3715493255630026,0.0,0.0,1.0,0.0,0.0,0
1171,-0.9809505019320902,0.961193103205215,-1.443229300645623,0.9767644117667437,-0.7493499203700406,-1.43106136509692,0.0,0.0,0.0,0.0,1.0,1
1172,-0.9803093578131803,-0.6563219235123132,-0.3891093580958528,-1.023788323932921,-0.7493499203700406,-0.25382576561478953,1.0,0.0,0.0,0.0,0.0,0
1173,-0.9796682136942705,1.1200272321667617,0.3431104380272957,-1.023788323932921,0.6559737935346208,1.3943040736601928,0.0,0.0,0.0,0.0,1.0,0
1174,-0.9790270695753606,-0.6919442035048382,0.045458269388075595,-1.023788323932921,-1.4520117773223713,-0.9013053453299612,0.0,0.0,0.0,1.0,0.0,0
1175,-0.9783859254564508,-0.15851486019709185,0.6675515181590024,-1.023788323932921,0.6559737935346208,-0.07724042569247,0.0,1.0,0.0,0.0,0.0,0
1176,-0.9777447813375408,0.8238998882072288,-1.5302218293570335,0.9767644117667437,0.6559737935346208,0.3347920341262756,0.0,0.0,0.0,0.0,1.0,1
1177,-0.977103637218631,0.7045567978799357,-0.7424770311287111,0.9767644117667437,-0.04668806341770988,-1.1956142452004939,0.0,1.0,0.0,0.0,0.0,1
1178,-0.9764624930997211,1.7351174284599777,1.0963659204044098,-1.023788323932921,1.3586356504869515,-0.13610220566657652,1.0,0.0,0.0,0.0,0.0,0
1179,-0.9758213489808113,-0.932587361035766,-1.4462746979747392,0.9767644117667437,-1.4520117773223713,1.6886129735307256,0.0,1.0,0.0,0.0,0.0,1
1180,-0.9751802048619014,0.5974495473184397,1.2210511589424056,-1.023788323932921,-0.7493499203700406,1.2177187337378734,0.0,0.0,0.0,0.0,1.0,0
1181,-0.9745390607429916,0.4132249983549131,-1.4049974384369261,0.9767644117667437,-0.7493499203700406,-1.2544760251746003,0.0,0.0,0.0,1.0,0.0,1
1182,-0.9738979166240816,1.4821743836725223,1.1487212688833541,0.9767644117667437,0.6559737935346208,-0.5481346654853221,1.0,0.0,0.0,0.0,0.0,1
1183,-0.9732567725051718,-1.1733815293493544,-0.4802545817441577,0.9767644117667437,0.6559737935346208,1.629751193556619,0.0,0.0,0.0,0.0,1.0,0
1184,-0.9726156283862619,0.9106279244292927,0.3844018386561832,-1.023788323932921,0.6559737935346208,-1.1956142452004939,1.0,0.0,0.0,0.0,0.0,0
1185,-0.9719744842673521,0.26827963248132985,-1.1952442715316478,0.9767644117667437,-1.4520117773223713,-1.5487849250451329,0.0,0.0,1.0,0.0,0.0,1
1186,-0.9713333401484422,-0.7593217835798488,-1.4934759897304442,-1.023788323932921,0.6559737935346208,1.3943040736601928,0.0,1.0,0.0,0.0,0.0,0
1187,-0.9706921960295324,-0.06013570535236422,-0.9784063716477702,0.9767644117667437,0.6559737935346208,-1.5487849250451329,0.0,0.0,1.0,0.0,0.0,1
1188,-0.9700510519106225,-0.5524358883103441,-1.2813358497914926,-1.023788323932921,1.3586356504869515,-1.43106136509692,0.0,0.0,0.0,0.0,1.0,0
1189,-0.9694099077917127,0.3069360769586613,-0.646646006524392,0.9767644117667437,-1.4520117773223713,-0.25382576561478953,0.0,0.0,0.0,1.0,0.0,1
1190,-0.9687687636728027,1.3908326593923803,0.04797077607925009,-1.023788323932921,-0.04668806341770988,0.5702391540227016,1.0,0.0,0.0,0.0,0.0,0
1191,-0.9681276195538929,0.2719068920506562,0.30375672876744314,-1.023788323932921,-0.04668806341770988,-0.8424435653558547,0.0,1.0,0.0,0.0,0.0,0
1192,-0.967486475434983,0.4903661682192616,0.9953859630782108,-1.023788323932921,1.3586356504869515,-1.3133378051487068,1.0,0.0,0.0,0.0,0.0,0
1193,-0.9668453313160732,0.09495832293265884,0.5358274992105639,0.9767644117667437,-0.7493499203700406,-0.13610220566657652,0.0,0.0,0.0,0.0,1.0,1
1194,-0.9662041871971633,-1.541566815731952,0.37253446526152717,-1.023788323932921,-0.04668806341770988,-0.8424435653558547,1.0,0.0,0.0,0.0,0.0,0
1195,-0.9655630430782535,-0.9056462116202049,-0.30488328930420505,0.9767644117667437,-1.4520117773223713,0.45251559407448866,0.0,1.0,0.0,0.0,0.0,1
1196,-0.9649218989593435,0.0013476577252148883,-0.09156935164938201,-1.023788323932921,-0.7493499203700406,1.0999951737896603,0.0,0.0,0.0,0.0,1.0,0
1197,-0.9642807548404337,-0.6348298277361875,-0.29546432337542816,-1.023788323932921,0.6559737935346208,-1.7253702649674525,1.0,0.0,0.0,0.0,0.0,0
1198,-0.9636396107215238,-1.0844771420845478,1.1752428381196833,-1.023788323932921,-1.4520117773223713,-0.6658582254335351,0.0,0.0,0.0,1.0,0.0,0
1199,-0.962998466602614,0.043806212758482815,-0.9300451376510295,0.9767644117667437,-0.7493499203700406,1.1588569537637667,0.0,0.0,0.0,0.0,1.0,1
1200,-0.9623573224837041,-0.5908193948226464,-1.7013609321534555,0.9767644117667437,-0.04668806341770988,-0.7835817853817482,0.0,0.0,0.0,0.0,1.0,1
1201,-0.9617161783647943,-0.8172751144681263,0.5189072265805861,0.9767644117667437,0.6559737935346208,1.0999951737896603,0.0,0.0,0.0,1.0,0.0,0
1202,-0.9610750342458844,-0.09670865210348531,-1.0247515186344087,0.9767644117667437,0.6559737935346208,-0.13610220566657652,0.0,0.0,1.0,0.0,0.0,1
1203,-0.9604338901269746,-1.2541534775445775,1.3401437743073652,0.9767644117667437,-1.4520117773223713,0.8056862739191277,0.0,1.0,0.0,0.0,0.0,0
1204,-0.9597927460080646,1.5264395056423583,1.2332955826320064,0.9767644117667437,0.6559737935346208,-1.0778906852522807,0.0,0.0,1.0,0.0,0.0,1
1205,-0.9591516018891548,1.316288458857239,-1.457163919713201,0.9767644117667437,-0.7493499203700406,-1.43106136509692,1.0,0.0,0.0,0.0,0.0,1
1206,-0.958510457770245,0.7560076352894903,-1.3551571760468382,-1.023788323932921,1.3586356504869515,-1.3721995851228133,0.0,0.0,0.0,1.0,0.0,0
1207,-0.9578693136513351,-1.3488992285368706,-0.018099689499240644,-1.023788323932921,-0.04668806341770988,-1.3133378051487068,0.0,0.0,1.0,0.0,0.0,0
1208,-0.9572281695324253,0.9949040702936258,0.37413136075137743,0.9767644117667437,-1.4520117773223713,-1.6076467050192393,0.0,0.0,0.0,0.0,1.0,1
1209,-0.9565870254135154,1.1071834324393983,-0.7756032127185467,0.9767644117667437,1.3586356504869515,1.0999951737896603,1.0,0.0,0.0,0.0,0.0,1
1210,-0.9559458812946056,0.9665100681335109,0.7440908551284446,0.9767644117667437,1.3586356504869515,-0.5481346654853221,1.0,0.0,0.0,0.0,0.0,1
1211,-0.9553047371756956,-1.3217672365963782,0.3249296379367007,0.9767644117667437,-1.4520117773223713,-1.3133378051487068,0.0,0.0,1.0,0.0,0.0,1
1212,-0.9546635930567858,0.533015213624979,-0.6039387496814181,0.9767644117667437,-0.7493499203700406,-0.13610220566657652,0.0,0.0,1.0,0.0,0.0,1
1213,-0.9540224489378759,1.1994688330698975,-1.63378104553934,-1.023788323932921,-0.04668806341770988,1.6886129735307256,0.0,0.0,0.0,1.0,0.0,0
1214,-0.9533813048189661,0.30007612618600976,0.8587930791524848,0.9767644117667437,-1.4520117773223713,-0.018378645718363482,0.0,1.0,0.0,0.0,0.0,1
1215,-0.9527401607000562,0.541763107408887,-0.9824800963237251,0.9767644117667437,1.3586356504869515,0.09934491422984955,0.0,0.0,1.0,0.0,0.0,1
1216,-0.9520990165811464,-0.11638527820292038,1.1487884292515256,0.9767644117667437,1.3586356504869515,-1.1367524652263874,0.0,0.0,1.0,0.0,0.0,1
1217,-0.9514578724622365,0.1298161995828926,-0.275622774862582,-1.023788323932921,-1.4520117773223713,-0.6069964454594287,0.0,0.0,0.0,0.0,1.0,1
1218,-0.9508167283433266,-1.6003266153648736,0.26358129403722297,-1.023788323932921,1.3586356504869515,1.1588569537637667,1.0,0.0,0.0,0.0,0.0,0
1219,-0.9501755842244167,0.5157080788439712,1.2811070867546377,-1.023788323932921,-1.4520117773223713,-0.8424435653558547,0.0,1.0,0.0,0.0,0.0,0
1220,-0.9495344401055069,-1.435581688558214,1.2490351328915212,-1.023788323932921,-1.4520117773223713,-0.31268754558889605,0.0,0.0,0.0,0.0,1.0,0
1221,-0.948893295986597,-0.19810572416432182,-0.4433491875745977,0.9767644117667437,-0.04668806341770988,0.8645480538932343,0.0,0.0,0.0,1.0,0.0,1
1222,-0.9482521518676872,-0.6963599882138479,-1.0026495353826355,-1.023788323932921,-1.4520117773223713,-1.2544760251746003,0.0,0.0,0.0,1.0,0.0,0
1223,-0.9476110077487773,0.18833793893337697,0.9447556873129177,-1.023788323932921,1.3586356504869515,1.2177187337378734,0.0,0.0,1.0,0.0,0.0,0
1224,-0.9469698636298675,-1.2536912101882156,-0.23163710276464675,-1.023788323932921,0.6559737935346208,0.5113773740485952,0.0,0.0,1.0,0.0,0.0,0
1225,-0.9463287195109575,0.7000879381454714,-1.0605874128534698,-1.023788323932921,-0.04668806341770988,1.0999951737896603,0.0,0.0,0.0,1.0,0.0,0
1226,-0.9456875753920477,1.0618735247201554,1.3893577545518163,-1.023788323932921,1.3586356504869515,0.5702391540227016,0.0,0.0,1.0,0.0,0.0,0
1227,-0.9450464312731378,-1.1489086462123486,-1.0397390040707521,0.9767644117667437,1.3586356504869515,0.5702391540227016,0.0,1.0,0.0,0.0,0.0,0
1228,-0.944405287154228,-1.3555517663011767,-1.6322827055272797,-1.023788323932921,-0.04668806341770988,-1.6076467050192393,0.0,0.0,1.0,0.0,0.0,0
1229,-0.9437641430353181,-1.211344532540274,-1.6512911836051731,-1.023788323932921,-0.04668806341770988,-0.8424435653558547,1.0,0.0,0.0,0.0,0.0,0
1230,-0.9431229989164083,1.3492773196503212,0.4191582155727018,-1.023788323932921,1.3586356504869515,-1.0778906852522807,0.0,0.0,1.0,0.0,0.0,0
1231,-0.9424818547974984,0.12800301059878483,0.5545194889915558,0.9767644117667437,0.6559737935346208,-0.9013053453299612,0.0,0.0,0.0,0.0,1.0,1
1232,-0.9418407106785885,-0.08524421856415709,-0.6513375776133179,0.9767644117667437,-0.7493499203700406,1.3354422936860864,0.0,1.0,0.0,0.0,0.0,1
1233,-0.9411995665596786,-1.3471562721408497,-0.6204914685698145,0.9767644117667437,1.3586356504869515,-1.5487849250451329,0.0,0.0,0.0,0.0,1.0,1
1234,-0.9405584224407688,0.5527832298583732,-0.5534880777334231,0.9767644117667437,-0.04668806341770988,-0.4304111055371091,0.0,0.0,0.0,0.0,1.0,1
1235,-0.9399172783218589,1.3173296794674616,0.6180857239165356,0.9767644117667437,-1.4520117773223713,-0.19496398564068304,1.0,0.0,0.0,0.0,0.0,1
1236,-0.9392761342029491,1.1779827619618801,-1.5211087799538263,0.9767644117667437,-1.4520117773223713,0.5113773740485952,0.0,1.0,0.0,0.0,0.0,1
1237,-0.9386349900840392,0.47052934373666394,1.4742721782957402,0.9767644117667437,-0.04668806341770988,0.7468244939450213,0.0,1.0,0.0,0.0,0.0,0
1238,-0.9379938459651294,-1.4571712531881096,-0.9557674407135747,0.9767644117667437,-0.04668806341770988,1.512027633608406,0.0,1.0,0.0,0.0,0.0,0
1239,-0.9373527018462194,-1.327258202599205,1.7169230210413136,-1.023788323932921,-0.7493499203700406,0.39365381410038214,0.0,1.0,0.0,0.0,0.0,0
1240,-0.9367115577273096,-1.5480645815775604,-1.1311549793219144,-1.023788323932921,-0.04668806341770988,-1.0190289052781742,0.0,1.0,0.0,0.0,0.0,0
1241,-0.9360704136083997,-0.8194745903074038,0.9323762954327198,0.9767644117667437,-1.4520117773223713,0.7468244939450213,1.0,0.0,0.0,0.0,0.0,0
1242,-0.9354292694894899,-1.2458333121363299,-0.9527014960036857,-1.023788323932921,0.6559737935346208,0.39365381410038214,0.0,0.0,1.0,0.0,0.0,0
1243,-0.9347881253705801,-0.8104837788623777,-1.4429968607267138,0.9767644117667437,-0.04668806341770988,0.5702391540227016,0.0,0.0,0.0,0.0,1.0,0
1244,-0.9341469812516702,-0.3729522146826573,1.2879322692144402,-1.023788323932921,-0.7493499203700406,-0.5481346654853221,0.0,1.0,0.0,0.0,0.0,0
1245,-0.9335058371327604,1.5797687587487397,1.2322808107603722,-1.023788323932921,0.6559737935346208,-0.07724042569247,0.0,0.0,1.0,0.0,0.0,0
1246,-0.9328646930138504,0.41565450924671743,-0.33312378033819573,0.9767644117667437,-0.7493499203700406,-0.07724042569247,0.0,0.0,1.0,0.0,0.0,1
1247,-0.9322235488949406,1.2017402797192664,0.6945626522651406,-1.023788323932921,0.6559737935346208,1.0999951737896603,0.0,0.0,0.0,0.0,1.0,0
1248,-0.9315824047760307,0.7655657614507657,0.19476005870840787,0.9767644117667437,-0.04668806341770988,-1.1367524652263874,1.0,0.0,0.0,0.0,0.0,1
1249,-0.9309412606571209,-1.3268868438341679,1.2123508267442027,0.9767644117667437,-1.4520117773223713,1.2177187337378734,0.0,0.0,0.0,1.0,0.0,0
1250,-0.930300116538211,0.8550562174493596,-0.6375321913059151,-1.023788323932921,0.6559737935346208,1.1588569537637667,0.0,0.0,0.0,1.0,0.0,0
1251,-0.9296589724193012,-0.7578062544691399,0.0799169420540702,0.9767644117667437,1.3586356504869515,-0.13610220566657652,0.0,0.0,1.0,0.0,0.0,0
1252,-0.9290178283003913,0.516214962375811,-0.05180001991588883,-1.023788323932921,-0.7493499203700406,-1.1956142452004939,0.0,0.0,0.0,0.0,1.0,0
1253,-0.9283766841814814,-0.5272872709011235,-0.5039243249428652,-1.023788323932921,0.6559737935346208,-1.4899231450710264,0.0,0.0,0.0,1.0,0.0,0
1254,-0.9277355400625715,1.7711804091386525,1.344751898203101,0.9767644117667437,-0.7493499203700406,1.512027633608406,0.0,0.0,1.0,0.0,0.0,0
1255,-0.9270943959436617,-0.7982218393140472,-1.1505678065057143,0.9767644117667437,-1.4520117773223713,1.5708894135825124,1.0,0.0,0.0,0.0,0.0,1
1256,-0.9264532518247518,-0.7436958047675726,-1.206863129939423,0.9767644117667437,-0.7493499203700406,-0.31268754558889605,0.0,0.0,0.0,1.0,0.0,1
1257,-0.925812107705842,1.5366822526459618,0.26300384693517004,0.9767644117667437,-0.7493499203700406,0.15820669420395606,0.0,0.0,1.0,0.0,0.0,1
1258,-0.9251709635869321,-1.6343899316640944,0.5401412668350436,0.9767644117667437,1.3586356504869515,-0.7835817853817482,0.0,0.0,1.0,0.0,0.0,0
1259,-0.9245298194680223,0.7177473479354666,-1.0517240002417956,-1.023788323932921,-0.7493499203700406,1.0999951737896603,0.0,1.0,0.0,0.0,0.0,0
1260,-0.9238886753491123,0.8179774584733592,-0.3773261374988144,0.9767644117667437,0.6559737935346208,0.15820669420395606,1.0,0.0,0.0,0.0,0.0,1
1261,-0.9232475312302025,1.2066570115471804,1.5342755382669215,-1.023788323932921,-0.7493499203700406,-0.31268754558889605,0.0,1.0,0.0,0.0,0.0,0
1262,-0.9226063871112926,1.6898657235503656,-0.8728980050461604,0.9767644117667437,-0.04668806341770988,0.15820669420395606,0.0,0.0,0.0,0.0,1.0,1
1263,-0.9219652429923828,1.6939348209069918,0.5775119618885624,-1.023788323932921,-0.7493499203700406,1.4531658536342995,0.0,1.0,0.0,0.0,0.0,0
1264,-0.9213240988734729,-1.4921778307577693,0.8243992007857789,-1.023788323932921,-0.04668806341770988,1.3943040736601928,0.0,1.0,0.0,0.0,0.0,0
1265,-0.9206829547545631,1.1557700261439574,-0.179884082736014,-1.023788323932921,-0.7493499203700406,-1.2544760251746003,0.0,0.0,0.0,1.0,0.0,0
1266,-0.9200418106356532,0.5414220646317243,1.5031936043524978,-1.023788323932921,-0.7493499203700406,-0.19496398564068304,0.0,0.0,1.0,0.0,0.0,0
1267,-0.9194006665167433,0.5450347383203609,0.8123876598416363,-1.023788323932921,0.6559737935346208,-0.31268754558889605,1.0,0.0,0.0,0.0,0.0,0
1268,-0.9187595223978334,-1.2714234999271046,-0.14619524107814003,0.9767644117667437,-0.04668806341770988,-1.5487849250451329,0.0,1.0,0.0,0.0,0.0,1
1269,-0.9181183782789236,0.5549922711484635,0.2369550883541369,-1.023788323932921,-0.04668806341770988,-1.2544760251746003,1.0,0.0,0.0,0.0,0.0,0
1270,-0.9174772341600137,1.71801694387298,0.6609191421191587,0.9767644117667437,1.3586356504869515,0.9234098338673408,0.0,1.0,0.0,0.0,0.0,0
1271,-0.9168360900411039,1.4706948779113032,0.3155552473836574,-1.023788323932921,-0.7493499203700406,-0.9013053453299612,0.0,0.0,0.0,0.0,1.0,0
1272,-0.916194945922194,-0.18369960644795194,1.300877868415711,0.9767644117667437,-0.7493499203700406,-0.8424435653558547,0.0,1.0,0.0,0.0,0.0,1
1273,-0.9155538018032842,-1.58082786862556,-0.4936661055252168,-1.023788323932921,0.6559737935346208,-0.8424435653558547,0.0,0.0,0.0,1.0,0.0,0
1274,-0.9149126576843742,-0.45262755917108904,-0.6897038625496886,-1.023788323932921,1.3586356504869515,-1.0190289052781742,0.0,0.0,1.0,0.0,0.0,0
1275,-0.9142715135654644,1.17169836005902,-0.9856260876672933,0.9767644117667437,1.3586356504869515,-0.9601671253040678,0.0,0.0,0.0,0.0,1.0,1
1276,-0.9136303694465545,0.7345826112215501,-1.5910969407607283,0.9767644117667437,0.6559737935346208,-0.4892728855112156,0.0,1.0,0.0,0.0,0.0,1
1277,-0.9129892253276447,-0.11295468898010322,-1.5731071124384952,-1.023788323932921,-0.04668806341770988,-0.5481346654853221,1.0,0.0,0.0,0.0,0.0,0
1278,-0.9123480812087348,-1.5277908251188503,1.2711559730228084,-1.023788323932921,-1.4520117773223713,-1.2544760251746003,0.0,0.0,0.0,0.0,1.0,0
1279,-0.911706937089825,-0.22652503028807913,0.6120143663099358,0.9767644117667437,0.6559737935346208,1.4531658536342995,0.0,0.0,0.0,0.0,1.0,0
1280,-0.9110657929709152,-0.07907046482252535,0.5505898375065328,-1.023788323932921,-0.04668806341770988,0.6291009339968082,0.0,1.0,0.0,0.0,0.0,0
1281,-0.9104246488520052,1.5292737824004128,0.3927717254194654,-1.023788323932921,1.3586356504869515,1.3354422936860864,0.0,0.0,0.0,0.0,1.0,0
1282,-0.9097835047330954,0.5231388052041398,1.1994990818116713,0.9767644117667437,0.6559737935346208,-1.5487849250451329,1.0,0.0,0.0,0.0,0.0,1
1283,-0.9091423606141855,-0.6298681521279913,-0.06935806874920264,-1.023788323932921,-1.4520117773223713,-1.1956142452004939,0.0,0.0,0.0,0.0,1.0,0
1284,-0.9085012164952757,0.1179546001798092,1.2723790327015578,-1.023788323932921,-0.7493499203700406,0.2759302541521691,1.0,0.0,0.0,0.0,0.0,0
1285,-0.9078600723763658,-1.4894529265979224,-0.4848745589536201,0.9767644117667437,0.6559737935346208,1.3354422936860864,0.0,1.0,0.0,0.0,0.0,0
1286,-0.907218928257456,1.6833170133253081,1.4659879498815604,-1.023788323932921,-1.4520117773223713,-1.2544760251746003,0.0,0.0,1.0,0.0,0.0,0
1287,-0.9065777841385461,-0.4604450550583194,0.6817033637753168,0.9767644117667437,-1.4520117773223713,1.2177187337378734,0.0,0.0,0.0,0.0,1.0,1
1288,-0.9059366400196363,-0.04812225849627936,-0.8365822788345458,0.9767644117667437,0.6559737935346208,1.0411333938155538,0.0,0.0,1.0,0.0,0.0,1
1289,-0.9052954959007263,-0.47716066865520423,0.21889894154744685,-1.023788323932921,-0.04668806341770988,-0.8424435653558547,1.0,0.0,0.0,0.0,0.0,0
1290,-0.9046543517818165,0.6681273415779861,0.11210043224429327,-1.023788323932921,0.6559737935346208,1.0999951737896603,0.0,0.0,0.0,0.0,1.0,0
1291,-0.9040132076629066,0.5971494064775387,-1.2467902520984928,0.9767644117667437,1.3586356504869515,-0.7247200054076417,0.0,0.0,0.0,1.0,0.0,1
1292,-0.9033720635439968,0.7829634570375509,0.3122974915347915,0.9767644117667437,-1.4520117773223713,-1.1956142452004939,0.0,0.0,1.0,0.0,0.0,1
1293,-0.9027309194250869,-0.782150842100717,-0.6384619321562034,-1.023788323932921,-1.4520117773223713,-0.5481346654853221,0.0,0.0,0.0,0.0,1.0,0
1294,-0.9020897753061771,-0.6158137884491045,-1.5410039559837303,0.9767644117667437,-0.7493499203700406,1.2177187337378734,0.0,0.0,1.0,0.0,0.0,0
1295,-0.9014486311872671,-1.282268847734323,1.541471181406324,-1.023788323932921,-1.4520117773223713,1.3943040736601928,0.0,0.0,0.0,0.0,1.0,0
1296,-0.9008074870683573,0.5736219414512469,0.4851026674759585,0.9767644117667437,-0.7493499203700406,-0.9013053453299612,0.0,1.0,0.0,0.0,0.0,1
1297,-0.9001663429494474,-1.5813558252408815,1.2947609374545856,0.9767644117667437,-1.4520117773223713,-0.9013053453299612,0.0,0.0,1.0,0.0,0.0,1
1298,-0.8995251988305376,0.3712268287185294,0.6039767440515583,0.9767644117667437,-1.4520117773223713,-1.1367524652263874,0.0,0.0,0.0,1.0,0.0,1
1299,-0.8988840547116277,1.323266657459297,-0.4933392899897809,-1.023788323932921,0.6559737935346208,0.5702391540227016,0.0,0.0,0.0,1.0,0.0,0
1300,-0.8982429105927179,1.3972429894230247,0.04214093207341746,0.9767644117667437,0.6559737935346208,1.3943040736601928,1.0,0.0,0.0,0.0,0.0,0
1301,-0.897601766473808,-0.14902503455040716,0.6029132261064523,0.9767644117667437,1.3586356504869515,1.0411333938155538,0.0,0.0,0.0,0.0,1.0,0
1302,-0.8969606223548982,-0.11309457369740784,1.5813513590719182,0.9767644117667437,-0.04668806341770988,0.6879627139709147,0.0,0.0,1.0,0.0,0.0,0
1303,-0.8963194782359882,-1.4512546681343121,-0.8486454693788577,0.9767644117667437,1.3586356504869515,0.6291009339968082,1.0,0.0,0.0,0.0,0.0,0
1304,-0.8956783341170784,0.6270142031592247,1.288082674992624,-1.023788323932921,-1.4520117773223713,0.9822716138414473,0.0,0.0,1.0,0.0,0.0,0
1305,-0.8950371899981685,1.153740384003118,1.4569441976969812,0.9767644117667437,1.3586356504869515,1.3943040736601928,0.0,0.0,0.0,0.0,1.0,0
1306,-0.8943960458792587,-0.8643587988974453,0.5845786319123643,-1.023788323932921,0.6559737935346208,0.39365381410038214,0.0,0.0,0.0,1.0,0.0,0
1307,-0.8937549017603488,-0.24610333578728666,1.481667150600429,0.9767644117667437,-1.4520117773223713,-0.6069964454594287,0.0,1.0,0.0,0.0,0.0,1
1308,-0.893113757641439,1.215269600591255,-0.35269836768620716,0.9767644117667437,-1.4520117773223713,0.21706847417806258,0.0,0.0,0.0,1.0,0.0,1
1309,-0.892472613522529,1.3492524900216258,1.5564656445215885,-1.023788323932921,1.3586356504869515,-0.4892728855112156,1.0,0.0,0.0,0.0,0.0,0
1310,-0.8918314694036192,-0.8695215179089272,0.6958926645802536,-1.023788323932921,-0.7493499203700406,1.0411333938155538,0.0,1.0,0.0,0.0,0.0,0
1311,-0.8911903252847093,0.20633719051684127,-1.5765743850485257,0.9767644117667437,-0.04668806341770988,-0.7247200054076417,1.0,0.0,0.0,0.0,0.0,1
1312,-0.8905491811657995,-1.0469240065644252,1.3977748730708188,0.9767644117667437,1.3586356504869515,-0.8424435653558547,0.0,0.0,0.0,0.0,1.0,0
1313,-0.8899080370468896,-1.3640718295843701,-0.05489368851207484,0.9767644117667437,1.3586356504869515,-1.4899231450710264,0.0,1.0,0.0,0.0,0.0,1
1314,-0.8892668929279798,1.4682516588833294,-0.13793317217007833,-1.023788323932921,-0.04668806341770988,-1.7253702649674525,1.0,0.0,0.0,0.0,0.0,0
1315,-0.8886257488090699,1.1511086985020755,0.2270897505117703,0.9767644117667437,-1.4520117773223713,-0.6658582254335351,0.0,0.0,0.0,0.0,1.0,1
1316,-0.88798460469016,0.9394562782379172,-1.2072898951528432,-1.023788323932921,-1.4520117773223713,-1.1956142452004939,0.0,0.0,0.0,1.0,0.0,1
1317,-0.8873434605712502,-1.5499639054660739,-0.10753490183798245,0.9767644117667437,-0.7493499203700406,-0.5481346654853221,0.0,0.0,0.0,0.0,1.0,1
1318,-0.8867023164523403,1.2323825598978704,1.1372794474083778,-1.023788323932921,1.3586356504869515,-1.0190289052781742,0.0,0.0,1.0,0.0,0.0,0
1319,-0.8860611723334305,-0.1875026232614734,-1.6677902326123968,-1.023788323932921,-0.04668806341770988,1.4531658536342995,0.0,0.0,0.0,0.0,1.0,0
1320,-0.8854200282145206,-0.5222712871258697,-0.7824510354026032,-1.023788323932921,1.3586356504869515,-0.3715493255630026,0.0,0.0,0.0,0.0,1.0,0
1321,-0.8847788840956108,0.19200734751230697,-1.7125941626917156,0.9767644117667437,0.6559737935346208,-0.4304111055371091,0.0,0.0,1.0,0.0,0.0,1
1322,-0.8841377399767009,-1.4009108606953058,-0.2913701651680881,0.9767644117667437,1.3586356504869515,-0.4304111055371091,1.0,0.0,0.0,0.0,0.0,1
1323,-0.8834965958577911,0.9275971392541552,0.7837014991656239,-1.023788323932921,1.3586356504869515,-1.1367524652263874,1.0,0.0,0.0,0.0,0.0,0
1324,-0.8828554517388811,0.31786184915909604,1.0260065974239332,-1.023788323932921,0.6559737935346208,0.9822716138414473,0.0,0.0,0.0,0.0,1.0,0
1325,-0.8822143076199713,-1.0675845299358904,1.5295499573024707,-1.023788323932921,0.6559737935346208,-1.666508484993346,0.0,0.0,1.0,0.0,0.0,0
1326,-0.8815731635010614,-1.061837215643541,0.3716619281951209,0.9767644117667437,-0.04668806341770988,-1.43106136509692,0.0,0.0,1.0,0.0,0.0,0
1327,-0.8809320193821516,-1.0757795231205796,-0.8453528658131126,0.9767644117667437,-1.4520117773223713,1.3354422936860864,0.0,0.0,0.0,1.0,0.0,1
1328,-0.8802908752632417,-1.5211378948098244,1.457185428163812,0.9767644117667437,-0.7493499203700406,-1.1367524652263874,1.0,0.0,0.0,0.0,0.0,0
1329,-0.8796497311443319,0.3366335031196057,0.9453392176113242,-1.023788323932921,0.6559737935346208,-0.9013053453299612,0.0,1.0,0.0,0.0,0.0,0
1330,-0.879008587025422,1.2205505013496922,0.2544713031143515,0.9767644117667437,-1.4520117773223713,-1.2544760251746003,1.0,0.0,0.0,0.0,0.0,1
1331,-0.8783674429065121,-1.6594013994323855,0.6713284619987501,0.9767644117667437,-0.04668806341770988,-1.0778906852522807,1.0,0.0,0.0,0.0,0.0,0
1332,-0.8777262987876022,-1.5491297705660518,1.4577645898607794,0.9767644117667437,1.3586356504869515,1.629751193556619,0.0,0.0,0.0,1.0,0.0,0
1333,-0.8770851546686924,0.28403531827034967,0.7289462076462206,-1.023788323932921,-0.04668806341770988,1.6886129735307256,0.0,1.0,0.0,0.0,0.0,0
1334,-0.8764440105497825,1.1475673607882164,-0.45416533498366934,0.9767644117667437,-0.04668806341770988,0.3347920341262756,0.0,0.0,0.0,1.0,0.0,1
1335,-0.8758028664308727,-0.5770676645900344,0.731127183772265,0.9767644117667437,0.6559737935346208,-0.13610220566657652,0.0,1.0,0.0,0.0,0.0,1
1336,-0.8751617223119628,-0.4970040243776676,-1.5825157602262583,0.9767644117667437,-0.7493499203700406,-0.4304111055371091,0.0,0.0,0.0,0.0,1.0,1
1337,-0.874520578193053,0.3665514329182471,-0.39212065954093117,0.9767644117667437,0.6559737935346208,-0.19496398564068304,0.0,1.0,0.0,0.0,0.0,1
1338,-0.873879434074143,-0.7609072032569661,-0.3236572261331575,0.9767644117667437,1.3586356504869515,-0.3715493255630026,0.0,0.0,0.0,1.0,0.0,1
1339,-0.8732382899552332,-1.6275161214480034,-1.147265221941296,-1.023788323932921,0.6559737935346208,-0.9601671253040678,1.0,0.0,0.0,0.0,0.0,0
1340,-0.8725971458363233,0.8526346278118386,-1.641642814085555,-1.023788323932921,1.3586356504869515,1.3943040736601928,0.0,1.0,0.0,0.0,0.0,0
1341,-0.8719560017174135,0.4691125688997936,-1.262326600309368,-1.023788323932921,0.6559737935346208,0.2759302541521691,0.0,1.0,0.0,0.0,0.0,0
1342,-0.8713148575985036,0.31198512362033476,0.5302616967227967,-1.023788323932921,-0.7493499203700406,-0.19496398564068304,0.0,0.0,1.0,0.0,0.0,0
1343,-0.8706737134795938,0.8752290857038381,1.0381018070181476,0.9767644117667437,-1.4520117773223713,-0.5481346654853221,1.0,0.0,0.0,0.0,0.0,1
1344,-0.8700325693606838,0.6426444209019202,1.6774777324941759,0.9767644117667437,-0.7493499203700406,1.0999951737896603,0.0,0.0,0.0,0.0,1.0,0
1345,-0.869391425241774,-1.0000634489470708,-0.5298629971206422,-1.023788323932921,0.6559737935346208,-1.0190289052781742,0.0,0.0,0.0,1.0,0.0,0
1346,-0.8687502811228641,-0.48697083593229495,0.34027895593889057,-1.023788323932921,-0.04668806341770988,-1.3133378051487068,0.0,0.0,0.0,0.0,1.0,0
1347,-0.8681091370039543,-1.2792626846744035,1.5018832452975805,-1.023788323932921,-1.4520117773223713,0.8056862739191277,1.0,0.0,0.0,0.0,0.0,0
1348,-0.8674679928850444,-1.2661487381898802,-1.146565207283047,0.9767644117667437,-0.04668806341770988,0.8056862739191277,0.0,1.0,0.0,0.0,0.0,0
1349,-0.8668268487661346,0.6460215747449432,0.7470067488519432,0.9767644117667437,-0.7493499203700406,0.8056862739191277,0.0,1.0,0.0,0.0,0.0,0
1350,-0.8661857046472247,1.28443174468246,0.875398523816737,0.9767644117667437,-1.4520117773223713,1.6886129735307256,1.0,0.0,0.0,0.0,0.0,1
1351,-0.8655445605283149,1.6488925066509246,-1.415041472424848,-1.023788323932921,0.6559737935346208,0.21706847417806258,0.0,1.0,0.0,0.0,0.0,0
1352,-0.8649034164094049,0.4785527097288552,1.2408720723511482,-1.023788323932921,-0.04668806341770988,0.6879627139709147,0.0,1.0,0.0,0.0,0.0,0
1353,-0.8642622722904951,-1.0762951677485713,1.0752997177985304,-1.023788323932921,0.6559737935346208,-0.4304111055371091,0.0,1.0,0.0,0.0,0.0,0
1354,-0.8636211281715852,-1.3508714002942603,-1.606159990027105,0.9767644117667437,1.3586356504869515,-1.2544760251746003,0.0,0.0,0.0,1.0,0.0,1
1355,-0.8629799840526754,1.1243110478187412,-1.4077888633486453,0.9767644117667437,-1.4520117773223713,-1.7253702649674525,0.0,0.0,0.0,1.0,0.0,1
1356,-0.8623388399337656,0.3049868500069769,-1.552084243021034,-1.023788323932921,-0.04668806341770988,0.3347920341262756,0.0,0.0,1.0,0.0,0.0,0
1357,-0.8616976958148557,0.44333565276127374,-0.5698250380692735,-1.023788323932921,-0.7493499203700406,1.4531658536342995,0.0,0.0,0.0,0.0,1.0,0
1358,-0.8610565516959459,1.014450834377196,0.030451209575244,0.9767644117667437,-0.7493499203700406,0.9234098338673408,1.0,0.0,0.0,0.0,0.0,0
1359,-0.8604154075770359,0.7408060035164084,0.10975211133144877,0.9767644117667437,-0.7493499203700406,-0.8424435653558547,1.0,0.0,0.0,0.0,0.0,1
1360,-0.8597742634581261,1.1999359292175673,-0.800507596506836,-1.023788323932921,-0.7493499203700406,-0.31268754558889605,1.0,0.0,0.0,0.0,0.0,0
1361,-0.8591331193392162,-1.523897560119658,1.414021287454295,-1.023788323932921,-0.04668806341770988,-0.7247200054076417,0.0,0.0,1.0,0.0,0.0,0
1362,-0.8584919752203064,0.8956566999051714,-0.4545495414240865,0.9767644117667437,1.3586356504869515,0.21706847417806258,0.0,0.0,0.0,1.0,0.0,1
1363,-0.8578508311013965,1.2573162371568178,-1.5643849401293806,-1.023788323932921,-0.7493499203700406,0.45251559407448866,0.0,0.0,1.0,0.0,0.0,0
1364,-0.8572096869824867,-0.7191799994227629,-0.6885298578191622,-1.023788323932921,-0.7493499203700406,-1.6076467050192393,1.0,0.0,0.0,0.0,0.0,0
1365,-0.8565685428635768,0.5209029194774206,0.10549347676138288,0.9767644117667437,-0.7493499203700406,-0.6069964454594287,0.0,0.0,0.0,0.0,1.0,1
1366,-0.855927398744667,-0.6210862070386959,-0.31712712796061404,-1.023788323932921,1.3586356504869515,-0.6658582254335351,0.0,1.0,0.0,0.0,0.0,0
1367,-0.855286254625757,1.6322273287546556,-0.7792686501565068,0.9767644117667437,-1.4520117773223713,-1.0190289052781742,0.0,0.0,0.0,1.0,0.0,1
1368,-0.8546451105068472,-1.603663089458396,-1.2694041871225936,-1.023788323932921,-0.7493499203700406,-0.7835817853817482,0.0,0.0,0.0,1.0,0.0,0
1369,-0.8540039663879373,0.30861410722964916,1.0961386770253914,0.9767644117667437,-0.7493499203700406,-0.9601671253040678,0.0,0.0,1.0,0.0,0.0,1
1370,-0.8533628222690275,-1.1378868935546655,1.7047900645277296,-1.023788323932921,-0.7493499203700406,-0.018378645718363482,0.0,0.0,0.0,1.0,0.0,0
1371,-0.8527216781501176,0.7721061749083105,-0.5877130762877091,-1.023788323932921,-1.4520117773223713,-0.4892728855112156,1.0,0.0,0.0,0.0,0.0,1
1372,-0.8520805340312078,-1.1050335783158138,-0.4086094017004406,-1.023788323932921,-0.7493499203700406,0.7468244939450213,1.0,0.0,0.0,0.0,0.0,0
1373,-0.8514393899122978,-0.8968098145254534,0.4044463988127277,0.9767644117667437,-1.4520117773223713,1.0411333938155538,0.0,0.0,1.0,0.0,0.0,0
1374,-0.850798245793388,0.009639377234507624,0.7497438747619329,-1.023788323932921,-1.4520117773223713,0.7468244939450213,1.0,0.0,0.0,0.0,0.0,0
1375,-0.8501571016744781,1.481252125302848,-0.37281374286587654,-1.023788323932921,0.6559737935346208,-0.07724042569247,0.0,0.0,0.0,0.0,1.0,0
1376,-0.8495159575555683,-0.9796502678782241,1.3910916528600477,0.9767644117667437,0.6559737935346208,1.1588569537637667,0.0,0.0,1.0,0.0,0.0,0
1377,-0.8488748134366584,-1.2158086127751104,0.2048642778013123,-1.023788323932921,-0.7493499203700406,-1.666508484993346,0.0,0.0,0.0,0.0,1.0,0
1378,-0.8482336693177486,0.9357530629544661,-0.17210702068454597,0.9767644117667437,-0.04668806341770988,1.4531658536342995,0.0,1.0,0.0,0.0,0.0,1
1379,-0.8475925251988387,0.03150972729513478,0.5029253143595905,0.9767644117667437,0.6559737935346208,1.3354422936860864,0.0,0.0,0.0,0.0,1.0,0
1380,-0.8469513810799288,1.4705777787934753,1.5557354317126655,0.9767644117667437,0.6559737935346208,-1.3133378051487068,0.0,1.0,0.0,0.0,0.0,1
1381,-0.8463102369610189,-1.2074978029198693,1.0114952691515267,-1.023788323932921,-0.04668806341770988,-0.9601671253040678,0.0,1.0,0.0,0.0,0.0,0
1382,-0.8456690928421091,0.5400849330771039,-1.5834272278502197,0.9767644117667437,1.3586356504869515,0.21706847417806258,0.0,0.0,0.0,0.0,1.0,1
1383,-0.8450279487231992,-0.9055741497299808,-0.578194461869216,-1.023788323932921,-0.7493499203700406,-1.0190289052781742,0.0,0.0,1.0,0.0,0.0,0
1384,-0.8443868046042894,-1.1719875359448124,-0.10279365746155673,0.9767644117667437,1.3586356504869515,-1.1956142452004939,1.0,0.0,0.0,0.0,0.0,1
1385,-0.8437456604853795,0.6713392136023627,-0.6393837834283087,-1.023788323932921,1.3586356504869515,-1.3133378051487068,1.0,0.0,0.0,0.0,0.0,0
1386,-0.8431045163664697,0.35723493567276754,0.6869671573724067,0.9767644117667437,-1.4520117773223713,-1.3721995851228133,0.0,1.0,0.0,0.0,0.0,1
1387,-0.8424633722475597,0.9212303715731885,1.1205721542978773,0.9767644117667437,-1.4520117773223713,-1.0190289052781742,0.0,1.0,0.0,0.0,0.0,1
1388,-0.8418222281286499,-0.6375342817090464,0.7941204911131683,-1.023788323932921,-0.7493499203700406,-0.25382576561478953,0.0,0.0,1.0,0.0,0.0,0
1389,-0.84118108400974,-0.15275636874476944,1.6813631877107678,0.9767644117667437,-0.04668806341770988,1.512027633608406,0.0,0.0,0.0,1.0,0.0,0
1390,-0.8405399398908302,-0.30150511243752925,-0.7837218191695752,-1.023788323932921,-1.4520117773223713,1.6886129735307256,0.0,0.0,0.0,0.0,1.0,0
1391,-0.8398987957719203,1.7236409907914247,1.2881254448003083,0.9767644117667437,0.6559737935346208,0.09934491422984955,0.0,1.0,0.0,0.0,0.0,1
1392,-0.8392576516530105,-0.6977814701235237,0.9154429676471061,-1.023788323932921,-0.7493499203700406,-0.6658582254335351,1.0,0.0,0.0,0.0,0.0,0
1393,-0.8386165075341007,-0.6887925561974118,-0.47547303099109445,0.9767644117667437,1.3586356504869515,1.512027633608406,0.0,0.0,1.0,0.0,0.0,0
1394,-0.8379753634151907,-0.47973582704365886,0.8036792439435889,0.9767644117667437,-0.7493499203700406,-0.9013053453299612,0.0,0.0,0.0,0.0,1.0,1
1395,-0.8373342192962809,0.2554188626401853,-1.363109879113357,-1.023788323932921,-1.4520117773223713,1.3943040736601928,0.0,0.0,1.0,0.0,0.0,0
1396,-0.836693075177371,-0.8375220991527011,0.9935473434172907,0.9767644117667437,-0.04668806341770988,-1.666508484993346,0.0,0.0,0.0,0.0,1.0,0
1397,-0.8360519310584612,1.4828445789390903,0.10969321577825532,-1.023788323932921,1.3586356504869515,1.3943040736601928,0.0,0.0,0.0,0.0,1.0,0
1398,-0.8354107869395513,-0.790752600098937,-0.7158256459221176,-1.023788323932921,-0.04668806341770988,0.39365381410038214,0.0,1.0,0.0,0.0,0.0,0
1399,-0.8347696428206415,1.4146853917413595,0.5342366089628867,0.9767644117667437,-0.7493499203700406,-0.6658582254335351,0.0,0.0,1.0,0.0,0.0,1
1400,-0.8341284987017316,-1.358484825874285,0.48554847454798034,0.9767644117667437,-0.04668806341770988,0.15820669420395606,0.0,0.0,1.0,0.0,0.0,0
1401,-0.8334873545828217,0.5773064689991478,-1.0005952681667458,0.9767644117667437,-0.04668806341770988,0.5113773740485952,1.0,0.0,0.0,0.0,0.0,1
1402,-0.8328462104639118,1.453779333983256,-1.616496468321996,-1.023788323932921,-0.7493499203700406,1.1588569537637667,1.0,0.0,0.0,0.0,0.0,0
1403,-0.832205066345002,-1.1300263365335854,-0.22977180180567244,-1.023788323932921,1.3586356504869515,0.15820669420395606,0.0,1.0,0.0,0.0,0.0,0
1404,-0.8315639222260921,1.6684726673039574,0.2375626627114194,0.9767644117667437,-0.04668806341770988,-1.7253702649674525,0.0,1.0,0.0,0.0,0.0,1
1405,-0.8309227781071823,-0.1355655417500917,1.293682257164664,-1.023788323932921,-0.04668806341770988,0.5113773740485952,0.0,0.0,0.0,1.0,0.0,0
1406,-0.8302816339882724,1.5893318177639912,1.4711785273338853,0.9767644117667437,-0.7493499203700406,-0.13610220566657652,1.0,0.0,0.0,0.0,0.0,1
1407,-0.8296404898693626,0.6482065977734712,0.09756912758416089,0.9767644117667437,0.6559737935346208,-0.7835817853817482,0.0,0.0,0.0,0.0,1.0,1
1408,-0.8289993457504526,-0.6650990348440966,0.8713567441407226,0.9767644117667437,-0.04668806341770988,1.5708894135825124,0.0,0.0,1.0,0.0,0.0,0
1409,-0.8283582016315428,-1.0615910795886225,-0.21023545549433442,-1.023788323932921,-1.4520117773223713,-1.43106136509692,0.0,1.0,0.0,0.0,0.0,0
1410,-0.8277170575126329,-0.6575804775851523,0.8448024622615643,-1.023788323932921,1.3586356504869515,1.27658051371198,0.0,0.0,1.0,0.0,0.0,0
1411,-0.8270759133937231,-1.395086324267572,-1.0167063307118391,0.9767644117667437,-0.04668806341770988,0.8056862739191277,0.0,0.0,1.0,0.0,0.0,0
1412,-0.8264347692748132,-1.217110794100021,-0.44491342141016355,-1.023788323932921,-0.7493499203700406,-0.6069964454594287,0.0,0.0,0.0,1.0,0.0,0
1413,-0.8257936251559034,-1.3543360405172686,0.46012677643279937,0.9767644117667437,-1.4520117773223713,0.9822716138414473,1.0,0.0,0.0,0.0,0.0,0
1414,-0.8251524810369935,-0.24035406426744654,-1.658588944911196,0.9767644117667437,-0.7493499203700406,-1.0190289052781742,0.0,1.0,0.0,0.0,0.0,1
1415,-0.8245113369180836,1.0638574465473885,0.7635684213736871,-1.023788323932921,-0.04668806341770988,-1.0778906852522807,0.0,0.0,1.0,0.0,0.0,0
1416,-0.8238701927991737,-1.2258061671861868,1.152439902028322,0.9767644117667437,-1.4520117773223713,-0.018378645718363482,0.0,1.0,0.0,0.0,0.0,1
1417,-0.8232290486802639,-1.2645267819867572,-0.3483545532098876,0.9767644117667437,1.3586356504869515,-0.5481346654853221,0.0,0.0,0.0,0.0,1.0,1
1418,-0.822587904561354,0.5313387005710997,-0.18052472290825072,0.9767644117667437,1.3586356504869515,-1.666508484993346,0.0,0.0,0.0,1.0,0.0,1
1419,-0.8219467604424442,-1.0305097278294297,1.2065941413963877,0.9767644117667437,1.3586356504869515,1.3354422936860864,0.0,0.0,0.0,0.0,1.0,0
1420,-0.8213056163235343,-1.379012251519666,0.9465046588889154,0.9767644117667437,0.6559737935346208,-0.7247200054076417,0.0,1.0,0.0,0.0,0.0,0
1421,-0.8206644722046245,-1.1366792941408153,-0.7300657990351231,-1.023788323932921,-0.7493499203700406,-0.13610220566657652,0.0,1.0,0.0,0.0,0.0,0
1422,-0.8200233280857145,1.5123894375169584,-0.6068551026725363,-1.023788323932921,-0.04668806341770988,-1.5487849250451329,1.0,0.0,0.0,0.0,0.0,0
1423,-0.8193821839668047,1.154481791501019,0.6136826170713233,0.9767644117667437,-1.4520117773223713,0.6879627139709147,0.0,0.0,1.0,0.0,0.0,1
1424,-0.8187410398478948,-0.48142857619880897,0.21584906255213376,-1.023788323932921,-0.7493499203700406,0.7468244939450213,0.0,0.0,1.0,0.0,0.0,0
1425,-0.818099895728985,0.5747097169591293,-1.163114795712696,0.9767644117667437,-0.04668806341770988,1.3354422936860864,0.0,0.0,0.0,0.0,1.0,1
1426,-0.8174587516100751,0.159805198620783,-0.6551611352810416,0.9767644117667437,0.6559737935346208,-1.43106136509692,0.0,0.0,0.0,1.0,0.0,1
1427,-0.8168176074911653,0.6492713587642569,1.3740811246680422,0.9767644117667437,-0.04668806341770988,0.45251559407448866,0.0,0.0,1.0,0.0,0.0,0
1428,-0.8161764633722554,0.6686853153402876,0.6456530314799163,0.9767644117667437,-0.7493499203700406,-1.2544760251746003,1.0,0.0,0.0,0.0,0.0,1
1429,-0.8155353192533455,0.4799068402146069,1.6698114154338,-1.023788323932921,-0.04668806341770988,-0.6069964454594287,0.0,0.0,0.0,0.0,1.0,0
1430,-0.8148941751344357,-0.7892972988584317,0.916783744912268,-1.023788323932921,-1.4520117773223713,0.8645480538932343,0.0,0.0,0.0,0.0,1.0,0
1431,-0.8142530310155258,-1.5841232761713395,1.5184921753957614,0.9767644117667437,0.6559737935346208,-0.018378645718363482,1.0,0.0,0.0,0.0,0.0,0
1432,-0.813611886896616,-0.12617364115312324,-0.9775453290560606,-1.023788323932921,-1.4520117773223713,0.39365381410038214,0.0,0.0,0.0,1.0,0.0,0
1433,-0.8129707427777061,1.3977390628698605,0.9321645081451706,0.9767644117667437,0.6559737935346208,0.45251559407448866,1.0,0.0,0.0,0.0,0.0,0
1434,-0.8123295986587963,0.27257984605517377,-1.651505966760686,-1.023788323932921,0.6559737935346208,-1.5487849250451329,0.0,0.0,0.0,1.0,0.0,0
1435,-0.8116884545398864,1.1927007478890435,0.5857634201167353,0.9767644117667437,-0.04668806341770988,0.45251559407448866,1.0,0.0,0.0,0.0,0.0,0
1436,-0.8110473104209766,1.7500128569187823,-0.10713517880712681,0.9767644117667437,-1.4520117773223713,1.1588569537637667,1.0,0.0,0.0,0.0,0.0,1
1437,-0.8104061663020666,-1.1479925131369284,-0.5284991642276445,0.9767644117667437,0.6559737935346208,-1.0190289052781742,0.0,1.0,0.0,0.0,0.0,1
1438,-0.8097650221831568,0.7005577644882444,1.2448440996236108,-1.023788323932921,0.6559737935346208,1.4531658536342995,0.0,0.0,0.0,0.0,1.0,0
1439,-0.8091238780642469,0.6393640235508345,1.2168614551840564,-1.023788323932921,-0.04668806341770988,0.2759302541521691,1.0,0.0,0.0,0.0,0.0,0
1440,-0.8084827339453371,1.7091720480735468,-1.6443382832835012,0.9767644117667437,-0.7493499203700406,-0.018378645718363482,1.0,0.0,0.0,0.0,0.0,1
1441,-0.8078415898264272,1.7289303935527165,0.37510276291763556,-1.023788323932921,-0.7493499203700406,0.6879627139709147,0.0,0.0,1.0,0.0,0.0,0
1442,-0.8072004457075174,0.6827113108772873,-0.45603029191138605,-1.023788323932921,1.3586356504869515,-1.5487849250451329,0.0,0.0,0.0,0.0,1.0,0
1443,-0.8065593015886074,-0.8679996890348455,-0.29154317732894774,-1.023788323932921,1.3586356504869515,-0.31268754558889605,0.0,0.0,1.0,0.0,0.0,0
1444,-0.8059181574696976,1.074278479979974,1.1404211267311986,-1.023788323932921,0.6559737935346208,0.040483134255743035,0.0,0.0,0.0,0.0,1.0,0
1445,-0.8052770133507877,-1.3460456781190653,-0.6554711262803354,-1.023788323932921,-0.7493499203700406,0.9822716138414473,0.0,0.0,1.0,0.0,0.0,0
1446,-0.8046358692318779,1.0117811096313678,1.5221870517625402,-1.023788323932921,0.6559737935346208,-1.0778906852522807,1.0,0.0,0.0,0.0,0.0,0
1447,-0.803994725112968,1.4650163643241143,-1.1032601245175,-1.023788323932921,-1.4520117773223713,-0.9013053453299612,1.0,0.0,0.0,0.0,0.0,1
1448,-0.8033535809940582,-0.38073846590277677,0.5581214556418814,-1.023788323932921,-0.7493499203700406,1.3354422936860864,0.0,1.0,0.0,0.0,0.0,0
1449,-0.8027124368751483,0.48656126686664375,0.5903891419894965,-1.023788323932921,-0.7493499203700406,1.5708894135825124,0.0,0.0,1.0,0.0,0.0,0
1450,-0.8020712927562385,-0.2151571060065423,-0.8537157009002503,-1.023788323932921,-0.7493499203700406,-0.25382576561478953,0.0,0.0,0.0,1.0,0.0,0
1451,-0.8014301486373285,-0.1884791886823316,-0.6041915249384332,-1.023788323932921,1.3586356504869515,1.629751193556619,0.0,1.0,0.0,0.0,0.0,0
1452,-0.8007890045184187,-0.6343552127499816,1.149905268284842,-1.023788323932921,-0.04668806341770988,-1.1956142452004939,0.0,0.0,1.0,0.0,0.0,0
1453,-0.8001478603995088,0.9467877350238717,0.8988754960641024,-1.023788323932921,-0.04668806341770988,-1.0778906852522807,0.0,0.0,1.0,0.0,0.0,0
1454,-0.799506716280599,1.5559471790944168,-0.5892477779269805,0.9767644117667437,1.3586356504869515,1.629751193556619,0.0,1.0,0.0,0.0,0.0,1
1455,-0.7988655721616891,1.5719570841298915,0.11528497266642987,0.9767644117667437,1.3586356504869515,-0.4892728855112156,1.0,0.0,0.0,0.0,0.0,1
1456,-0.7982244280427793,-1.10891504225852,-1.5089120555982998,-1.023788323932921,1.3586356504869515,0.5702391540227016,0.0,0.0,1.0,0.0,0.0,0
1457,-0.7975832839238693,1.34093369335615,-1.0031413596703704,-1.023788323932921,-0.04668806341770988,1.3354422936860864,1.0,0.0,0.0,0.0,0.0,0
1458,-0.7969421398049595,0.860344797951314,-0.05025866555457284,-1.023788323932921,0.6559737935346208,-0.5481346654853221,0.0,1.0,0.0,0.0,0.0,0
1459,-0.7963009956860496,-0.8357208160276602,-1.425364912553138,0.9767644117667437,1.3586356504869515,0.2759302541521691,1.0,0.0,0.0,0.0,0.0,1
1460,-0.7956598515671398,-1.4851503930691694,1.1792539255310086,0.9767644117667437,0.6559737935346208,-1.3721995851228133,0.0,0.0,0.0,0.0,1.0,0
1461,-0.7950187074482299,-0.782661707572219,0.7482469637609823,-1.023788323932921,0.6559737935346208,-0.7247200054076417,0.0,0.0,0.0,1.0,0.0,0
1462,-0.7943775633293201,1.472058702380087,1.5241984336396552,-1.023788323932921,-1.4520117773223713,-0.19496398564068304,0.0,0.0,1.0,0.0,0.0,0
1463,-0.7937364192104102,0.49546302555654076,0.6638542702723494,-1.023788323932921,-0.04668806341770988,0.2759302541521691,0.0,0.0,0.0,1.0,0.0,0
1464,-0.7930952750915004,0.8030265232958769,1.5130822925550063,-1.023788323932921,0.6559737935346208,0.9822716138414473,1.0,0.0,0.0,0.0,0.0,0
1465,-0.7924541309725904,-0.820618610023983,0.18597878436313867,-1.023788323932921,-0.04668806341770988,-1.666508484993346,0.0,0.0,1.0,0.0,0.0,0
1466,-0.7918129868536806,0.7971938011896724,0.34316568334464015,0.9767644117667437,-0.04668806341770988,0.09934491422984955,1.0,0.0,0.0,0.0,0.0,1
1467,-0.7911718427347708,-1.6222201729900871,1.6388484502531,-1.023788323932921,-1.4520117773223713,-0.9013053453299612,0.0,0.0,0.0,0.0,1.0,0
1468,-0.7905306986158609,-0.407030427669964,0.48729947708249527,0.9767644117667437,-0.04668806341770988,0.8645480538932343,0.0,1.0,0.0,0.0,0.0,0
1469,-0.7898895544969511,0.47297456269782695,-1.6151581354090694,-1.023788323932921,0.6559737935346208,-0.3715493255630026,0.0,0.0,1.0,0.0,0.0,0
1470,-0.7892484103780412,-1.2093107591237233,0.7681818347332164,-1.023788323932921,-0.7493499203700406,-0.6069964454594287,0.0,0.0,0.0,0.0,1.0,0
1471,-0.7886072662591314,1.1598448745702037,1.392945920747066,0.9767644117667437,0.6559737935346208,-1.1956142452004939,0.0,0.0,0.0,0.0,1.0,1
1472,-0.7879661221402214,-0.8980416755020995,1.0150304925700018,0.9767644117667437,0.6559737935346208,1.512027633608406,0.0,0.0,1.0,0.0,0.0,0
1473,-0.7873249780213116,0.5623210249957253,0.2868151513046972,-1.023788323932921,-0.04668806341770988,-0.3715493255630026,1.0,0.0,0.0,0.0,0.0,0
1474,-0.7866838339024017,-0.30246597291607474,0.587632531862729,0.9767644117667437,0.6559737935346208,-0.3715493255630026,0.0,0.0,0.0,0.0,1.0,1
1475,-0.7860426897834919,0.36549128430752975,1.6843156484428616,-1.023788323932921,-0.7493499203700406,-0.3715493255630026,0.0,0.0,0.0,1.0,0.0,0
1476,-0.785401545664582,-1.3445707254214219,-1.4092412786146677,0.9767644117667437,-0.04668806341770988,0.5702391540227016,0.0,0.0,0.0,0.0,1.0,0
1477,-0.7847604015456722,-1.6614503323193883,0.5736743808239493,0.9767644117667437,1.3586356504869515,1.0411333938155538,1.0,0.0,0.0,0.0,0.0,0
1478,-0.7841192574267623,1.462805443284055,-0.7464076126118837,-1.023788323932921,0.6559737935346208,1.5708894135825124,1.0,0.0,0.0,0.0,0.0,0
1479,-0.7834781133078524,-0.776947156564291,0.48028804650925017,-1.023788323932921,0.6559737935346208,1.0411333938155538,0.0,0.0,0.0,1.0,0.0,0
1480,-0.7828369691889425,1.1482019666067318,0.3686319688944295,0.9767644117667437,-1.4520117773223713,0.21706847417806258,0.0,0.0,0.0,0.0,1.0,1
1481,-0.7821958250700327,1.7770534925186299,-1.1932849695760321,-1.023788323932921,1.3586356504869515,0.6291009339968082,1.0,0.0,0.0,0.0,0.0,0
1482,-0.7815546809511228,-0.9806411594961254,-1.010016899642298,0.9767644117667437,1.3586356504869515,0.5702391540227016,0.0,0.0,1.0,0.0,0.0,0
1483,-0.780913536832213,-0.7925544686165821,0.4167997669831978,0.9767644117667437,-0.7493499203700406,-1.1367524652263874,0.0,1.0,0.0,0.0,0.0,0
1484,-0.7802723927133031,0.5993460915235221,-1.2800423097397797,-1.023788323932921,1.3586356504869515,-0.25382576561478953,0.0,1.0,0.0,0.0,0.0,0
1485,-0.7796312485943933,1.6583986084140696,-0.8090567590735291,0.9767644117667437,-1.4520117773223713,-1.7253702649674525,0.0,1.0,0.0,0.0,0.0,1
1486,-0.7789901044754833,1.484679991639139,1.1514427278927435,-1.023788323932921,-0.7493499203700406,-0.018378645718363482,0.0,0.0,0.0,0.0,1.0,0
1487,-0.7783489603565735,0.03940562137463797,-0.5961409867178126,-1.023788323932921,1.3586356504869515,1.3354422936860864,0.0,0.0,0.0,1.0,0.0,0
1488,-0.7777078162376636,1.0622191315573266,-0.04255650511058702,0.9767644117667437,-0.7493499203700406,0.7468244939450213,1.0,0.0,0.0,0.0,0.0,1
1489,-0.7770666721187538,-1.2455379637038333,1.5156236469379496,-1.023788323932921,1.3586356504869515,-0.7247200054076417,0.0,0.0,1.0,0.0,0.0,0
1490,-0.7764255279998439,1.7003616973090279,-0.9398512129299761,0.9767644117667437,1.3586356504869515,-0.25382576561478953,0.0,0.0,1.0,0.0,0.0,1
1491,-0.7757843838809341,1.6545647370185708,-0.3810796378518279,0.9767644117667437,1.3586356504869515,1.3354422936860864,0.0,0.0,0.0,0.0,1.0,1
1492,-0.7751432397620241,-1.147597878191587,0.3646226852480829,-1.023788323932921,0.6559737935346208,0.9822716138414473,0.0,1.0,0.0,0.0,0.0,0
1493,-0.7745020956431143,-0.6726720821845429,0.8766372688271583,-1.023788323932921,1.3586356504869515,1.512027633608406,0.0,0.0,0.0,0.0,1.0,0
1494,-0.7738609515242044,-1.3701049646760717,1.3798247703106614,0.9767644117667437,0.6559737935346208,-1.2544760251746003,0.0,0.0,0.0,1.0,0.0,0
1495,-0.7732198074052946,-0.7696406493858658,1.4273515189403603,-1.023788323932921,-0.04668806341770988,-1.2544760251746003,0.0,0.0,0.0,1.0,0.0,0
1496,-0.7725786632863847,1.135177823714906,0.9498936651510258,0.9767644117667437,-1.4520117773223713,-1.7253702649674525,1.0,0.0,0.0,0.0,0.0,1
1497,-0.7719375191674749,-0.3965505963890618,-0.9357870848031138,0.9767644117667437,-0.7493499203700406,-1.3721995851228133,1.0,0.0,0.0,0.0,0.0,1
1498,-0.771296375048565,-1.4112577426826038,-1.6357143533253882,0.9767644117667437,-0.7493499203700406,0.8056862739191277,0.0,0.0,0.0,1.0,0.0,0
1499,-0.7706552309296552,-0.5228648772004648,-0.40120544833817007,0.9767644117667437,-0.04668806341770988,1.6886129735307256,0.0,0.0,0.0,1.0,0.0,1
1500,-0.7700140868107452,1.7141696123011803,-1.2342375000502275,0.9767644117667437,1.3586356504869515,1.512027633608406,0.0,0.0,0.0,1.0,0.0,1
1501,-0.7693729426918354,0.4832303444020428,0.7220460975744192,-1.023788323932921,-1.4520117773223713,0.6879627139709147,0.0,0.0,0.0,0.0,1.0,0
1502,-0.7687317985729255,-0.2640929655889436,0.5526469983131135,0.9767644117667437,-0.04668806341770988,1.2177187337378734,0.0,0.0,0.0,1.0,0.0,0
1503,-0.7680906544540157,-1.1377645119636952,-1.569813581317097,0.9767644117667437,-0.04668806341770988,-0.8424435653558547,0.0,0.0,1.0,0.0,0.0,1
1504,-0.7674495103351059,1.7309465991286632,1.1560794069946019,0.9767644117667437,-0.7493499203700406,0.45251559407448866,0.0,1.0,0.0,0.0,0.0,0
1505,-0.766808366216196,1.1523039565767155,-0.8655870533446589,0.9767644117667437,0.6559737935346208,-1.1367524652263874,0.0,0.0,0.0,1.0,0.0,1
1506,-0.7661672220972862,-0.7354819594167095,-0.23457108079288616,0.9767644117667437,0.6559737935346208,1.2177187337378734,0.0,1.0,0.0,0.0,0.0,0
1507,-0.7655260779783762,-1.4754061809946273,0.5760435882787917,0.9767644117667437,1.3586356504869515,-0.31268754558889605,0.0,0.0,0.0,0.0,1.0,0
1508,-0.7648849338594664,-1.522456789900026,-0.24422901733965374,-1.023788323932921,1.3586356504869515,-0.07724042569247,0.0,1.0,0.0,0.0,0.0,0
1509,-0.7642437897405565,-1.299324497257972,-0.20341049131207262,-1.023788323932921,-0.04668806341770988,-0.6658582254335351,0.0,0.0,0.0,0.0,1.0,0
1510,-0.7636026456216467,0.3120291692246759,-1.4953355924387437,0.9767644117667437,1.3586356504869515,-0.7247200054076417,0.0,0.0,1.0,0.0,0.0,1
1511,-0.7629615015027368,1.5300013856864607,-0.34043816970912444,0.9767644117667437,0.6559737935346208,1.5708894135825124,0.0,0.0,0.0,0.0,1.0,1
1512,-0.762320357383827,0.017943470358031215,0.9093393803289014,0.9767644117667437,-1.4520117773223713,0.9822716138414473,0.0,0.0,0.0,0.0,1.0,1
1513,-0.761679213264917,1.2296409958766354,1.4263313137613585,-1.023788323932921,-0.7493499203700406,1.6886129735307256,1.0,0.0,0.0,0.0,0.0,0
1514,-0.7610380691460072,-0.16005393836433301,-0.29898488582729954,0.9767644117667437,0.6559737935346208,-0.07724042569247,0.0,0.0,0.0,1.0,0.0,1
1515,-0.7603969250270973,0.7593779685016757,-0.26428904839296063,0.9767644117667437,1.3586356504869515,-0.8424435653558547,0.0,0.0,0.0,1.0,0.0,1
1516,-0.7597557809081875,0.8408894886436407,0.6953569557894227,0.9767644117667437,-0.7493499203700406,0.9234098338673408,0.0,0.0,1.0,0.0,0.0,0
1517,-0.7591146367892776,-1.1117765458344335,1.5212350809209438,0.9767644117667437,-0.7493499203700406,0.5702391540227016,0.0,0.0,1.0,0.0,0.0,0
1518,-0.7584734926703678,-0.45639853767740446,-0.8025910599014151,0.9767644117667437,-0.04668806341770988,-1.3133378051487068,0.0,0.0,0.0,1.0,0.0,1
1519,-0.7578323485514579,0.5098950961875839,-0.2073434132991602,0.9767644117667437,1.3586356504869515,0.21706847417806258,1.0,0.0,0.0,0.0,0.0,1
1520,-0.7571912044325481,-1.473208504903185,1.0163820305584295,-1.023788323932921,-0.04668806341770988,-1.43106136509692,0.0,0.0,0.0,1.0,0.0,0
1521,-0.7565500603136381,-0.45526409597122663,0.3757508474539449,0.9767644117667437,-0.7493499203700406,0.8645480538932343,1.0,0.0,0.0,0.0,0.0,0
1522,-0.7559089161947283,0.15113854189606635,-1.3407201186938482,0.9767644117667437,-0.04668806341770988,0.8645480538932343,0.0,0.0,1.0,0.0,0.0,1
1523,-0.7552677720758184,1.766113253786544,0.4377890297106055,0.9767644117667437,1.3586356504869515,1.3354422936860864,0.0,1.0,0.0,0.0,0.0,0
1524,-0.7546266279569086,-0.059790438442939096,-1.0787997933102322,0.9767644117667437,0.6559737935346208,-0.018378645718363482,0.0,0.0,1.0,0.0,0.0,1
1525,-0.7539854838379987,1.135531207843061,0.0336390444727303,0.9767644117667437,-1.4520117773223713,0.8056862739191277,0.0,0.0,1.0,0.0,0.0,1
1526,-0.7533443397190889,-0.20842122434076488,0.09859414444122512,0.9767644117667437,0.6559737935346208,0.21706847417806258,0.0,0.0,0.0,0.0,1.0,1
1527,-0.752703195600179,1.0667006361362283,1.2923000343483046,0.9767644117667437,-0.7493499203700406,-0.5481346654853221,0.0,0.0,0.0,0.0,1.0,1
1528,-0.7520620514812691,0.3632905233604262,-0.13047968551019654,0.9767644117667437,0.6559737935346208,1.27658051371198,0.0,0.0,0.0,0.0,1.0,1
1529,-0.7514209073623592,1.3824146339454892,-0.7600101208106806,0.9767644117667437,-0.04668806341770988,1.5708894135825124,0.0,0.0,0.0,0.0,1.0,1
1530,-0.7507797632434494,-0.28235719910117846,-0.9267233426831133,-1.023788323932921,1.3586356504869515,-1.0778906852522807,1.0,0.0,0.0,0.0,0.0,0
1531,-0.7501386191245395,0.39440393889030095,1.2855887144137381,-1.023788323932921,0.6559737935346208,1.0999951737896603,0.0,0.0,0.0,1.0,0.0,0
1532,-0.7494974750056297,0.48440313380602046,-1.132915237181189,-1.023788323932921,0.6559737935346208,-1.43106136509692,0.0,1.0,0.0,0.0,0.0,0
1533,-0.7488563308867198,-0.25981601582375907,-0.2564385376370879,0.9767644117667437,1.3586356504869515,0.5113773740485952,0.0,0.0,1.0,0.0,0.0,1
1534,-0.74821518676781,-1.2155565357929694,-1.0773318885575767,-1.023788323932921,-0.04668806341770988,-1.43106136509692,1.0,0.0,0.0,0.0,0.0,0
1535,-0.7475740426489,-1.3931893476249186,0.9384207678359219,-1.023788323932921,-1.4520117773223713,1.3354422936860864,0.0,1.0,0.0,0.0,0.0,0
1536,-0.7469328985299902,-1.662294698211247,-0.08962900401062611,-1.023788323932921,0.6559737935346208,-1.5487849250451329,1.0,0.0,0.0,0.0,0.0,0
1537,-0.7462917544110803,1.3367008781793022,-0.5134235377218325,-1.023788323932921,-0.7493499203700406,1.3354422936860864,1.0,0.0,0.0,0.0,0.0,0
1538,-0.7456506102921705,-0.8929890688103003,-0.479184203236265,0.9767644117667437,-0.04668806341770988,-1.2544760251746003,0.0,0.0,1.0,0.0,0.0,1
1539,-0.7450094661732606,-0.9803769421136457,1.2097993474713218,-1.023788323932921,-0.04668806341770988,-1.4899231450710264,0.0,0.0,0.0,1.0,0.0,0
1540,-0.7443683220543508,0.8554586934214343,0.1834386731642814,-1.023788323932921,0.6559737935346208,-1.1956142452004939,0.0,0.0,0.0,0.0,1.0,0
1541,-0.7437271779354409,-0.6005971980919923,0.7477711358150448,0.9767644117667437,1.3586356504869515,0.9822716138414473,0.0,0.0,0.0,1.0,0.0,0
1542,-0.743086033816531,0.05049763611150465,1.3639538496801635,-1.023788323932921,0.6559737935346208,-1.3133378051487068,0.0,0.0,1.0,0.0,0.0,0
1543,-0.7424448896976212,-1.1518604682272084,1.3801284046006679,0.9767644117667437,0.6559737935346208,-0.4304111055371091,0.0,0.0,1.0,0.0,0.0,0
1544,-0.7418037455787113,1.6384385716392278,-0.5912659209236009,-1.023788323932921,1.3586356504869515,-1.5487849250451329,0.0,0.0,1.0,0.0,0.0,0
1545,-0.7411626014598015,1.259866466248014,1.5545228624265077,-1.023788323932921,-0.7493499203700406,1.629751193556619,0.0,1.0,0.0,0.0,0.0,0
1546,-0.7405214573408916,1.3025949057434951,-1.6354854755974568,-1.023788323932921,1.3586356504869515,0.39365381410038214,0.0,0.0,0.0,1.0,0.0,0
1547,-0.7398803132219818,-0.2969478959424319,-0.4250670734905705,0.9767644117667437,0.6559737935346208,-1.3721995851228133,0.0,0.0,0.0,1.0,0.0,1
1548,-0.7392391691030719,0.9475983049573617,1.3596905608917547,-1.023788323932921,-1.4520117773223713,-1.43106136509692,1.0,0.0,0.0,0.0,0.0,0
1549,-0.738598024984162,-1.2170821326660615,-0.7765367780472605,-1.023788323932921,1.3586356504869515,0.8645480538932343,1.0,0.0,0.0,0.0,0.0,0
1550,-0.7379568808652521,-1.6904783914326234,-0.7818860285354787,0.9767644117667437,-0.7493499203700406,1.2177187337378734,1.0,0.0,0.0,0.0,0.0,0
1551,-0.7373157367463423,-1.6507399534528269,-0.6802926582118439,-1.023788323932921,1.3586356504869515,0.6879627139709147,0.0,0.0,1.0,0.0,0.0,0
1552,-0.7366745926274324,0.33244504464374314,0.3847606092184132,-1.023788323932921,1.3586356504869515,-0.9013053453299612,0.0,0.0,0.0,1.0,0.0,0
1553,-0.7360334485085226,-0.12677520495236164,-0.21357307383945354,-1.023788323932921,-0.04668806341770988,0.2759302541521691,0.0,0.0,1.0,0.0,0.0,0
1554,-0.7353923043896127,0.09239459966043155,0.7782654302593994,-1.023788323932921,-0.04668806341770988,1.1588569537637667,0.0,1.0,0.0,0.0,0.0,0
1555,-0.7347511602707029,-1.6945238767749333,1.3566359163469408,-1.023788323932921,0.6559737935346208,0.09934491422984955,1.0,0.0,0.0,0.0,0.0,0
1556,-0.7341100161517929,-0.24125329138925924,0.5975916399126886,0.9767644117667437,0.6559737935346208,-0.9601671253040678,0.0,0.0,1.0,0.0,0.0,1
1557,-0.7334688720328831,0.7925738577316097,-1.01785775186748,0.9767644117667437,1.3586356504869515,0.2759302541521691,0.0,0.0,1.0,0.0,0.0,1
1558,-0.7328277279139732,-0.17122906184970682,1.486534398063188,0.9767644117667437,-1.4520117773223713,-1.1367524652263874,0.0,1.0,0.0,0.0,0.0,1
1559,-0.7321865837950634,0.8421021205611555,-0.8114228540222449,-1.023788323932921,0.6559737935346208,-1.1956142452004939,0.0,0.0,0.0,0.0,1.0,0
1560,-0.7315454396761535,-0.9050847897757719,-1.2055368277688006,-1.023788323932921,1.3586356504869515,-0.7835817853817482,0.0,0.0,0.0,1.0,0.0,0
1561,-0.7309042955572437,1.1253296550012484,-1.411630786375168,-1.023788323932921,1.3586356504869515,-1.0190289052781742,0.0,0.0,0.0,0.0,1.0,0
1562,-0.7302631514383338,0.33884825423991793,0.21648752210530828,-1.023788323932921,1.3586356504869515,1.5708894135825124,1.0,0.0,0.0,0.0,0.0,0
1563,-0.729622007319424,-0.9829796958344006,-1.3297971848203192,-1.023788323932921,1.3586356504869515,0.21706847417806258,0.0,0.0,1.0,0.0,0.0,0
1564,-0.728980863200514,-0.8921296030128106,-1.2437739621349966,0.9767644117667437,1.3586356504869515,0.8645480538932343,0.0,1.0,0.0,0.0,0.0,0
1565,-0.7283397190816042,0.4774444331393033,-0.6892060878805256,0.9767644117667437,-0.04668806341770988,1.2177187337378734,0.0,1.0,0.0,0.0,0.0,1
1566,-0.7276985749626943,1.1841207466139563,-0.7524077280172626,0.9767644117667437,-0.7493499203700406,-1.4899231450710264,0.0,0.0,0.0,1.0,0.0,1
1567,-0.7270574308437845,-0.26595902602389565,0.3569938879942242,-1.023788323932921,-0.7493499203700406,1.0411333938155538,0.0,0.0,0.0,0.0,1.0,0
1568,-0.7264162867248746,-0.8166003690105854,1.087818777513589,0.9767644117667437,1.3586356504869515,-1.1956142452004939,0.0,0.0,0.0,1.0,0.0,0
1569,-0.7257751426059648,1.313871759603709,0.8973086543308822,0.9767644117667437,0.6559737935346208,0.09934491422984955,0.0,0.0,1.0,0.0,0.0,1
1570,-0.7251339984870548,0.6217756770214176,-0.8183299715562622,0.9767644117667437,-1.4520117773223713,-1.0778906852522807,0.0,0.0,0.0,1.0,0.0,1
1571,-0.724492854368145,-0.15235796376952762,-0.877392627035865,0.9767644117667437,1.3586356504869515,1.27658051371198,0.0,1.0,0.0,0.0,0.0,1
1572,-0.7238517102492351,-0.013007597305397668,1.6004011421883095,-1.023788323932921,-1.4520117773223713,-1.0190289052781742,0.0,1.0,0.0,0.0,0.0,0
1573,-0.7232105661303253,-1.0057527244135278,-1.6927105731687109,-1.023788323932921,-0.04668806341770988,-0.5481346654853221,1.0,0.0,0.0,0.0,0.0,0
1574,-0.7225694220114154,0.47314704665081003,1.3043958753105256,0.9767644117667437,-0.7493499203700406,1.0411333938155538,1.0,0.0,0.0,0.0,0.0,0
1575,-0.7219282778925056,-0.46505588813762344,-1.0341528166616594,0.9767644117667437,-0.04668806341770988,1.3943040736601928,0.0,0.0,1.0,0.0,0.0,1
1576,-0.7212871337735957,1.764085662663531,1.5367533288684176,0.9767644117667437,0.6559737935346208,1.3354422936860864,0.0,0.0,0.0,0.0,1.0,0
1577,-0.7206459896546858,-0.04001576193679498,-0.5438126667651364,0.9767644117667437,0.6559737935346208,1.629751193556619,0.0,0.0,0.0,1.0,0.0,1
1578,-0.7200048455357759,-0.02005860287724212,-0.20662957202261625,0.9767644117667437,1.3586356504869515,0.15820669420395606,0.0,0.0,1.0,0.0,0.0,1
1579,-0.7193637014168661,0.25982079894954135,0.7108104995861644,0.9767644117667437,0.6559737935346208,1.3943040736601928,1.0,0.0,0.0,0.0,0.0,0
1580,-0.7187225572979563,1.4879757575986028,0.3000067115339999,0.9767644117667437,0.6559737935346208,0.6291009339968082,0.0,0.0,0.0,1.0,0.0,0
1581,-0.7180814131790464,1.082196332875564,-0.6276160768133525,0.9767644117667437,-0.04668806341770988,1.0411333938155538,1.0,0.0,0.0,0.0,0.0,1
1582,-0.7174402690601366,-0.1417020099646428,0.18363456871923328,0.9767644117667437,-1.4520117773223713,1.2177187337378734,0.0,0.0,0.0,1.0,0.0,1
1583,-0.7167991249412267,0.7947827068145858,0.7919256313893772,-1.023788323932921,-0.7493499203700406,0.9822716138414473,0.0,0.0,0.0,0.0,1.0,0
1584,-0.7161579808223169,0.33116321968487306,-1.5754423130584772,0.9767644117667437,0.6559737935346208,1.1588569537637667,0.0,0.0,1.0,0.0,0.0,1
1585,-0.7155168367034069,0.0026262649685364877,-1.6825203525292778,-1.023788323932921,0.6559737935346208,1.3943040736601928,0.0,0.0,0.0,1.0,0.0,0
1586,-0.7148756925844971,-1.0475448240926668,-0.14570565599158908,-1.023788323932921,-0.04668806341770988,0.09934491422984955,0.0,1.0,0.0,0.0,0.0,0
1587,-0.7142345484655872,-0.096880689680449,-1.267638672040127,0.9767644117667437,-0.7493499203700406,-1.0778906852522807,0.0,1.0,0.0,0.0,0.0,1
1588,-0.7135934043466774,-0.8602864679177158,0.563699193965223,0.9767644117667437,-0.04668806341770988,0.9234098338673408,0.0,0.0,0.0,1.0,0.0,0
1589,-0.7129522602277675,1.4812773245935658,-0.9848916140382982,-1.023788323932921,-1.4520117773223713,0.2759302541521691,0.0,0.0,0.0,1.0,0.0,1
1590,-0.7123111161088577,-0.5467301763288067,-0.23242498560165248,-1.023788323932921,-0.04668806341770988,0.3347920341262756,0.0,0.0,0.0,1.0,0.0,0
1591,-0.7116699719899477,1.6122528062588546,-1.0412290119350993,0.9767644117667437,-0.7493499203700406,0.45251559407448866,0.0,1.0,0.0,0.0,0.0,1
1592,-0.7110288278710379,0.1450339739362254,0.16524465884042294,-1.023788323932921,-0.7493499203700406,1.0411333938155538,0.0,1.0,0.0,0.0,0.0,0
1593,-0.710387683752128,0.4897430344131808,-1.3219182572694763,0.9767644117667437,0.6559737935346208,-0.13610220566657652,0.0,0.0,0.0,1.0,0.0,1
1594,-0.7097465396332182,0.17963173834969104,-1.6415693132019564,0.9767644117667437,-1.4520117773223713,-1.0190289052781742,1.0,0.0,0.0,0.0,0.0,1
1595,-0.7091053955143083,-1.267816112469266,-1.545189762107626,-1.023788323932921,1.3586356504869515,-1.0778906852522807,1.0,0.0,0.0,0.0,0.0,0
1596,-0.7084642513953985,-0.40528088530287404,1.5607378980801403,0.9767644117667437,0.6559737935346208,-0.4892728855112156,0.0,0.0,0.0,0.0,1.0,1
1597,-0.7078231072764886,-1.3736360348126317,-1.2317016319000318,-1.023788323932921,-0.04668806341770988,0.8056862739191277,0.0,0.0,1.0,0.0,0.0,0
1598,-0.7071819631575788,0.4596771035081583,0.71547953288745,0.9767644117667437,-0.04668806341770988,-1.666508484993346,1.0,0.0,0.0,0.0,0.0,1
1599,-0.7065408190386688,-0.1565974522426484,-1.4874318622821936,0.9767644117667437,-0.7493499203700406,-0.07724042569247,0.0,1.0,0.0,0.0,0.0,1
1600,-0.705899674919759,1.002281021306023,-1.349063304595698,-1.023788323932921,-0.7493499203700406,-1.0190289052781742,1.0,0.0,0.0,0.0,0.0,0
1601,-0.7052585308008491,-0.9490041313460174,0.029031765138275007,-1.023788323932921,-0.7493499203700406,0.2759302541521691,0.0,0.0,0.0,0.0,1.0,0
1602,-0.7046173866819393,-1.1446680496356743,-0.12230616876588205,0.9767644117667437,1.3586356504869515,-1.0190289052781742,0.0,0.0,0.0,0.0,1.0,1
1603,-0.7039762425630294,-0.29849319524524426,1.5515275807034976,0.9767644117667437,1.3586356504869515,1.5708894135825124,0.0,0.0,1.0,0.0,0.0,0
1604,-0.7033350984441196,1.522378313536704,1.5283314624650501,-1.023788323932921,0.6559737935346208,0.21706847417806258,1.0,0.0,0.0,0.0,0.0,0
1605,-0.7026939543252096,0.7658118595380525,0.9601028162415115,0.9767644117667437,1.3586356504869515,-0.6658582254335351,0.0,1.0,0.0,0.0,0.0,1
1606,-0.7020528102062998,-0.2544236683620454,0.3496422292330823,-1.023788323932921,-0.7493499203700406,-1.2544760251746003,0.0,1.0,0.0,0.0,0.0,0
1607,-0.7014116660873899,0.08979349336832036,-0.15638958450402154,-1.023788323932921,0.6559737935346208,1.27658051371198,0.0,0.0,0.0,1.0,0.0,0
1608,-0.7007705219684801,-1.4259014717712912,-0.4961082941968441,-1.023788323932921,0.6559737935346208,0.040483134255743035,0.0,1.0,0.0,0.0,0.0,0
1609,-0.7001293778495702,1.7253434906450993,1.5360765995612036,0.9767644117667437,-1.4520117773223713,0.15820669420395606,0.0,0.0,1.0,0.0,0.0,1
1610,-0.6994882337306604,0.6117623021969978,0.3524175045578644,-1.023788323932921,1.3586356504869515,-0.19496398564068304,0.0,0.0,1.0,0.0,0.0,0
1611,-0.6988470896117505,-0.7217383879979997,0.27044255629958724,0.9767644117667437,-0.04668806341770988,0.8645480538932343,0.0,1.0,0.0,0.0,0.0,0
1612,-0.6982059454928407,0.32966836562920615,-0.9235085792379866,-1.023788323932921,-0.04668806341770988,-1.666508484993346,0.0,1.0,0.0,0.0,0.0,0
1613,-0.6975648013739307,-1.3374594351040459,-1.5604380360095216,0.9767644117667437,-1.4520117773223713,-0.9013053453299612,0.0,0.0,0.0,1.0,0.0,1
1614,-0.6969236572550209,1.6597567173055356,1.5295458944822078,0.9767644117667437,-0.7493499203700406,-0.6658582254335351,0.0,1.0,0.0,0.0,0.0,1
1615,-0.696282513136111,-1.1089020818323858,-0.6420742236947401,-1.023788323932921,-1.4520117773223713,1.5708894135825124,0.0,0.0,0.0,1.0,0.0,0
1616,-0.6956413690172012,0.5474433619955003,-0.19893548646907339,-1.023788323932921,-0.7493499203700406,0.040483134255743035,0.0,0.0,0.0,1.0,0.0,0
1617,-0.6950002248982914,-0.8615608934450659,-1.3267794548346776,-1.023788323932921,1.3586356504869515,1.5708894135825124,0.0,1.0,0.0,0.0,0.0,0
1618,-0.6943590807793815,0.7908001469464057,1.1572161984193174,0.9767644117667437,1.3586356504869515,-0.8424435653558547,0.0,0.0,0.0,0.0,1.0,1
1619,-0.6937179366604717,0.998208438633521,-1.6260075330583992,0.9767644117667437,0.6559737935346208,0.7468244939450213,0.0,0.0,0.0,0.0,1.0,1
1620,-0.6930767925415617,0.6363055911862268,1.147127416456105,0.9767644117667437,0.6559737935346208,-0.9013053453299612,0.0,0.0,0.0,1.0,0.0,1
1621,-0.6924356484226519,0.4300862957893975,-1.2385839439915667,-1.023788323932921,0.6559737935346208,-1.43106136509692,0.0,1.0,0.0,0.0,0.0,0
1622,-0.691794504303742,1.4029722535421014,1.3279315106209197,-1.023788323932921,0.6559737935346208,-0.9601671253040678,0.0,0.0,0.0,0.0,1.0,0
1623,-0.6911533601848322,-1.4454533664720715,0.7887126787111779,-1.023788323932921,-0.04668806341770988,-0.19496398564068304,0.0,1.0,0.0,0.0,0.0,0
1624,-0.6905122160659223,-0.5624522179290979,-1.1547210563903763,-1.023788323932921,0.6559737935346208,0.45251559407448866,0.0,1.0,0.0,0.0,0.0,0
1625,-0.6898710719470125,-0.8516454127137995,0.22485911642685386,-1.023788323932921,0.6559737935346208,-0.6658582254335351,0.0,1.0,0.0,0.0,0.0,0
1626,-0.6892299278281026,1.7373766245758644,-0.6457848028967899,0.9767644117667437,0.6559737935346208,0.39365381410038214,1.0,0.0,0.0,0.0,0.0,1
1627,-0.6885887837091927,-0.3577913017953849,-1.1080773419311671,-1.023788323932921,-0.7493499203700406,0.7468244939450213,0.0,1.0,0.0,0.0,0.0,0
1628,-0.6879476395902828,0.843479334824478,1.2337628497661977,0.9767644117667437,0.6559737935346208,-1.5487849250451329,1.0,0.0,0.0,0.0,0.0,1
1629,-0.687306495471373,0.6758742979615119,-0.333287569887124,-1.023788323932921,-1.4520117773223713,1.629751193556619,0.0,0.0,0.0,1.0,0.0,0
1630,-0.6866653513524631,-0.9783662494672218,-0.35041094138989914,-1.023788323932921,0.6559737935346208,-0.25382576561478953,0.0,0.0,0.0,0.0,1.0,0
1631,-0.6860242072335533,-0.8841594513343942,-1.1367813837040643,-1.023788323932921,0.6559737935346208,-1.2544760251746003,0.0,0.0,0.0,0.0,1.0,0
1632,-0.6853830631146434,-0.7361565401785414,-0.40364119326220027,-1.023788323932921,-0.04668806341770988,0.6291009339968082,0.0,0.0,0.0,0.0,1.0,0
1633,-0.6847419189957336,-0.28171066357580116,1.2765266274115044,-1.023788323932921,0.6559737935346208,1.0999951737896603,0.0,0.0,0.0,0.0,1.0,0
1634,-0.6841007748768236,-0.9005134718507857,-0.47220606440937535,0.9767644117667437,-0.7493499203700406,0.5702391540227016,0.0,0.0,0.0,0.0,1.0,0
1635,-0.6834596307579138,-1.651865018887918,1.551607549896874,-1.023788323932921,1.3586356504869515,-0.9013053453299612,0.0,0.0,0.0,0.0,1.0,0
1636,-0.6828184866390039,1.3572064885840491,1.5333987655865473,0.9767644117667437,0.6559737935346208,0.6291009339968082,0.0,0.0,0.0,0.0,1.0,0
1637,-0.6821773425200941,1.6589627926447956,-1.22271723260089,0.9767644117667437,0.6559737935346208,0.39365381410038214,0.0,0.0,0.0,1.0,0.0,1
1638,-0.6815361984011842,-0.5251578410264082,-1.1112476443528365,0.9767644117667437,0.6559737935346208,-1.5487849250451329,0.0,1.0,0.0,0.0,0.0,1
1639,-0.6808950542822744,-0.53588003212261,1.2457716822332714,0.9767644117667437,-0.04668806341770988,-0.25382576561478953,0.0,0.0,1.0,0.0,0.0,1
1640,-0.6802539101633645,-1.695823513158405,-0.3702984524731436,-1.023788323932921,1.3586356504869515,1.27658051371198,1.0,0.0,0.0,0.0,0.0,0
1641,-0.6796127660444546,0.6602137584499759,-1.7059932018906276,-1.023788323932921,-0.04668806341770988,-0.7247200054076417,0.0,0.0,1.0,0.0,0.0,0
1642,-0.6789716219255447,1.1683719311104048,-0.7791678829523452,-1.023788323932921,-0.04668806341770988,0.6291009339968082,0.0,0.0,1.0,0.0,0.0,0
1643,-0.6783304778066349,-1.2075197015446326,0.3342597736426573,-1.023788323932921,-0.04668806341770988,1.3354422936860864,0.0,1.0,0.0,0.0,0.0,0
1644,-0.677689333687725,-1.161816894566239,1.0277059748425472,-1.023788323932921,-0.7493499203700406,1.6886129735307256,0.0,1.0,0.0,0.0,0.0,0
1645,-0.6770481895688152,1.044624657955441,-1.262301218313343,0.9767644117667437,1.3586356504869515,0.2759302541521691,0.0,1.0,0.0,0.0,0.0,1
1646,-0.6764070454499053,0.4363557541276449,-1.3408748070712988,-1.023788323932921,-0.7493499203700406,1.3943040736601928,0.0,0.0,0.0,0.0,1.0,0
1647,-0.6757659013309955,-1.5636339605764047,1.4501170969846948,-1.023788323932921,-0.7493499203700406,0.6291009339968082,0.0,0.0,0.0,1.0,0.0,0
1648,-0.6751247572120855,0.45825242684818496,0.8622255811341045,0.9767644117667437,1.3586356504869515,0.6291009339968082,0.0,0.0,0.0,0.0,1.0,0
1649,-0.6744836130931757,-0.6394412541066138,0.30726506488956806,-1.023788323932921,-0.7493499203700406,-0.07724042569247,0.0,0.0,0.0,1.0,0.0,0
1650,-0.6738424689742658,-0.4301169095791463,0.9242612046621435,-1.023788323932921,1.3586356504869515,1.3354422936860864,0.0,0.0,0.0,1.0,0.0,0
1651,-0.673201324855356,0.9733938152644749,-0.24617012340319355,0.9767644117667437,0.6559737935346208,-0.3715493255630026,0.0,0.0,1.0,0.0,0.0,1
1652,-0.6725601807364461,1.1176058752777684,0.8873562626564386,-1.023788323932921,-0.04668806341770988,-1.5487849250451329,0.0,0.0,1.0,0.0,0.0,0
1653,-0.6719190366175363,-0.31940764285576456,-0.44237449643866367,0.9767644117667437,-0.7493499203700406,-0.5481346654853221,0.0,0.0,0.0,1.0,0.0,1
1654,-0.6712778924986265,1.5943641741022558,-0.8815742952228296,0.9767644117667437,1.3586356504869515,0.5113773740485952,0.0,0.0,0.0,1.0,0.0,1
1655,-0.6706367483797165,-0.29803649442903507,0.7861016720400236,-1.023788323932921,-1.4520117773223713,-1.3721995851228133,0.0,0.0,0.0,0.0,1.0,0
1656,-0.6699956042608067,0.9807599157753712,-0.27774801749419903,0.9767644117667437,-0.7493499203700406,-0.4304111055371091,0.0,0.0,0.0,0.0,1.0,1
1657,-0.6693544601418968,-0.027087742498328852,1.6540012190376565,-1.023788323932921,-0.7493499203700406,0.5702391540227016,0.0,0.0,1.0,0.0,0.0,0
1658,-0.668713316022987,1.4206934261851252,-0.5191272845543697,-1.023788323932921,1.3586356504869515,1.6886129735307256,0.0,1.0,0.0,0.0,0.0,0
1659,-0.6680721719040771,1.4564943505688062,1.4488610303936016,-1.023788323932921,-1.4520117773223713,-0.5481346654853221,0.0,0.0,0.0,1.0,0.0,0
1660,-0.6674310277851673,-1.414688272783978,1.4874995635443204,0.9767644117667437,-1.4520117773223713,-1.7253702649674525,0.0,0.0,0.0,0.0,1.0,1
1661,-0.6667898836662574,1.5570558552541265,-0.8892834301902356,0.9767644117667437,0.6559737935346208,1.6886129735307256,0.0,0.0,1.0,0.0,0.0,1
1662,-0.6661487395473475,1.1687042386610218,1.0241128751055686,0.9767644117667437,-0.7493499203700406,0.6291009339968082,0.0,0.0,0.0,0.0,1.0,0
1663,-0.6655075954284376,1.048920748882145,-0.23165670023081417,0.9767644117667437,-0.04668806341770988,-0.31268754558889605,0.0,0.0,0.0,1.0,0.0,1
1664,-0.6648664513095278,-1.0174605799043428,1.434407621059808,0.9767644117667437,-0.7493499203700406,0.040483134255743035,0.0,0.0,0.0,1.0,0.0,0
1665,-0.6642253071906179,1.097250093932039,-0.17302114180293052,0.9767644117667437,-0.04668806341770988,1.4531658536342995,1.0,0.0,0.0,0.0,0.0,1
1666,-0.6635841630717081,1.254796178028264,0.838686262861061,0.9767644117667437,-0.04668806341770988,0.8056862739191277,0.0,1.0,0.0,0.0,0.0,0
1667,-0.6629430189527982,-0.7086265616164119,-0.11509620431804268,0.9767644117667437,1.3586356504869515,0.45251559407448866,1.0,0.0,0.0,0.0,0.0,0
1668,-0.6623018748338884,1.6122390297700724,-0.9376100767268676,0.9767644117667437,-0.7493499203700406,0.8645480538932343,0.0,0.0,1.0,0.0,0.0,1
1669,-0.6616607307149784,-1.5461355394517997,-1.0354541317315744,0.9767644117667437,1.3586356504869515,-1.4899231450710264,0.0,0.0,0.0,0.0,1.0,1
1670,-0.6610195865960686,-1.195966458593638,-0.25794267758586203,0.9767644117667437,0.6559737935346208,1.3354422936860864,0.0,0.0,1.0,0.0,0.0,0
1671,-0.6603784424771587,0.16087431543518213,0.8771728285953873,-1.023788323932921,-0.04668806341770988,0.040483134255743035,0.0,0.0,0.0,1.0,0.0,0
1672,-0.6597372983582489,0.29461291442234816,0.35985511820594035,0.9767644117667437,-1.4520117773223713,1.2177187337378734,1.0,0.0,0.0,0.0,0.0,1
1673,-0.659096154239339,0.5373626207640438,0.6472173091233345,-1.023788323932921,-0.04668806341770988,1.629751193556619,1.0,0.0,0.0,0.0,0.0,0
1674,-0.6584550101204292,-1.6612531810134508,-0.7500920525482029,-1.023788323932921,0.6559737935346208,-1.7253702649674525,1.0,0.0,0.0,0.0,0.0,0
1675,-0.6578138660015193,1.6406122403616088,-0.06533977487299115,-1.023788323932921,-0.04668806341770988,1.3943040736601928,0.0,0.0,1.0,0.0,0.0,0
1676,-0.6571727218826094,-1.564587580097402,-1.5683567056395162,-1.023788323932921,1.3586356504869515,1.512027633608406,0.0,0.0,0.0,1.0,0.0,0
1677,-0.6565315777636995,-1.2199318192679718,1.0905258048914068,0.9767644117667437,-0.7493499203700406,-0.018378645718363482,0.0,0.0,0.0,0.0,1.0,0
1678,-0.6558904336447897,-1.6715942397913397,1.6832852064050796,-1.023788323932921,-1.4520117773223713,-0.7247200054076417,0.0,0.0,0.0,0.0,1.0,0
1679,-0.6552492895258798,0.26334403143859764,-0.3217449903649596,-1.023788323932921,1.3586356504869515,-1.3133378051487068,0.0,0.0,1.0,0.0,0.0,0
1680,-0.65460814540697,1.5422634073831116,-1.6833307796452162,-1.023788323932921,-0.7493499203700406,1.512027633608406,1.0,0.0,0.0,0.0,0.0,0
1681,-0.6539670012880601,0.6101518298922745,-1.1371047787140718,0.9767644117667437,-1.4520117773223713,-0.25382576561478953,0.0,1.0,0.0,0.0,0.0,1
1682,-0.6533258571691503,1.1586335133498025,0.523058132279773,-1.023788323932921,0.6559737935346208,0.5702391540227016,0.0,0.0,1.0,0.0,0.0,0
1683,-0.6526847130502403,-1.6741608185552954,0.38395563470290467,-1.023788323932921,-0.04668806341770988,1.629751193556619,0.0,0.0,1.0,0.0,0.0,0
1684,-0.6520435689313305,0.17639375314374534,0.9884961470074215,0.9767644117667437,-1.4520117773223713,-0.9013053453299612,0.0,0.0,0.0,1.0,0.0,1
1685,-0.6514024248124206,-0.11218706841251909,-0.8479076078848419,0.9767644117667437,0.6559737935346208,-0.6658582254335351,0.0,0.0,0.0,0.0,1.0,1
1686,-0.6507612806935108,0.025729215007178338,0.905157532692424,0.9767644117667437,-0.7493499203700406,-1.1956142452004939,0.0,0.0,1.0,0.0,0.0,1
1687,-0.6501201365746009,-1.4679005272141816,0.6449981778868217,0.9767644117667437,-1.4520117773223713,-0.3715493255630026,0.0,0.0,1.0,0.0,0.0,1
1688,-0.6494789924556911,0.6748599962111098,-0.6108499714293486,0.9767644117667437,0.6559737935346208,-0.8424435653558547,1.0,0.0,0.0,0.0,0.0,1
1689,-0.6488378483367812,0.04061274352174993,0.15494310124370161,0.9767644117667437,-0.7493499203700406,0.7468244939450213,1.0,0.0,0.0,0.0,0.0,0
1690,-0.6481967042178713,0.9573549536731603,-1.214548898385255,0.9767644117667437,1.3586356504869515,0.040483134255743035,0.0,1.0,0.0,0.0,0.0,1
1691,-0.6475555600989614,-0.02214098871481669,-0.16462898655803643,0.9767644117667437,-0.04668806341770988,0.8056862739191277,0.0,0.0,0.0,1.0,0.0,1
1692,-0.6469144159800516,-1.1978131034364252,1.309474734807967,0.9767644117667437,0.6559737935346208,-0.8424435653558547,0.0,1.0,0.0,0.0,0.0,0
1693,-0.6462732718611418,0.5482365817475416,-0.27252374955212916,-1.023788323932921,1.3586356504869515,-0.8424435653558547,1.0,0.0,0.0,0.0,0.0,0
1694,-0.6456321277422319,-1.117297205092718,1.166303549646631,0.9767644117667437,-0.7493499203700406,-0.13610220566657652,0.0,0.0,0.0,0.0,1.0,0
1695,-0.6449909836233221,1.3327119568803751,0.30889438006691844,-1.023788323932921,-1.4520117773223713,-0.6069964454594287,1.0,0.0,0.0,0.0,0.0,0
1696,-0.6443498395044122,0.4252450602544919,-1.061155825993299,-1.023788323932921,-0.04668806341770988,0.2759302541521691,0.0,0.0,0.0,1.0,0.0,0
1697,-0.6437086953855023,-1.1704354561563128,0.2774366770547463,0.9767644117667437,-0.7493499203700406,1.6886129735307256,1.0,0.0,0.0,0.0,0.0,0
1698,-0.6430675512665924,1.6475116753353078,0.01908276660541154,0.9767644117667437,0.6559737935346208,-1.2544760251746003,0.0,0.0,0.0,1.0,0.0,1
1699,-0.6424264071476826,0.09361999037995437,-0.3500752152902266,0.9767644117667437,-0.04668806341770988,0.5702391540227016,0.0,0.0,0.0,1.0,0.0,1
1700,-0.6417852630287727,-1.4655021134673991,-1.3096167271981274,0.9767644117667437,1.3586356504869515,-1.1956142452004939,0.0,0.0,0.0,1.0,0.0,1
1701,-0.6411441189098629,0.4732530060314109,-0.2879401799988694,-1.023788323932921,-0.04668806341770988,0.8645480538932343,0.0,0.0,0.0,1.0,0.0,0
1702,-0.640502974790953,-0.8344555539911492,-1.4707998673289757,-1.023788323932921,1.3586356504869515,-0.7247200054076417,0.0,0.0,0.0,1.0,0.0,0
1703,-0.6398618306720432,1.0922599846646783,-1.3813607637375658,0.9767644117667437,-0.7493499203700406,0.8645480538932343,0.0,0.0,0.0,0.0,1.0,1
1704,-0.6392206865531332,1.1417097661415712,-0.2906643836307321,-1.023788323932921,-1.4520117773223713,0.8645480538932343,0.0,1.0,0.0,0.0,0.0,0
1705,-0.6385795424342234,1.7056437559541706,-0.6708035522551028,0.9767644117667437,-0.04668806341770988,-0.9013053453299612,0.0,0.0,1.0,0.0,0.0,1
1706,-0.6379383983153135,0.03588468781544053,1.4619876830404024,-1.023788323932921,-1.4520117773223713,0.8645480538932343,0.0,1.0,0.0,0.0,0.0,0
1707,-0.6372972541964037,-0.12830828204454572,-0.42895239642145444,-1.023788323932921,-1.4520117773223713,-0.018378645718363482,0.0,0.0,0.0,1.0,0.0,1
1708,-0.6366561100774938,0.9164989241079141,0.8853009801123917,0.9767644117667437,-0.04668806341770988,1.0411333938155538,0.0,0.0,0.0,0.0,1.0,0
1709,-0.636014965958584,-1.257001060921805,0.10252934462723949,0.9767644117667437,-0.04668806341770988,0.09934491422984955,1.0,0.0,0.0,0.0,0.0,0
1710,-0.6353738218396741,0.19354436993942573,0.7003730720563833,-1.023788323932921,-1.4520117773223713,0.5702391540227016,0.0,0.0,0.0,0.0,1.0,0
1711,-0.6347326777207642,0.19120669076787417,-0.8264753413326705,0.9767644117667437,0.6559737935346208,-0.19496398564068304,0.0,0.0,0.0,1.0,0.0,1
1712,-0.6340915336018543,-1.4074912279033585,1.5182532991087834,-1.023788323932921,0.6559737935346208,-0.19496398564068304,0.0,0.0,0.0,0.0,1.0,0
1713,-0.6334503894829445,-0.2577120296335804,0.10198242920924484,0.9767644117667437,-0.04668806341770988,-0.6658582254335351,0.0,0.0,0.0,0.0,1.0,1
1714,-0.6328092453640346,1.2658283136184512,1.1379564465229401,0.9767644117667437,-1.4520117773223713,-1.1956142452004939,0.0,0.0,0.0,1.0,0.0,1
1715,-0.6321681012451248,1.2758691155244979,-0.46561340160794124,0.9767644117667437,-1.4520117773223713,0.8056862739191277,0.0,0.0,0.0,0.0,1.0,1
1716,-0.6315269571262149,-1.3733156031213425,-1.3764005830033,0.9767644117667437,-0.7493499203700406,0.9234098338673408,0.0,0.0,1.0,0.0,0.0,0
1717,-0.6308858130073051,-1.4031241029565042,0.5959143057180267,0.9767644117667437,-1.4520117773223713,-1.43106136509692,0.0,0.0,1.0,0.0,0.0,1
1718,-0.6302446688883951,-0.8012178241486422,-1.6943496167297416,0.9767644117667437,0.6559737935346208,1.3354422936860864,0.0,0.0,0.0,0.0,1.0,0
1719,-0.6296035247694853,1.3410121378714366,-0.0864638904700497,0.9767644117667437,-0.7493499203700406,-0.3715493255630026,1.0,0.0,0.0,0.0,0.0,1
1720,-0.6289623806505754,-1.2694892107500708,-1.0579740226770675,-1.023788323932921,0.6559737935346208,-1.2544760251746003,0.0,0.0,0.0,1.0,0.0,0
1721,-0.6283212365316656,0.7993240488820277,0.4365604823638296,0.9767644117667437,1.3586356504869515,-0.19496398564068304,0.0,0.0,1.0,0.0,0.0,1
1722,-0.6276800924127557,-1.3665678155178245,1.6472701393461757,-1.023788323932921,-0.04668806341770988,-1.3721995851228133,1.0,0.0,0.0,0.0,0.0,0
1723,-0.6270389482938459,0.46032043185222793,-0.12391574138095915,0.9767644117667437,1.3586356504869515,-1.43106136509692,0.0,0.0,0.0,0.0,1.0,1
1724,-0.626397804174936,-0.4744190534358112,1.0904083277821968,-1.023788323932921,-0.04668806341770988,1.3943040736601928,1.0,0.0,0.0,0.0,0.0,0
1725,-0.6257566600560261,1.0405321860793841,0.02527606528010225,0.9767644117667437,0.6559737935346208,0.15820669420395606,0.0,1.0,0.0,0.0,0.0,1
1726,-0.6251155159371162,-0.9027346130220125,-0.01580087306684538,0.9767644117667437,0.6559737935346208,-0.5481346654853221,0.0,0.0,1.0,0.0,0.0,0
1727,-0.6244743718182064,0.5165438981354552,1.4787675423801698,-1.023788323932921,1.3586356504869515,0.9234098338673408,0.0,0.0,0.0,0.0,1.0,0
1728,-0.6238332276992965,-0.895762368509019,1.3396304308307487,0.9767644117667437,-0.04668806341770988,1.512027633608406,0.0,0.0,0.0,1.0,0.0,0
1729,-0.6231920835803867,0.7771464074775789,0.9813970056610707,0.9767644117667437,-0.04668806341770988,0.45251559407448866,0.0,0.0,0.0,0.0,1.0,0
1730,-0.6225509394614769,1.3372040702699803,-0.7021876867217617,0.9767644117667437,-0.7493499203700406,0.8056862739191277,0.0,0.0,0.0,1.0,0.0,1
1731,-0.621909795342567,-1.2768419029152003,0.15329326213252298,0.9767644117667437,-1.4520117773223713,-0.7835817853817482,0.0,0.0,0.0,0.0,1.0,1
1732,-0.6212686512236572,1.312416057112223,-0.9510346126512103,0.9767644117667437,-0.7493499203700406,0.040483134255743035,1.0,0.0,0.0,0.0,0.0,1
1733,-0.6206275071047472,0.3568521594954429,-0.1943695034559685,-1.023788323932921,0.6559737935346208,0.39365381410038214,1.0,0.0,0.0,0.0,0.0,0
1734,-0.6199863629858374,-1.2757614904421435,-0.05578696707978176,0.9767644117667437,1.3586356504869515,-1.1367524652263874,1.0,0.0,0.0,0.0,0.0,1
1735,-0.6193452188669275,-0.2242601019767569,1.1390430896090749,-1.023788323932921,-0.04668806341770988,-0.13610220566657652,0.0,1.0,0.0,0.0,0.0,0
1736,-0.6187040747480177,-1.1576381234852253,1.3604798572250314,-1.023788323932921,-0.7493499203700406,-1.4899231450710264,0.0,0.0,0.0,1.0,0.0,0
1737,-0.6180629306291078,0.7305533992653117,-0.2951230528717763,-1.023788323932921,1.3586356504869515,-1.0778906852522807,1.0,0.0,0.0,0.0,0.0,0
1738,-0.617421786510198,0.9353726249627307,-1.6601486394803366,-1.023788323932921,1.3586356504869515,-1.6076467050192393,0.0,1.0,0.0,0.0,0.0,0
1739,-0.616780642391288,-1.3503597924915407,1.2426757150534131,-1.023788323932921,-1.4520117773223713,1.512027633608406,0.0,0.0,0.0,1.0,0.0,0
1740,-0.6161394982723782,0.05083069444470515,-1.1216769202913333,-1.023788323932921,-0.04668806341770988,0.6291009339968082,0.0,0.0,0.0,0.0,1.0,0
1741,-0.6154983541534683,1.1305202940029935,0.41766774275452695,-1.023788323932921,1.3586356504869515,0.45251559407448866,0.0,1.0,0.0,0.0,0.0,0
1742,-0.6148572100345585,1.5558998503176518,-1.6351586994057656,-1.023788323932921,-0.04668806341770988,1.3943040736601928,0.0,0.0,1.0,0.0,0.0,0
1743,-0.6142160659156486,0.07665353763476297,-0.34709992716331856,0.9767644117667437,-0.7493499203700406,-1.666508484993346,0.0,1.0,0.0,0.0,0.0,1
1744,-0.6135749217967388,1.6053060934421546,1.6697632147305335,-1.023788323932921,1.3586356504869515,-0.25382576561478953,0.0,1.0,0.0,0.0,0.0,0
1745,-0.6129337776778289,0.1542517816753636,-1.3747420783660695,0.9767644117667437,1.3586356504869515,-1.666508484993346,0.0,0.0,0.0,1.0,0.0,1
1746,-0.612292633558919,-0.34098893355318693,-0.26391994844007155,-1.023788323932921,-0.7493499203700406,1.3943040736601928,0.0,0.0,0.0,0.0,1.0,0
1747,-0.6116514894400091,1.248042610435333,-0.6647216439953179,-1.023788323932921,-0.04668806341770988,-1.0778906852522807,0.0,0.0,1.0,0.0,0.0,0
1748,-0.6110103453210993,0.00478106392980864,1.3916371133900793,0.9767644117667437,-0.04668806341770988,0.5702391540227016,1.0,0.0,0.0,0.0,0.0,0
1749,-0.6103692012021894,-0.06899904719354927,1.2686967359592247,-1.023788323932921,1.3586356504869515,-1.666508484993346,1.0,0.0,0.0,0.0,0.0,0
1750,-0.6097280570832796,-0.0045646351935066335,-0.9035700215195676,0.9767644117667437,-0.7493499203700406,0.6291009339968082,0.0,1.0,0.0,0.0,0.0,1
1751,-0.6090869129643697,1.2430792066346998,-1.4418241837517034,-1.023788323932921,0.6559737935346208,-0.8424435653558547,0.0,0.0,0.0,1.0,0.0,0
1752,-0.6084457688454599,1.1911275103894137,0.4357450402054258,0.9767644117667437,-0.04668806341770988,-0.018378645718363482,0.0,0.0,0.0,1.0,0.0,1
1753,-0.60780462472655,-0.308335951567338,-0.5642359095463351,0.9767644117667437,0.6559737935346208,1.5708894135825124,1.0,0.0,0.0,0.0,0.0,1
1754,-0.6071634806076401,-0.5541044551985412,0.5903180341158831,-1.023788323932921,1.3586356504869515,0.9822716138414473,0.0,0.0,1.0,0.0,0.0,0
1755,-0.6065223364887302,0.0010896909075396241,-1.610573194504855,-1.023788323932921,0.6559737935346208,0.9234098338673408,0.0,0.0,0.0,0.0,1.0,0
1756,-0.6058811923698204,0.28404313388358,-1.2622647018447994,-1.023788323932921,0.6559737935346208,1.27658051371198,0.0,0.0,1.0,0.0,0.0,0
1757,-0.6052400482509105,-0.8864710764382487,0.6394551032650763,-1.023788323932921,-0.04668806341770988,0.3347920341262756,0.0,0.0,0.0,0.0,1.0,0
1758,-0.6045989041320007,1.0581759714684633,-0.9906754663079623,0.9767644117667437,1.3586356504869515,-1.5487849250451329,1.0,0.0,0.0,0.0,0.0,1
1759,-0.6039577600130908,-0.01796856114854282,1.2282791512571398,0.9767644117667437,0.6559737935346208,-1.1367524652263874,0.0,0.0,0.0,0.0,1.0,1
1760,-0.603316615894181,-0.5514945660931971,-1.5195367867113443,0.9767644117667437,-0.04668806341770988,1.3354422936860864,0.0,0.0,0.0,1.0,0.0,1
1761,-0.602675471775271,-1.3467741666729718,-0.9799753541497158,0.9767644117667437,0.6559737935346208,-0.3715493255630026,0.0,1.0,0.0,0.0,0.0,1
1762,-0.6020343276563612,-0.884693266404245,1.7130954708421766,0.9767644117667437,-0.04668806341770988,-0.7247200054076417,0.0,1.0,0.0,0.0,0.0,0
1763,-0.6013931835374513,1.6018129398111738,-0.23165120649507154,0.9767644117667437,1.3586356504869515,-0.19496398564068304,1.0,0.0,0.0,0.0,0.0,1
1764,-0.6007520394185415,-0.6528042736018581,0.6965212820316125,0.9767644117667437,-0.7493499203700406,0.39365381410038214,0.0,0.0,0.0,1.0,0.0,0
1765,-0.6001108952996316,-1.1296418612095174,-1.092842378228585,-1.023788323932921,-0.04668806341770988,-1.666508484993346,0.0,0.0,1.0,0.0,0.0,0
1766,-0.5994697511807218,-0.10830274987248188,0.3763532564576592,-1.023788323932921,-0.04668806341770988,-0.9013053453299612,0.0,0.0,0.0,1.0,0.0,0
1767,-0.598828607061812,-0.645846131210677,0.7761030452368983,-1.023788323932921,0.6559737935346208,-1.1367524652263874,0.0,1.0,0.0,0.0,0.0,0
1768,-0.598187462942902,-1.5975882654890716,-0.6395245668911537,-1.023788323932921,1.3586356504869515,-0.19496398564068304,0.0,1.0,0.0,0.0,0.0,0
1769,-0.5975463188239922,-0.5896454207763197,1.129609933031503,-1.023788323932921,-1.4520117773223713,1.512027633608406,0.0,0.0,0.0,1.0,0.0,0
1770,-0.5969051747050823,0.18372033381266475,0.3541671964502565,-1.023788323932921,-1.4520117773223713,1.0999951737896603,0.0,0.0,0.0,1.0,0.0,0
1771,-0.5962640305861725,0.2103332398176224,-0.3828095230200169,-1.023788323932921,-0.7493499203700406,1.0411333938155538,0.0,1.0,0.0,0.0,0.0,0
1772,-0.5956228864672626,-0.47269838995851127,0.19674255452160958,-1.023788323932921,1.3586356504869515,0.9822716138414473,0.0,0.0,1.0,0.0,0.0,0
1773,-0.5949817423483528,-0.1550975005243873,0.2624924970132231,0.9767644117667437,-0.04668806341770988,-0.4304111055371091,1.0,0.0,0.0,0.0,0.0,1
1774,-0.5943405982294429,1.658641099199359,-1.1517461461416751,-1.023788323932921,-1.4520117773223713,0.2759302541521691,1.0,0.0,0.0,0.0,0.0,1
1775,-0.593699454110533,-0.39993552416163713,-0.33600580920661677,-1.023788323932921,-0.7493499203700406,1.27658051371198,0.0,0.0,0.0,1.0,0.0,0
1776,-0.5930583099916231,-0.816858022492055,-0.5399495343217635,-1.023788323932921,1.3586356504869515,-0.018378645718363482,1.0,0.0,0.0,0.0,0.0,0
1777,-0.5924171658727133,-0.8685168026141291,-0.3422981173279593,0.9767644117667437,-0.7493499203700406,0.9822716138414473,0.0,1.0,0.0,0.0,0.0,0
1778,-0.5917760217538034,-0.11848129501172788,0.8964864807069167,-1.023788323932921,-1.4520117773223713,-0.3715493255630026,0.0,1.0,0.0,0.0,0.0,0
1779,-0.5911348776348936,0.9376546568066754,-0.061546255248759826,0.9767644117667437,0.6559737935346208,-0.6658582254335351,0.0,0.0,0.0,1.0,0.0,1
1780,-0.5904937335159837,-0.999691765876254,1.5127892172975048,0.9767644117667437,0.6559737935346208,-0.07724042569247,0.0,0.0,0.0,1.0,0.0,0
1781,-0.5898525893970739,0.7618719834135649,-0.7110582498491366,-1.023788323932921,1.3586356504869515,-1.0190289052781742,0.0,0.0,0.0,1.0,0.0,0
1782,-0.5892114452781639,-1.6466208686086845,-0.29139675225098677,0.9767644117667437,-0.7493499203700406,1.0411333938155538,0.0,0.0,1.0,0.0,0.0,0
1783,-0.5885703011592541,-0.25439093245456634,0.9853737726119551,-1.023788323932921,-0.04668806341770988,-0.4304111055371091,1.0,0.0,0.0,0.0,0.0,0
1784,-0.5879291570403442,0.9948614081997464,0.1567879808073337,-1.023788323932921,-1.4520117773223713,-1.0778906852522807,0.0,0.0,0.0,1.0,0.0,0
1785,-0.5872880129214344,-0.5350887712127163,0.16023928280775815,-1.023788323932921,0.6559737935346208,1.0999951737896603,0.0,0.0,0.0,0.0,1.0,0
1786,-0.5866468688025245,0.2524194571075971,-1.5375944625942766,0.9767644117667437,0.6559737935346208,1.0411333938155538,0.0,0.0,0.0,0.0,1.0,1
1787,-0.5860057246836147,-1.0032230674779354,-0.3502185303832759,-1.023788323932921,-0.7493499203700406,0.6291009339968082,0.0,1.0,0.0,0.0,0.0,0
1788,-0.5853645805647048,0.8763184944844344,-0.789960024274638,-1.023788323932921,0.6559737935346208,-0.07724042569247,1.0,0.0,0.0,0.0,0.0,0
1789,-0.5847234364457949,-1.537669257939174,1.7157603277099744,-1.023788323932921,-0.7493499203700406,-1.43106136509692,0.0,0.0,0.0,1.0,0.0,0
1790,-0.584082292326885,1.263230796416488,-0.6605771352711268,0.9767644117667437,-1.4520117773223713,1.2177187337378734,0.0,0.0,0.0,0.0,1.0,1
1791,-0.5834411482079752,-1.0269628405334288,1.3208209396909143,0.9767644117667437,-0.7493499203700406,-0.4304111055371091,1.0,0.0,0.0,0.0,0.0,0
1792,-0.5828000040890653,1.3397240401860766,0.6045879722927293,0.9767644117667437,0.6559737935346208,0.040483134255743035,0.0,1.0,0.0,0.0,0.0,1
1793,-0.5821588599701555,-0.4868021570276739,-0.5485960029385912,0.9767644117667437,-0.7493499203700406,0.8645480538932343,0.0,0.0,1.0,0.0,0.0,1
1794,-0.5815177158512456,0.808727675339016,0.14822392595551317,-1.023788323932921,0.6559737935346208,-0.5481346654853221,1.0,0.0,0.0,0.0,0.0,0
1795,-0.5808765717323358,-0.6033650295687062,1.169636617260555,-1.023788323932921,1.3586356504869515,-0.3715493255630026,1.0,0.0,0.0,0.0,0.0,0
1796,-0.5802354276134258,1.4500208987496783,1.3169408402895164,0.9767644117667437,0.6559737935346208,-1.3133378051487068,0.0,0.0,1.0,0.0,0.0,1
1797,-0.579594283494516,-1.277418255947293,-1.1694279061654065,-1.023788323932921,0.6559737935346208,0.8056862739191277,1.0,0.0,0.0,0.0,0.0,0
1798,-0.5789531393756061,-1.0958303812359713,-0.5532156124669075,0.9767644117667437,0.6559737935346208,-1.2544760251746003,0.0,1.0,0.0,0.0,0.0,1
1799,-0.5783119952566963,0.004947014058610087,-0.5681754875618191,-1.023788323932921,1.3586356504869515,-0.4892728855112156,0.0,1.0,0.0,0.0,0.0,0
1800,-0.5776708511377864,-1.4338624107575109,-1.5764401622735276,-1.023788323932921,-0.04668806341770988,-1.5487849250451329,0.0,0.0,1.0,0.0,0.0,0
1801,-0.5770297070188766,-1.034719484682537,0.33635337244780805,0.9767644117667437,0.6559737935346208,-1.0190289052781742,0.0,0.0,0.0,1.0,0.0,0
1802,-0.5763885628999666,1.5825113303658016,1.218761067990727,0.9767644117667437,-0.04668806341770988,0.21706847417806258,0.0,0.0,0.0,0.0,1.0,1
1803,-0.5757474187810568,1.6970418930928763,-0.40876985674486543,-1.023788323932921,-1.4520117773223713,-1.6076467050192393,0.0,0.0,0.0,1.0,0.0,1
1804,-0.575106274662147,-0.4037475114050864,0.8240090412913706,0.9767644117667437,-0.7493499203700406,0.39365381410038214,1.0,0.0,0.0,0.0,0.0,0
1805,-0.5744651305432371,1.5108306379307197,0.4376778718156616,-1.023788323932921,-0.04668806341770988,1.512027633608406,0.0,0.0,0.0,0.0,1.0,0
1806,-0.5738239864243273,0.186226494891242,-0.4291486644767996,-1.023788323932921,-1.4520117773223713,-0.13610220566657652,0.0,0.0,1.0,0.0,0.0,1
1807,-0.5731828423054174,-0.7765535598307548,-1.2359193885308686,-1.023788323932921,-0.7493499203700406,-0.25382576561478953,0.0,0.0,1.0,0.0,0.0,0
1808,-0.5725416981865076,0.7377312547605341,0.7183876198789033,-1.023788323932921,0.6559737935346208,1.1588569537637667,0.0,0.0,0.0,0.0,1.0,0
1809,-0.5719005540675977,0.5854932683106858,1.217884500690332,0.9767644117667437,0.6559737935346208,1.3354422936860864,0.0,1.0,0.0,0.0,0.0,0
1810,-0.5712594099486878,1.74126634320127,0.6376745513719357,-1.023788323932921,0.6559737935346208,0.9234098338673408,0.0,0.0,0.0,0.0,1.0,0
1811,-0.5706182658297779,-0.7929865533793282,-1.6595501051187342,-1.023788323932921,1.3586356504869515,1.5708894135825124,1.0,0.0,0.0,0.0,0.0,0
1812,-0.5699771217108681,0.6315448372862504,-0.9773929071258682,-1.023788323932921,1.3586356504869515,0.21706847417806258,0.0,1.0,0.0,0.0,0.0,0
1813,-0.5693359775919582,-1.5385629696481125,-1.4820882822735653,0.9767644117667437,1.3586356504869515,-0.9013053453299612,0.0,0.0,1.0,0.0,0.0,1
1814,-0.5686948334730484,-1.322886697145872,0.24056921267548767,-1.023788323932921,1.3586356504869515,-1.3133378051487068,0.0,0.0,0.0,0.0,1.0,0
1815,-0.5680536893541385,-1.7069304569457815,0.8805535218369471,0.9767644117667437,-1.4520117773223713,1.0411333938155538,0.0,0.0,0.0,1.0,0.0,0
1816,-0.5674125452352287,1.7774398214932479,-1.3407447318478094,0.9767644117667437,-1.4520117773223713,0.2759302541521691,0.0,0.0,0.0,1.0,0.0,1
1817,-0.5667714011163187,1.0872908827461363,1.1620773096127546,0.9767644117667437,0.6559737935346208,-0.3715493255630026,1.0,0.0,0.0,0.0,0.0,1
1818,-0.5661302569974089,1.0328639284317938,0.18940556433193304,0.9767644117667437,-0.7493499203700406,1.27658051371198,0.0,0.0,0.0,1.0,0.0,0
1819,-0.565489112878499,0.06338237340411099,0.6518247245495511,0.9767644117667437,1.3586356504869515,1.27658051371198,0.0,0.0,0.0,0.0,1.0,0
1820,-0.5648479687595892,-0.6704182468040045,1.619695490834656,0.9767644117667437,-0.7493499203700406,1.4531658536342995,0.0,0.0,0.0,0.0,1.0,0
1821,-0.5642068246406793,-1.1912238871681935,-1.433249858937319,0.9767644117667437,-1.4520117773223713,0.39365381410038214,0.0,0.0,0.0,1.0,0.0,1
1822,-0.5635656805217695,-0.7242910212963776,1.378348152967977,-1.023788323932921,1.3586356504869515,-1.5487849250451329,0.0,0.0,0.0,0.0,1.0,0
1823,-0.5629245364028596,-0.4047558792663702,-1.2873581026923657,-1.023788323932921,-1.4520117773223713,1.4531658536342995,1.0,0.0,0.0,0.0,0.0,0
1824,-0.5622833922839497,0.9264195653446606,-0.3696179002894665,0.9767644117667437,-1.4520117773223713,-1.0778906852522807,0.0,1.0,0.0,0.0,0.0,1
1825,-0.5616422481650398,0.16815653532957814,1.207132303189427,0.9767644117667437,-0.04668806341770988,-0.6658582254335351,1.0,0.0,0.0,0.0,0.0,1
1826,-0.56100110404613,-1.4494541300801034,1.3956474735009514,0.9767644117667437,-1.4520117773223713,-0.9013053453299612,1.0,0.0,0.0,0.0,0.0,1
1827,-0.5603599599272201,-1.6575436318504622,0.02041831502681796,-1.023788323932921,0.6559737935346208,1.5708894135825124,0.0,0.0,0.0,0.0,1.0,0
1828,-0.5597188158083103,-1.3624848883617708,0.32213922601916606,0.9767644117667437,-1.4520117773223713,-0.018378645718363482,0.0,1.0,0.0,0.0,0.0,1
1829,-0.5590776716894004,-0.2839106219949199,0.7143414767059397,-1.023788323932921,1.3586356504869515,0.8645480538932343,0.0,0.0,0.0,0.0,1.0,0
1830,-0.5584365275704906,1.5455044974788468,1.1428901446557362,-1.023788323932921,0.6559737935346208,0.39365381410038214,0.0,0.0,1.0,0.0,0.0,0
1831,-0.5577953834515806,0.510246229735973,-1.3031487413368141,0.9767644117667437,-1.4520117773223713,-1.0778906852522807,0.0,0.0,0.0,0.0,1.0,1
1832,-0.5571542393326708,1.085723604795597,1.0648595610830698,-1.023788323932921,0.6559737935346208,-0.6658582254335351,0.0,0.0,0.0,0.0,1.0,0
1833,-0.5565130952137609,-0.08834659907848137,-0.0658872611586447,0.9767644117667437,-1.4520117773223713,0.21706847417806258,0.0,0.0,0.0,0.0,1.0,1
1834,-0.5558719510948511,-0.4548234654735965,-0.17130451522682452,0.9767644117667437,0.6559737935346208,-1.3721995851228133,0.0,1.0,0.0,0.0,0.0,1
1835,-0.5552308069759412,-1.341246381630917,-0.2632094339874383,0.9767644117667437,-0.7493499203700406,-0.13610220566657652,0.0,0.0,0.0,0.0,1.0,1
1836,-0.5545896628570314,1.3450964640057108,0.03018500589571572,-1.023788323932921,-0.04668806341770988,1.4531658536342995,0.0,1.0,0.0,0.0,0.0,0
1837,-0.5539485187381215,1.0203935779313162,1.5290712104144917,0.9767644117667437,0.6559737935346208,-0.13610220566657652,0.0,0.0,0.0,1.0,0.0,1
1838,-0.5533073746192116,-1.1322360117099648,0.16428235897349278,-1.023788323932921,1.3586356504869515,-0.07724042569247,0.0,0.0,1.0,0.0,0.0,0
1839,-0.5526662305003017,0.07225301270609182,1.5570205825312795,0.9767644117667437,-0.04668806341770988,0.39365381410038214,0.0,1.0,0.0,0.0,0.0,0
1840,-0.5520250863813919,-0.014846438391153861,-1.10100304002428,0.9767644117667437,-0.04668806341770988,-0.6069964454594287,0.0,0.0,0.0,1.0,0.0,1
1841,-0.5513839422624821,0.4671583235955182,0.7693277446232372,0.9767644117667437,-1.4520117773223713,-1.1367524652263874,0.0,1.0,0.0,0.0,0.0,1
1842,-0.5507427981435722,1.590983054018799,1.0723231625832015,0.9767644117667437,0.6559737935346208,1.1588569537637667,0.0,1.0,0.0,0.0,0.0,0
1843,-0.5501016540246624,0.308539200580475,0.6145444475359598,0.9767644117667437,-0.04668806341770988,1.1588569537637667,0.0,0.0,1.0,0.0,0.0,0
1844,-0.5494605099057525,0.17010069238621828,0.3662201552132693,-1.023788323932921,1.3586356504869515,0.5113773740485952,1.0,0.0,0.0,0.0,0.0,0
1845,-0.5488193657868427,-1.5445157994973422,0.2214021101247364,0.9767644117667437,1.3586356504869515,0.6879627139709147,1.0,0.0,0.0,0.0,0.0,0
1846,-0.5481782216679327,-1.5004702500331566,1.239775339958667,0.9767644117667437,1.3586356504869515,-0.4304111055371091,0.0,1.0,0.0,0.0,0.0,0
1847,-0.5475370775490229,-1.0649361204731485,1.104674813823143,0.9767644117667437,-1.4520117773223713,1.27658051371198,0.0,0.0,0.0,0.0,1.0,0
1848,-0.546895933430113,-1.606997865461832,-1.300474677023922,-1.023788323932921,-0.7493499203700406,0.9234098338673408,0.0,0.0,0.0,1.0,0.0,0
1849,-0.5462547893112032,0.8810697221398963,1.1973273435874479,0.9767644117667437,0.6559737935346208,-0.6069964454594287,0.0,0.0,0.0,0.0,1.0,1
1850,-0.5456136451922933,0.810991210602185,-0.2970195107376059,0.9767644117667437,-0.04668806341770988,-0.6069964454594287,0.0,0.0,0.0,0.0,1.0,1
1851,-0.5449725010733835,-1.2444516377077728,-0.8485513386823992,0.9767644117667437,0.6559737935346208,-1.1367524652263874,0.0,1.0,0.0,0.0,0.0,1
1852,-0.5443313569544735,1.2056081517604544,1.270170245649406,0.9767644117667437,-0.04668806341770988,-1.666508484993346,0.0,1.0,0.0,0.0,0.0,1
1853,-0.5436902128355637,-1.1788978591442398,-0.23526672417076713,-1.023788323932921,-1.4520117773223713,-1.0190289052781742,0.0,1.0,0.0,0.0,0.0,0
1854,-0.5430490687166538,-0.6665385134288274,1.0589972388277047,0.9767644117667437,0.6559737935346208,-1.0190289052781742,0.0,1.0,0.0,0.0,0.0,0
1855,-0.542407924597744,-0.8492324636037755,-0.8151689139029633,-1.023788323932921,-1.4520117773223713,0.6291009339968082,1.0,0.0,0.0,0.0,0.0,0
1856,-0.5417667804788341,-0.4175802087199357,-1.7075224273124872,-1.023788323932921,-1.4520117773223713,1.0999951737896603,0.0,1.0,0.0,0.0,0.0,0
1857,-0.5411256363599243,-0.8293285888161523,-0.017110607091265405,-1.023788323932921,0.6559737935346208,-0.9013053453299612,1.0,0.0,0.0,0.0,0.0,0
1858,-0.5404844922410144,-0.009330067582041144,-1.3763424363968888,-1.023788323932921,0.6559737935346208,1.512027633608406,1.0,0.0,0.0,0.0,0.0,0
1859,-0.5398433481221045,-0.29472844890638217,0.8733255217875145,0.9767644117667437,-0.04668806341770988,1.3943040736601928,0.0,1.0,0.0,0.0,0.0,0
1860,-0.5392022040031946,1.7323210154003974,-0.7715904960190975,0.9767644117667437,1.3586356504869515,0.040483134255743035,0.0,0.0,1.0,0.0,0.0,1
1861,-0.5385610598842848,-1.524903995752649,-0.19530167175300003,-1.023788323932921,-1.4520117773223713,1.629751193556619,0.0,0.0,0.0,1.0,0.0,0
1862,-0.5379199157653749,-1.223013811860758,-1.4217200703041617,-1.023788323932921,-0.7493499203700406,-0.4304111055371091,0.0,0.0,0.0,0.0,1.0,0
1863,-0.5372787716464651,-1.5357555059646903,-0.7351908594799053,-1.023788323932921,-0.04668806341770988,1.3354422936860864,1.0,0.0,0.0,0.0,0.0,0
1864,-0.5366376275275552,0.4697820507029279,0.9665737964931531,0.9767644117667437,-0.04668806341770988,-0.4892728855112156,0.0,0.0,0.0,1.0,0.0,1
1865,-0.5359964834086454,-1.5298637106924513,-1.1997123405056758,-1.023788323932921,1.3586356504869515,1.3943040736601928,0.0,0.0,1.0,0.0,0.0,0
1866,-0.5353553392897354,1.2068710697197875,0.5045994871605314,-1.023788323932921,1.3586356504869515,-0.8424435653558547,0.0,0.0,0.0,0.0,1.0,0
1867,-0.5347141951708256,0.07112625551346148,1.4340675837439363,-1.023788323932921,-1.4520117773223713,1.5708894135825124,0.0,0.0,0.0,0.0,1.0,0
1868,-0.5340730510519157,0.12386731347512991,0.6169790718452932,-1.023788323932921,-0.04668806341770988,0.6879627139709147,1.0,0.0,0.0,0.0,0.0,0
1869,-0.5334319069330059,0.24492043885699974,1.068134878209573,-1.023788323932921,-0.04668806341770988,-0.07724042569247,0.0,1.0,0.0,0.0,0.0,0
1870,-0.532790762814096,-1.1228014564846198,-1.3462732557583192,0.9767644117667437,-0.7493499203700406,-0.6069964454594287,0.0,0.0,1.0,0.0,0.0,1
1871,-0.5321496186951862,-1.0287341179800367,-0.8587482322769836,-1.023788323932921,-1.4520117773223713,-0.13610220566657652,1.0,0.0,0.0,0.0,0.0,0
1872,-0.5315084745762763,-0.6047929303752553,1.3553572987187452,0.9767644117667437,-1.4520117773223713,-0.19496398564068304,0.0,0.0,1.0,0.0,0.0,1
1873,-0.5308673304573664,0.35657622662284794,0.738271572892323,0.9767644117667437,1.3586356504869515,0.8056862739191277,0.0,1.0,0.0,0.0,0.0,0
1874,-0.5302261863384565,-0.9852383100325751,0.47844273724920194,0.9767644117667437,-1.4520117773223713,-0.07724042569247,0.0,1.0,0.0,0.0,0.0,1
1875,-0.5295850422195467,-1.3134868625953822,0.5617129334441232,0.9767644117667437,-0.7493499203700406,-1.4899231450710264,1.0,0.0,0.0,0.0,0.0,0
1876,-0.5289438981006368,1.6747373594510093,-0.29656577584399163,0.9767644117667437,-1.4520117773223713,1.27658051371198,0.0,1.0,0.0,0.0,0.0,1
1877,-0.528302753981727,-1.6437089217249898,-1.5678017524097188,-1.023788323932921,0.6559737935346208,1.0999951737896603,0.0,0.0,0.0,1.0,0.0,0
1878,-0.5276616098628171,1.0887738495772135,0.9767235568363977,0.9767644117667437,0.6559737935346208,0.6879627139709147,0.0,0.0,0.0,0.0,1.0,0
1879,-0.5270204657439073,1.0374563637456007,0.6131151815987211,0.9767644117667437,-0.7493499203700406,0.45251559407448866,1.0,0.0,0.0,0.0,0.0,0
1880,-0.5263793216249975,-0.6804035588677636,-0.09502209030494596,-1.023788323932921,1.3586356504869515,1.3354422936860864,0.0,0.0,1.0,0.0,0.0,0
1881,-0.5257381775060875,-1.245955290199102,1.3733119342630644,0.9767644117667437,-0.04668806341770988,1.27658051371198,0.0,0.0,0.0,1.0,0.0,0
1882,-0.5250970333871777,-1.2109484619862905,-0.5649548390944579,-1.023788323932921,-1.4520117773223713,0.45251559407448866,1.0,0.0,0.0,0.0,0.0,0
1883,-0.5244558892682678,0.7203465299771791,-0.7088389036839724,-1.023788323932921,1.3586356504869515,0.8056862739191277,0.0,1.0,0.0,0.0,0.0,0
1884,-0.523814745149358,0.5291604634366721,1.2805829522401364,-1.023788323932921,1.3586356504869515,1.3354422936860864,0.0,1.0,0.0,0.0,0.0,0
1885,-0.5231736010304481,1.0189433477812129,1.0198706744717247,-1.023788323932921,-1.4520117773223713,1.2177187337378734,0.0,1.0,0.0,0.0,0.0,0
1886,-0.5225324569115383,1.5605132714872598,0.0500224094137932,-1.023788323932921,-0.04668806341770988,-1.666508484993346,0.0,1.0,0.0,0.0,0.0,0
1887,-0.5218913127926283,0.7010817947444716,-1.2714281226677062,0.9767644117667437,-1.4520117773223713,0.8645480538932343,0.0,0.0,1.0,0.0,0.0,1
1888,-0.5212501686737185,-1.1751686329216042,-0.9813871364824046,-1.023788323932921,-0.04668806341770988,1.3943040736601928,0.0,0.0,0.0,1.0,0.0,0
1889,-0.5206090245548086,-0.8686022974869057,0.5357865643623679,-1.023788323932921,-0.7493499203700406,-0.6069964454594287,0.0,0.0,0.0,0.0,1.0,0
1890,-0.5199678804358988,1.227009886322788,-0.3968470732394468,0.9767644117667437,-0.04668806341770988,0.7468244939450213,0.0,0.0,1.0,0.0,0.0,1
1891,-0.5193267363169889,-0.9880792377430491,1.1556646967440158,0.9767644117667437,1.3586356504869515,0.9822716138414473,0.0,0.0,1.0,0.0,0.0,0
1892,-0.5186855921980791,-1.466818575176802,1.5459380394104567,0.9767644117667437,-0.7493499203700406,-1.0190289052781742,0.0,0.0,0.0,0.0,1.0,0
1893,-0.5180444480791692,0.7408158955218016,1.0496162300620262,0.9767644117667437,0.6559737935346208,-0.25382576561478953,0.0,0.0,0.0,0.0,1.0,1
1894,-0.5174033039602594,-0.31181365315283127,-0.4226257995206403,-1.023788323932921,-0.7493499203700406,0.2759302541521691,0.0,1.0,0.0,0.0,0.0,0
1895,-0.5167621598413494,1.4994698389115686,0.9913220743391645,0.9767644117667437,-0.04668806341770988,0.9234098338673408,0.0,0.0,1.0,0.0,0.0,0
1896,-0.5161210157224396,0.5552299355207719,-0.5123987498725923,-1.023788323932921,-0.7493499203700406,-1.3133378051487068,1.0,0.0,0.0,0.0,0.0,0
1897,-0.5154798716035297,-1.4041807618747018,-1.1463646866637967,0.9767644117667437,-0.7493499203700406,-0.13610220566657652,0.0,0.0,0.0,0.0,1.0,1
1898,-0.5148387274846199,1.5968268638242806,-1.6061936989226773,0.9767644117667437,0.6559737935346208,0.6291009339968082,0.0,0.0,0.0,0.0,1.0,1
1899,-0.51419758336571,-0.8157014553864462,-0.3945240592044714,0.9767644117667437,-0.04668806341770988,-0.9013053453299612,0.0,0.0,0.0,1.0,0.0,1
1900,-0.5135564392468002,-0.5404103575538041,1.3863793762176917,0.9767644117667437,1.3586356504869515,1.4531658536342995,1.0,0.0,0.0,0.0,0.0,0
1901,-0.5129152951278902,-0.3127444420515306,-0.899141076567771,0.9767644117667437,-0.7493499203700406,1.1588569537637667,1.0,0.0,0.0,0.0,0.0,1
1902,-0.5122741510089804,-1.5413610525172836,-1.0108198594310884,-1.023788323932921,-1.4520117773223713,-1.3133378051487068,0.0,0.0,0.0,0.0,1.0,0
1903,-0.5116330068900705,0.017145456509527767,1.6142580833439002,-1.023788323932921,1.3586356504869515,-1.1367524652263874,0.0,1.0,0.0,0.0,0.0,0
1904,-0.5109918627711607,-1.2890333838504746,-1.6350444791627627,-1.023788323932921,-0.7493499203700406,-0.07724042569247,0.0,0.0,0.0,1.0,0.0,0
1905,-0.5103507186522508,-0.3172597105188376,0.9813340195712504,0.9767644117667437,1.3586356504869515,1.6886129735307256,1.0,0.0,0.0,0.0,0.0,0
1906,-0.509709574533341,-0.49317019281280533,-0.6158178705695637,-1.023788323932921,-1.4520117773223713,-1.4899231450710264,0.0,0.0,0.0,0.0,1.0,1
1907,-0.5090684304144311,0.984274056432345,-1.5921115086231346,0.9767644117667437,1.3586356504869515,0.9822716138414473,1.0,0.0,0.0,0.0,0.0,1
1908,-0.5084272862955213,1.0904297084078043,1.4353630428381345,0.9767644117667437,1.3586356504869515,0.9822716138414473,0.0,0.0,0.0,1.0,0.0,0
1909,-0.5077861421766113,-1.1837038544089935,-1.2407941824535271,-1.023788323932921,-1.4520117773223713,1.6886129735307256,0.0,0.0,0.0,1.0,0.0,0
1910,-0.5071449980577015,-0.4377257372083044,0.17657883635173438,-1.023788323932921,-1.4520117773223713,1.629751193556619,0.0,0.0,1.0,0.0,0.0,0
1911,-0.5065038539387916,-0.41391901931752406,-0.778540636506706,0.9767644117667437,-1.4520117773223713,-1.3721995851228133,0.0,0.0,0.0,0.0,1.0,1
1912,-0.5058627098198818,-1.1907123330916523,-1.4968322576249242,0.9767644117667437,0.6559737935346208,1.3354422936860864,0.0,0.0,0.0,1.0,0.0,0
1913,-0.5052215657009719,1.073920317058916,-1.5493481372160944,-1.023788323932921,-1.4520117773223713,-0.7247200054076417,0.0,0.0,1.0,0.0,0.0,1
1914,-0.5045804215820621,0.7546347453224003,-1.3236266578190057,0.9767644117667437,1.3586356504869515,-0.13610220566657652,0.0,0.0,1.0,0.0,0.0,1
1915,-0.5039392774631521,-1.0543137228064206,-1.475598633685217,-1.023788323932921,-1.4520117773223713,-1.0778906852522807,1.0,0.0,0.0,0.0,0.0,0
1916,-0.5032981333442423,-0.4371282177233897,0.8945864805540439,-1.023788323932921,-0.7493499203700406,-1.0778906852522807,1.0,0.0,0.0,0.0,0.0,0
1917,-0.5026569892253325,-1.350330026685963,-0.05113341882839903,0.9767644117667437,-1.4520117773223713,0.3347920341262756,0.0,0.0,1.0,0.0,0.0,1
1918,-0.5020158451064226,0.4780608920544176,-0.5418014688425351,0.9767644117667437,-1.4520117773223713,-0.07724042569247,1.0,0.0,0.0,0.0,0.0,1
1919,-0.5013747009875128,-1.2958463123507753,-0.2822304559167676,0.9767644117667437,-0.04668806341770988,-1.1367524652263874,0.0,0.0,0.0,1.0,0.0,1
1920,-0.5007335568686029,1.7300974055965022,1.4736888510169677,0.9767644117667437,1.3586356504869515,1.3354422936860864,0.0,1.0,0.0,0.0,0.0,0
1921,-0.5000924127496931,1.0117208069191872,1.4111150087909459,-1.023788323932921,1.3586356504869515,-1.43106136509692,0.0,0.0,0.0,1.0,0.0,0
1922,-0.49945126863078315,-0.35482063078089876,0.7402348299453425,0.9767644117667437,-0.7493499203700406,-0.5481346654853221,0.0,0.0,1.0,0.0,0.0,1
1923,-0.4988101245118733,0.30431295110004786,1.3214600678355146,-1.023788323932921,0.6559737935346208,-1.1956142452004939,0.0,0.0,1.0,0.0,0.0,0
1924,-0.4981689803929634,1.4690262545903778,-0.6217397236912253,-1.023788323932921,-0.04668806341770988,1.6886129735307256,0.0,0.0,0.0,1.0,0.0,0
1925,-0.49752783627405356,0.21868735249688176,-0.4103692427407134,0.9767644117667437,-0.7493499203700406,0.09934491422984955,1.0,0.0,0.0,0.0,0.0,1
1926,-0.4968866921551437,-1.1099048290329503,0.3895711876439252,-1.023788323932921,-0.7493499203700406,0.9822716138414473,1.0,0.0,0.0,0.0,0.0,0
1927,-0.49624554803623383,-0.3951934877583352,0.4236654457148024,0.9767644117667437,1.3586356504869515,0.15820669420395606,0.0,0.0,1.0,0.0,0.0,1
1928,-0.49560440391732397,1.230338829317813,-0.06443016485410757,0.9767644117667437,-0.04668806341770988,-0.7835817853817482,0.0,0.0,0.0,0.0,1.0,1
1929,-0.4949632597984141,0.5340829113350167,-0.3431402597219873,-1.023788323932921,1.3586356504869515,-1.6076467050192393,1.0,0.0,0.0,0.0,0.0,0
1930,-0.49432211567950424,0.5568725187592577,1.6705198455472756,-1.023788323932921,0.6559737935346208,1.5708894135825124,0.0,0.0,0.0,1.0,0.0,0
1931,-0.4936809715605944,1.3132063406340067,1.1028762732045634,-1.023788323932921,1.3586356504869515,0.7468244939450213,1.0,0.0,0.0,0.0,0.0,0
1932,-0.4930398274416845,1.4082360838420929,-0.22510286550743502,0.9767644117667437,-1.4520117773223713,-0.7247200054076417,0.0,0.0,0.0,1.0,0.0,1
1933,-0.49239868332277464,1.4986036631379505,0.7801832033190006,0.9767644117667437,1.3586356504869515,-1.1956142452004939,0.0,0.0,1.0,0.0,0.0,1
1934,-0.4917575392038648,-1.388675131439513,-0.793990763768726,-1.023788323932921,-1.4520117773223713,1.3354422936860864,1.0,0.0,0.0,0.0,0.0,0
1935,-0.49111639508495497,0.18378115641022894,-1.3765451029282623,0.9767644117667437,-0.7493499203700406,0.6291009339968082,0.0,0.0,0.0,1.0,0.0,1
1936,-0.4904752509660451,0.871117991288553,-0.5089962863583568,0.9767644117667437,0.6559737935346208,0.5113773740485952,0.0,0.0,1.0,0.0,0.0,1
1937,-0.48983410684713524,0.928578166640182,-0.3351789496992172,-1.023788323932921,-1.4520117773223713,0.7468244939450213,0.0,0.0,0.0,0.0,1.0,0
1938,-0.4891929627282254,0.40284510907948007,-1.6641631511243282,0.9767644117667437,0.6559737935346208,-1.3133378051487068,0.0,0.0,0.0,1.0,0.0,1
1939,-0.4885518186093155,-1.136893643007732,1.0811012937245945,-1.023788323932921,1.3586356504869515,0.21706847417806258,0.0,0.0,0.0,0.0,1.0,0
1940,-0.48791067449040565,1.0703050170128723,-0.48573991395788924,-1.023788323932921,1.3586356504869515,0.39365381410038214,0.0,0.0,0.0,0.0,1.0,0
1941,-0.4872695303714958,0.7997249037908721,0.2750703168327221,-1.023788323932921,-0.7493499203700406,0.6291009339968082,0.0,1.0,0.0,0.0,0.0,0
1942,-0.4866283862525859,-1.419171864147956,-1.4666701790252,0.9767644117667437,1.3586356504869515,0.15820669420395606,1.0,0.0,0.0,0.0,0.0,1
1943,-0.48598724213367606,-0.09732322188240997,-1.1192071422769783,-1.023788323932921,-1.4520117773223713,1.0999951737896603,0.0,0.0,0.0,1.0,0.0,0
1944,-0.4853460980147662,-1.1117286185520963,1.338694507137866,-1.023788323932921,-0.7493499203700406,-1.1956142452004939,0.0,0.0,0.0,0.0,1.0,0
1945,-0.4847049538958563,-0.539484421366096,0.3722909876832699,-1.023788323932921,0.6559737935346208,0.5702391540227016,0.0,1.0,0.0,0.0,0.0,0
1946,-0.48406380977694646,-1.657361341940784,1.5470696380266122,-1.023788323932921,-0.7493499203700406,-0.7247200054076417,0.0,0.0,1.0,0.0,0.0,0
1947,-0.4834226656580366,-0.31950129661049265,1.7137481602469267,0.9767644117667437,0.6559737935346208,-0.31268754558889605,0.0,0.0,0.0,1.0,0.0,1
1948,-0.48278152153912673,0.20390921303546872,-0.4421780420837826,-1.023788323932921,-0.04668806341770988,0.6879627139709147,0.0,0.0,0.0,0.0,1.0,0
1949,-0.48214037742021687,0.4478771178832424,-0.6934272746302634,0.9767644117667437,-1.4520117773223713,0.6291009339968082,1.0,0.0,0.0,0.0,0.0,1
1950,-0.481499233301307,0.6015530251491589,1.2309216714577433,-1.023788323932921,-1.4520117773223713,0.3347920341262756,0.0,1.0,0.0,0.0,0.0,0
1951,-0.48085808918239714,1.2063515889055845,1.7132714781103284,0.9767644117667437,0.6559737935346208,-1.666508484993346,0.0,0.0,0.0,0.0,1.0,1
1952,-0.4802169450634873,-0.9665304995803771,0.4443525142476686,0.9767644117667437,1.3586356504869515,-0.6658582254335351,1.0,0.0,0.0,0.0,0.0,0
1953,-0.4795758009445774,-1.2989616448869803,1.0135189219467884,0.9767644117667437,1.3586356504869515,-1.1956142452004939,0.0,0.0,0.0,0.0,1.0,0
1954,-0.47893465682566755,1.259711669065156,0.9674528795022501,0.9767644117667437,-0.04668806341770988,1.0999951737896603,0.0,0.0,0.0,1.0,0.0,0
1955,-0.4782935127067577,-1.1725041799802847,-0.49899308645835894,-1.023788323932921,0.6559737935346208,-1.6076467050192393,0.0,0.0,0.0,1.0,0.0,0
1956,-0.4776523685878478,1.6909884120373058,0.25392757471400074,-1.023788323932921,-0.04668806341770988,1.3354422936860864,0.0,0.0,0.0,1.0,0.0,0
1957,-0.47701122446893796,1.2282156215446167,1.1439159294868602,0.9767644117667437,0.6559737935346208,-0.6658582254335351,0.0,1.0,0.0,0.0,0.0,1
1958,-0.4763700803500281,0.03240947756315105,0.6454447590525346,0.9767644117667437,-0.04668806341770988,1.2177187337378734,0.0,0.0,0.0,1.0,0.0,0
1959,-0.4757289362311182,1.7143029286203957,-1.6482515841165868,0.9767644117667437,0.6559737935346208,-0.25382576561478953,1.0,0.0,0.0,0.0,0.0,1
1960,-0.47508779211220836,-1.379828826509744,-0.5630770865487457,-1.023788323932921,-1.4520117773223713,1.3943040736601928,0.0,0.0,0.0,0.0,1.0,0
1961,-0.4744466479932985,-0.6599229565754537,-1.2241718362996963,0.9767644117667437,-0.04668806341770988,1.2177187337378734,0.0,0.0,1.0,0.0,0.0,0
1962,-0.47380550387438863,0.5131229751995915,-0.9198250112106485,0.9767644117667437,-0.04668806341770988,1.2177187337378734,1.0,0.0,0.0,0.0,0.0,1
1963,-0.47316435975547877,-0.49563039150529764,1.3930174032956864,-1.023788323932921,0.6559737935346208,0.9822716138414473,1.0,0.0,0.0,0.0,0.0,0
1964,-0.4725232156365689,1.528633354312057,-1.5941566208434523,-1.023788323932921,-0.7493499203700406,-0.31268754558889605,0.0,0.0,0.0,1.0,0.0,0
1965,-0.47188207151765904,-1.4909551833704298,-0.9651228878569911,-1.023788323932921,-0.7493499203700406,1.1588569537637667,0.0,1.0,0.0,0.0,0.0,0
1966,-0.4712409273987492,0.20228141418618112,-0.6564011205488823,-1.023788323932921,-1.4520117773223713,-0.7835817853817482,0.0,0.0,0.0,0.0,1.0,1
1967,-0.4705997832798393,0.34737078055614307,0.4004795796850787,-1.023788323932921,1.3586356504869515,-1.1956142452004939,0.0,1.0,0.0,0.0,0.0,0
1968,-0.46995863916092945,0.5638855508720692,0.11578413194889586,-1.023788323932921,1.3586356504869515,1.512027633608406,0.0,0.0,0.0,0.0,1.0,0
1969,-0.4693174950420196,-0.825820015755662,-0.97038891121533,0.9767644117667437,-1.4520117773223713,0.9234098338673408,0.0,0.0,0.0,0.0,1.0,1
1970,-0.4686763509231097,-0.444672341306759,-1.1561970944169682,0.9767644117667437,1.3586356504869515,1.2177187337378734,0.0,1.0,0.0,0.0,0.0,1
1971,-0.46803520680419985,1.232213640586769,-0.9066676916216111,-1.023788323932921,0.6559737935346208,1.4531658536342995,1.0,0.0,0.0,0.0,0.0,0
1972,-0.46739406268529005,-1.0383504107812065,0.007205198642835668,0.9767644117667437,-0.7493499203700406,1.1588569537637667,0.0,0.0,0.0,0.0,1.0,0
1973,-0.4667529185663802,1.1733697212322978,-0.7884328883407251,-1.023788323932921,-1.4520117773223713,-1.1367524652263874,0.0,1.0,0.0,0.0,0.0,1
1974,-0.4661117744474703,0.24863361240593748,1.5378475710679205,0.9767644117667437,0.6559737935346208,-1.1367524652263874,0.0,0.0,0.0,0.0,1.0,1
1975,-0.46547063032856045,0.9469903510108645,-0.12576488412769038,-1.023788323932921,-1.4520117773223713,-1.0778906852522807,0.0,0.0,1.0,0.0,0.0,1
1976,-0.4648294862096506,0.7769611999844913,-1.51883133170926,-1.023788323932921,-0.7493499203700406,0.5702391540227016,1.0,0.0,0.0,0.0,0.0,0
1977,-0.4641883420907407,-0.9943602192157035,0.7869717067780058,0.9767644117667437,1.3586356504869515,1.0411333938155538,0.0,0.0,0.0,1.0,0.0,0
1978,-0.46354719797183086,0.2701840378687818,-0.590109584873467,0.9767644117667437,0.6559737935346208,1.5708894135825124,0.0,0.0,0.0,0.0,1.0,1
1979,-0.462906053852921,1.3163621503699279,0.5263667164940936,-1.023788323932921,-0.7493499203700406,1.512027633608406,0.0,0.0,1.0,0.0,0.0,0
1980,-0.46226490973401113,-0.2082498946337785,-0.7594875581021227,-1.023788323932921,-1.4520117773223713,-1.3133378051487068,0.0,0.0,0.0,1.0,0.0,1
1981,-0.46162376561510127,1.6623960512080604,0.2417991735890297,-1.023788323932921,-0.04668806341770988,-0.3715493255630026,0.0,0.0,0.0,1.0,0.0,0
1982,-0.4609826214961914,-0.13790443419228635,0.934460542817776,-1.023788323932921,0.6559737935346208,-0.9601671253040678,0.0,0.0,0.0,0.0,1.0,0
1983,-0.46034147737728154,-1.220898917748261,1.4704630128827074,-1.023788323932921,-1.4520117773223713,-0.4304111055371091,0.0,1.0,0.0,0.0,0.0,0
1984,-0.4597003332583717,-0.3576341516110881,-0.822997873712147,-1.023788323932921,-1.4520117773223713,1.1588569537637667,0.0,0.0,0.0,0.0,1.0,0
1985,-0.4590591891394618,1.6102871934375642,-0.569434980075243,0.9767644117667437,-0.7493499203700406,1.512027633608406,0.0,0.0,1.0,0.0,0.0,1
1986,-0.45841804502055195,-0.6016306129653809,-0.12438512812579262,0.9767644117667437,-1.4520117773223713,1.3354422936860864,0.0,0.0,0.0,1.0,0.0,1
1987,-0.4577769009016421,1.317674664617607,1.4675951480274663,0.9767644117667437,0.6559737935346208,1.3943040736601928,0.0,0.0,0.0,0.0,1.0,0
1988,-0.4571357567827322,1.3637081237854443,1.3789081519665776,0.9767644117667437,0.6559737935346208,0.3347920341262756,0.0,1.0,0.0,0.0,0.0,0
1989,-0.45649461266382235,-0.49500160101508167,-1.411936860461737,0.9767644117667437,-1.4520117773223713,-0.7835817853817482,0.0,0.0,0.0,0.0,1.0,1
1990,-0.4558534685449125,-1.4292451810429592,-1.2673181222016292,-1.023788323932921,-0.7493499203700406,0.8645480538932343,1.0,0.0,0.0,0.0,0.0,0
1991,-0.4552123244260026,0.8152877944076478,-0.016938706516543018,-1.023788323932921,0.6559737935346208,-1.4899231450710264,0.0,1.0,0.0,0.0,0.0,0
1992,-0.45457118030709276,-0.630360309944634,-1.354363204022189,0.9767644117667437,-0.04668806341770988,-1.6076467050192393,0.0,0.0,1.0,0.0,0.0,1
1993,-0.4539300361881829,1.0195661328352423,-0.5325545254967956,-1.023788323932921,1.3586356504869515,-1.2544760251746003,0.0,0.0,0.0,1.0,0.0,0
1994,-0.45328889206927303,-0.17136504873952194,-1.2107261183239084,0.9767644117667437,-0.7493499203700406,-0.6069964454594287,0.0,0.0,0.0,0.0,1.0,1
1995,-0.45264774795036317,-0.0222246090646504,0.46635961948184734,0.9767644117667437,-0.7493499203700406,1.629751193556619,0.0,1.0,0.0,0.0,0.0,0
1996,-0.4520066038314533,1.0020165465371953,1.5443575141145123,-1.023788323932921,1.3586356504869515,1.1588569537637667,1.0,0.0,0.0,0.0,0.0,0
1997,-0.45136545971254344,-0.3823836757536513,1.7068140615076577,-1.023788323932921,1.3586356504869515,-0.6069964454594287,0.0,1.0,0.0,0.0,0.0,0
1998,-0.4507243155936336,-0.16971132221172117,-0.43055044484157307,0.9767644117667437,0.6559737935346208,1.2177187337378734,1.0,0.0,0.0,0.0,0.0,1
1999,-0.4500831714747237,-0.403988521445479,0.3390182393462724,0.9767644117667437,-1.4520117773223713,-0.6658582254335351,0.0,0.0,1.0,0.0,0.0,1
2000,-0.44944202735581384,-0.43496311160108936,1.2237394857676556,0.9767644117667437,-1.4520117773223713,-0.5481346654853221,0.0,0.0,0.0,1.0,0.0,1
2001,-0.448800883236904,0.12015367621654982,-1.3170739194181853,0.9767644117667437,-0.04668806341770988,-0.8424435653558547,0.0,0.0,1.0,0.0,0.0,1
2002,-0.4481597391179941,1.110130816302169,0.6504332679885406,-1.023788323932921,-1.4520117773223713,0.15820669420395606,0.0,0.0,0.0,0.0,1.0,0
2003,-0.44751859499908425,-0.454465667781225,-0.3149885718154556,0.9767644117667437,-0.04668806341770988,-1.4899231450710264,0.0,1.0,0.0,0.0,0.0,1
2004,-0.4468774508801744,0.114232226175731,-1.0120820187296165,-1.023788323932921,-0.04668806341770988,-0.3715493255630026,1.0,0.0,0.0,0.0,0.0,0
2005,-0.4462363067612645,0.6268822542101884,-0.3359327325518562,0.9767644117667437,-0.7493499203700406,-0.9013053453299612,1.0,0.0,0.0,0.0,0.0,1
2006,-0.44559516264235466,-0.777614119866632,-1.459801988250422,0.9767644117667437,-0.7493499203700406,-0.25382576561478953,0.0,1.0,0.0,0.0,0.0,1
2007,-0.4449540185234448,-0.7493225904373103,0.6705269248924799,-1.023788323932921,0.6559737935346208,0.8056862739191277,0.0,1.0,0.0,0.0,0.0,0
2008,-0.44431287440453493,1.5462752262416872,-0.851832778009925,-1.023788323932921,1.3586356504869515,-0.31268754558889605,0.0,0.0,0.0,0.0,1.0,0
2009,-0.4436717302856251,0.8117061475794578,-0.6500859579395551,-1.023788323932921,1.3586356504869515,-0.13610220566657652,0.0,0.0,1.0,0.0,0.0,0
2010,-0.44303058616671526,0.2994925933532802,-1.3046271042246829,-1.023788323932921,-0.04668806341770988,0.15820669420395606,1.0,0.0,0.0,0.0,0.0,0
2011,-0.4423894420478054,0.5463574479361429,1.2525984109608523,-1.023788323932921,1.3586356504869515,0.9234098338673408,0.0,0.0,0.0,0.0,1.0,0
2012,-0.44174829792889553,-1.6180974269857755,-0.02404006142953382,0.9767644117667437,-0.04668806341770988,-0.7247200054076417,0.0,0.0,1.0,0.0,0.0,1
2013,-0.44110715380998566,0.4426984637617061,0.24662467435129334,0.9767644117667437,1.3586356504869515,-0.7247200054076417,0.0,0.0,0.0,0.0,1.0,1
2014,-0.4404660096910758,0.06262217224390272,0.23729033465969174,0.9767644117667437,0.6559737935346208,0.45251559407448866,1.0,0.0,0.0,0.0,0.0,0
2015,-0.43982486557216594,0.1894639834385566,-0.3093159673628995,-1.023788323932921,-0.7493499203700406,0.15820669420395606,0.0,1.0,0.0,0.0,0.0,0
2016,-0.43918372145325607,-0.46267130015044533,-1.0589094092168845,-1.023788323932921,-0.7493499203700406,-0.19496398564068304,0.0,1.0,0.0,0.0,0.0,0
2017,-0.4385425773343462,-1.4354882924269452,0.8415373694880532,-1.023788323932921,-0.04668806341770988,1.0999951737896603,0.0,0.0,1.0,0.0,0.0,0
2018,-0.43790143321543634,-1.0439627397680642,-1.2840786988790411,0.9767644117667437,1.3586356504869515,1.1588569537637667,0.0,0.0,0.0,1.0,0.0,0
2019,-0.4372602890965265,1.606935294051327,-1.3638051451624427,-1.023788323932921,-1.4520117773223713,-0.9013053453299612,0.0,0.0,1.0,0.0,0.0,1
2020,-0.4366191449776166,-0.29020760175986976,0.7212117422929464,0.9767644117667437,0.6559737935346208,0.8056862739191277,0.0,0.0,0.0,1.0,0.0,0
2021,-0.43597800085870675,-0.08726664305060314,-1.0028279283783956,0.9767644117667437,1.3586356504869515,-1.0190289052781742,0.0,0.0,0.0,0.0,1.0,1
2022,-0.4353368567397969,-1.5361618669164405,-0.6660188619465285,0.9767644117667437,-1.4520117773223713,1.27658051371198,0.0,0.0,0.0,0.0,1.0,1
2023,-0.434695712620887,-1.5891639052308937,-0.0866891832698493,-1.023788323932921,0.6559737935346208,0.21706847417806258,1.0,0.0,0.0,0.0,0.0,0
2024,-0.43405456850197716,0.789470382946992,-0.17567940099591992,0.9767644117667437,0.6559737935346208,-1.5487849250451329,0.0,0.0,0.0,1.0,0.0,1
2025,-0.4334134243830673,0.16267164234246498,0.7158264397787508,0.9767644117667437,-0.7493499203700406,0.2759302541521691,1.0,0.0,0.0,0.0,0.0,1
2026,-0.4327722802641574,0.059812083130693805,0.42299773457734724,0.9767644117667437,-0.04668806341770988,-0.6658582254335351,0.0,1.0,0.0,0.0,0.0,1
2027,-0.43213113614524756,-0.8697155908063628,0.49509593032143956,-1.023788323932921,1.3586356504869515,0.040483134255743035,0.0,0.0,0.0,1.0,0.0,0
2028,-0.4314899920263377,0.8859621093256488,0.7346561239653296,0.9767644117667437,0.6559737935346208,-0.31268754558889605,0.0,0.0,1.0,0.0,0.0,1
2029,-0.43084884790742783,-1.1318213297299753,-0.7147163536222829,-1.023788323932921,1.3586356504869515,0.5702391540227016,0.0,1.0,0.0,0.0,0.0,0
2030,-0.43020770378851797,-1.0558783595522092,-0.6125048095233867,-1.023788323932921,0.6559737935346208,-1.0778906852522807,0.0,1.0,0.0,0.0,0.0,0
2031,-0.4295665596696081,-0.108164922045372,-0.21472526183212765,0.9767644117667437,-0.7493499203700406,-1.0778906852522807,0.0,0.0,1.0,0.0,0.0,1
2032,-0.42892541555069824,-0.7186731346780565,-0.6636478838518488,0.9767644117667437,-0.04668806341770988,0.6879627139709147,0.0,1.0,0.0,0.0,0.0,0
2033,-0.4282842714317884,-0.8545311340879063,1.666246982710658,-1.023788323932921,-1.4520117773223713,-0.31268754558889605,0.0,0.0,0.0,1.0,0.0,0
2034,-0.4276431273128785,0.5376690827030614,1.0785561139441306,0.9767644117667437,-1.4520117773223713,0.15820669420395606,1.0,0.0,0.0,0.0,0.0,1
2035,-0.42700198319396865,0.5577382749501927,-1.154774617526687,-1.023788323932921,-0.7493499203700406,0.39365381410038214,0.0,1.0,0.0,0.0,0.0,0
2036,-0.4263608390750588,1.1651420660528473,-1.7017969241180855,-1.023788323932921,0.6559737935346208,-0.13610220566657652,0.0,0.0,0.0,1.0,0.0,0
2037,-0.4257196949561489,-0.25867633681060453,-1.573900495490818,-1.023788323932921,-0.7493499203700406,1.27658051371198,0.0,0.0,0.0,0.0,1.0,0
2038,-0.42507855083723906,-1.4648488816371432,-0.8816813244583838,0.9767644117667437,-0.04668806341770988,0.7468244939450213,0.0,0.0,0.0,1.0,0.0,0
2039,-0.4244374067183292,-0.7628199527094087,-1.32797851762631,-1.023788323932921,-1.4520117773223713,-1.2544760251746003,1.0,0.0,0.0,0.0,0.0,0
2040,-0.4237962625994193,1.70934710211212,0.11315813380053824,-1.023788323932921,1.3586356504869515,-0.9601671253040678,0.0,0.0,0.0,1.0,0.0,0
2041,-0.42315511848050946,0.3662437074485489,1.2296807389262332,0.9767644117667437,-1.4520117773223713,-1.6076467050192393,0.0,0.0,1.0,0.0,0.0,1
2042,-0.4225139743615996,0.7634153229140613,0.8127091648651695,0.9767644117667437,-0.04668806341770988,-1.4899231450710264,1.0,0.0,0.0,0.0,0.0,1
2043,-0.42187283024268973,-1.6948924616062482,-0.9795383145149335,-1.023788323932921,0.6559737935346208,1.512027633608406,0.0,0.0,0.0,0.0,1.0,0
2044,-0.42123168612377987,0.09306093580443157,-0.34781257122458675,-1.023788323932921,-0.7493499203700406,-0.25382576561478953,0.0,0.0,1.0,0.0,0.0,0
2045,-0.42059054200487,-1.5892954062246023,0.025654442019297494,-1.023788323932921,-1.4520117773223713,1.3354422936860864,0.0,0.0,0.0,1.0,0.0,0
2046,-0.41994939788596014,0.2716451910154649,1.0653291378007668,0.9767644117667437,-1.4520117773223713,0.6291009339968082,1.0,0.0,0.0,0.0,0.0,1
2047,-0.41930825376705033,1.502027608325224,1.164772802401614,-1.023788323932921,1.3586356504869515,-0.7247200054076417,0.0,0.0,0.0,0.0,1.0,0
2048,-0.41866710964814047,1.6687952611348356,1.4075607140853061,-1.023788323932921,-0.7493499203700406,0.45251559407448866,0.0,0.0,1.0,0.0,0.0,0
2049,-0.4180259655292306,0.17127461315855494,0.030300783494153664,0.9767644117667437,1.3586356504869515,-0.5481346654853221,0.0,0.0,0.0,0.0,1.0,1
2050,-0.41738482141032074,-0.11694063338246752,0.6666325003691909,0.9767644117667437,1.3586356504869515,1.5708894135825124,0.0,0.0,0.0,1.0,0.0,0
2051,-0.4167436772914109,1.5868887875768667,-1.336544978653901,-1.023788323932921,0.6559737935346208,0.5113773740485952,0.0,0.0,0.0,0.0,1.0,0
2052,-0.416102533172501,0.6369709466774635,0.22303972857556126,0.9767644117667437,-1.4520117773223713,-0.8424435653558547,0.0,1.0,0.0,0.0,0.0,1
2053,-0.41546138905359115,-1.4934989933177594,-0.8657640175982793,-1.023788323932921,-0.7493499203700406,0.5702391540227016,0.0,0.0,1.0,0.0,0.0,0
2054,-0.4148202449346813,-0.09061813988930505,-0.23632566793331852,-1.023788323932921,0.6559737935346208,-0.4304111055371091,0.0,0.0,0.0,0.0,1.0,0
2055,-0.4141791008157714,-0.8797938022721864,0.45951637192181977,0.9767644117667437,0.6559737935346208,-0.07724042569247,0.0,0.0,0.0,1.0,0.0,0
2056,-0.41353795669686155,-0.07634265052303457,-0.8372398251331894,-1.023788323932921,0.6559737935346208,-1.1956142452004939,0.0,0.0,0.0,1.0,0.0,0
2057,-0.4128968125779517,-0.12652787327071974,-1.5415669647985357,-1.023788323932921,-0.04668806341770988,1.629751193556619,0.0,0.0,0.0,0.0,1.0,0
2058,-0.4122556684590418,0.3168458980053513,-1.6858406108439579,0.9767644117667437,-0.04668806341770988,-1.4899231450710264,0.0,0.0,0.0,1.0,0.0,1
2059,-0.41161452434013196,-0.47195790376170127,-1.6448272154331531,-1.023788323932921,0.6559737935346208,-1.1367524652263874,1.0,0.0,0.0,0.0,0.0,0
2060,-0.4109733802212221,-1.1457026727899677,-1.692320251320731,0.9767644117667437,-0.04668806341770988,-0.07724042569247,1.0,0.0,0.0,0.0,0.0,1
2061,-0.41033223610231223,0.04235929865004863,-1.341515535183851,-1.023788323932921,-0.7493499203700406,1.3354422936860864,1.0,0.0,0.0,0.0,0.0,0
2062,-0.40969109198340237,1.1850422582301705,-0.8974142209855356,0.9767644117667437,-1.4520117773223713,0.8645480538932343,0.0,1.0,0.0,0.0,0.0,1
2063,-0.4090499478644925,0.6033796008656731,-0.9602366316864678,0.9767644117667437,-0.7493499203700406,-0.19496398564068304,0.0,0.0,0.0,0.0,1.0,1
2064,-0.40840880374558264,-0.5363665754926156,1.6726392922043367,0.9767644117667437,-1.4520117773223713,1.27658051371198,0.0,1.0,0.0,0.0,0.0,1
2065,-0.4077676596266728,1.5536598024128172,-0.6686554213475943,0.9767644117667437,-0.04668806341770988,0.21706847417806258,0.0,0.0,0.0,1.0,0.0,1
2066,-0.4071265155077629,1.4720563730354648,-1.2828250913679802,0.9767644117667437,-0.7493499203700406,-0.9601671253040678,0.0,1.0,0.0,0.0,0.0,1
2067,-0.40648537138885305,-0.9879311064999964,0.1551989556126117,0.9767644117667437,1.3586356504869515,0.6291009339968082,0.0,0.0,0.0,1.0,0.0,0
2068,-0.4058442272699432,-1.5826842123985676,1.2295508539599247,-1.023788323932921,0.6559737935346208,0.6879627139709147,0.0,0.0,0.0,1.0,0.0,0
2069,-0.4052030831510333,0.8739151239408885,0.6108699441115949,-1.023788323932921,-1.4520117773223713,-1.1956142452004939,0.0,0.0,1.0,0.0,0.0,0
2070,-0.40456193903212345,1.1759681501213026,-0.702784932183144,0.9767644117667437,-1.4520117773223713,0.6879627139709147,1.0,0.0,0.0,0.0,0.0,1
2071,-0.4039207949132136,1.666854300695145,0.21040866550437254,-1.023788323932921,1.3586356504869515,1.629751193556619,0.0,0.0,0.0,1.0,0.0,0
2072,-0.4032796507943037,1.3937578775172512,0.7374130423188541,0.9767644117667437,1.3586356504869515,1.2177187337378734,0.0,0.0,1.0,0.0,0.0,0
2073,-0.40263850667539386,0.3812102634764041,0.7829757904037459,0.9767644117667437,0.6559737935346208,-1.1367524652263874,1.0,0.0,0.0,0.0,0.0,1
2074,-0.401997362556484,0.1345237296826145,0.5712451045882917,-1.023788323932921,-0.04668806341770988,-1.1367524652263874,0.0,0.0,0.0,1.0,0.0,0
2075,-0.40135621843757413,-1.6232017577141966,1.2737532770929199,0.9767644117667437,-0.7493499203700406,0.2759302541521691,0.0,0.0,0.0,1.0,0.0,0
2076,-0.40071507431866427,-0.8573539819308625,1.2713288393164328,-1.023788323932921,-0.7493499203700406,-0.6658582254335351,0.0,1.0,0.0,0.0,0.0,0
2077,-0.4000739301997544,-0.11200586006200403,0.269974950159416,0.9767644117667437,-0.7493499203700406,-0.3715493255630026,0.0,1.0,0.0,0.0,0.0,1
2078,-0.39943278608084454,0.4791014442213283,-0.24272413581407115,0.9767644117667437,-0.04668806341770988,1.3943040736601928,1.0,0.0,0.0,0.0,0.0,1
2079,-0.3987916419619347,0.22972119971488403,0.48537754131285166,-1.023788323932921,0.6559737935346208,-1.7253702649674525,0.0,0.0,0.0,1.0,0.0,0
2080,-0.3981504978430248,0.8785605715449095,1.0928629552469145,0.9767644117667437,-0.7493499203700406,-1.0778906852522807,0.0,0.0,0.0,0.0,1.0,1
2081,-0.39750935372411494,-0.7414682121411774,-1.7015976328613793,0.9767644117667437,-1.4520117773223713,0.9822716138414473,0.0,1.0,0.0,0.0,0.0,1
2082,-0.3968682096052051,0.25667369489859665,1.690523948289589,0.9767644117667437,-1.4520117773223713,-0.9601671253040678,1.0,0.0,0.0,0.0,0.0,1
2083,-0.3962270654862952,-1.4121492687172639,-1.0920489011538144,-1.023788323932921,-1.4520117773223713,-1.6076467050192393,0.0,0.0,0.0,1.0,0.0,0
2084,-0.3955859213673854,-0.27282687580358383,-0.10381059174400094,-1.023788323932921,1.3586356504869515,1.27658051371198,0.0,0.0,0.0,1.0,0.0,0
2085,-0.39494477724847554,0.9048973129261259,1.277946585108937,-1.023788323932921,1.3586356504869515,0.8645480538932343,0.0,0.0,0.0,0.0,1.0,0
2086,-0.3943036331295657,0.7062389691770571,-0.9471031712699668,-1.023788323932921,-0.04668806341770988,1.1588569537637667,1.0,0.0,0.0,0.0,0.0,0
2087,-0.3936624890106558,1.7465772640609802,-0.08129753782474991,-1.023788323932921,-0.7493499203700406,0.09934491422984955,0.0,0.0,0.0,1.0,0.0,0
2088,-0.39302134489174595,-0.7480334769211009,-1.2650746214522746,0.9767644117667437,1.3586356504869515,-0.8424435653558547,0.0,1.0,0.0,0.0,0.0,1
2089,-0.3923802007728361,0.023003979081065728,-0.3623355784311627,-1.023788323932921,-1.4520117773223713,0.45251559407448866,0.0,0.0,0.0,0.0,1.0,0
2090,-0.3917390566539262,-0.5672974113033006,-1.1118522307021301,-1.023788323932921,1.3586356504869515,-1.1956142452004939,1.0,0.0,0.0,0.0,0.0,0
2091,-0.39109791253501636,-0.17854606116486615,-0.47048983054695526,0.9767644117667437,-1.4520117773223713,-0.7835817853817482,0.0,0.0,0.0,0.0,1.0,1
2092,-0.3904567684161065,1.278656870849626,-0.43666140469200004,0.9767644117667437,-0.7493499203700406,1.0999951737896603,0.0,1.0,0.0,0.0,0.0,1
2093,-0.38981562429719663,0.6740680019455476,1.6945606766509513,-1.023788323932921,-0.04668806341770988,0.5702391540227016,1.0,0.0,0.0,0.0,0.0,0
2094,-0.38917448017828676,1.3678748743794453,1.7002084746196666,0.9767644117667437,0.6559737935346208,-1.5487849250451329,0.0,0.0,0.0,0.0,1.0,1
2095,-0.3885333360593769,-1.0083614622208192,-1.3262761964272323,0.9767644117667437,0.6559737935346208,-0.9013053453299612,0.0,0.0,1.0,0.0,0.0,1
2096,-0.38789219194046703,1.336094870599879,0.775630896886861,0.9767644117667437,-1.4520117773223713,0.15820669420395606,0.0,1.0,0.0,0.0,0.0,1
2097,-0.38725104782155717,-1.5114783686660742,-1.5430787102814065,-1.023788323932921,1.3586356504869515,0.5113773740485952,0.0,1.0,0.0,0.0,0.0,0
2098,-0.3866099037026473,1.3894280142751794,-1.617202854076826,0.9767644117667437,1.3586356504869515,1.5708894135825124,0.0,1.0,0.0,0.0,0.0,1
2099,-0.38596875958373744,-0.5688956186517039,-1.3587837270425165,0.9767644117667437,-1.4520117773223713,-1.1956142452004939,0.0,0.0,1.0,0.0,0.0,1
2100,-0.3853276154648276,-0.6195967253996567,1.5993492193406977,-1.023788323932921,-0.7493499203700406,-1.3721995851228133,0.0,0.0,1.0,0.0,0.0,0
2101,-0.3846864713459177,0.07165106238593653,1.5146717527232414,0.9767644117667437,-1.4520117773223713,0.15820669420395606,0.0,0.0,0.0,1.0,0.0,1
2102,-0.38404532722700785,1.5717447355343777,-1.0541018990196767,0.9767644117667437,-0.7493499203700406,-0.7835817853817482,0.0,0.0,0.0,0.0,1.0,1
2103,-0.383404183108098,-1.5534112174297998,-1.1650311747627304,-1.023788323932921,-0.04668806341770988,-1.0778906852522807,0.0,0.0,0.0,1.0,0.0,0
2104,-0.3827630389891881,-0.4878460805050619,-0.8938156614509364,-1.023788323932921,-0.04668806341770988,-0.7835817853817482,0.0,0.0,0.0,0.0,1.0,0
2105,-0.38212189487027826,1.2773333872551569,0.051973000058474786,-1.023788323932921,-1.4520117773223713,0.9822716138414473,0.0,0.0,1.0,0.0,0.0,0
2106,-0.3814807507513684,-0.3344650456662635,0.2382255895247243,0.9767644117667437,-0.04668806341770988,1.512027633608406,0.0,0.0,1.0,0.0,0.0,0
2107,-0.3808396066324585,-1.023601078234496,-0.958957580964033,-1.023788323932921,1.3586356504869515,-0.8424435653558547,0.0,0.0,0.0,1.0,0.0,0
2108,-0.38019846251354866,-0.23387688436792547,0.881052564529703,-1.023788323932921,-0.7493499203700406,1.4531658536342995,1.0,0.0,0.0,0.0,0.0,0
2109,-0.3795573183946388,-0.3712216682818153,-0.6564567746568777,0.9767644117667437,0.6559737935346208,-0.9601671253040678,0.0,0.0,0.0,1.0,0.0,1
2110,-0.37891617427572893,1.483286489220214,1.4502500930387487,0.9767644117667437,0.6559737935346208,-1.6076467050192393,0.0,0.0,0.0,0.0,1.0,1
2111,-0.37827503015681907,0.9461043839992977,0.5374879337065026,0.9767644117667437,-0.04668806341770988,1.2177187337378734,0.0,0.0,0.0,1.0,0.0,0
2112,-0.3776338860379092,0.04724568371316785,-0.22038789561278124,0.9767644117667437,-0.7493499203700406,0.8056862739191277,0.0,1.0,0.0,0.0,0.0,1
2113,-0.37699274191899934,1.7386247309169172,0.9955369192803016,0.9767644117667437,1.3586356504869515,1.2177187337378734,0.0,0.0,0.0,0.0,1.0,0
2114,-0.3763515978000895,-0.09218628975152994,1.0918402569501122,-1.023788323932921,0.6559737935346208,1.1588569537637667,0.0,0.0,0.0,0.0,1.0,0
2115,-0.3757104536811796,-1.5168138778609792,-0.7220454575376692,-1.023788323932921,1.3586356504869515,-0.018378645718363482,1.0,0.0,0.0,0.0,0.0,0
2116,-0.37506930956226975,-0.8026918555454158,-0.5527293171520017,-1.023788323932921,1.3586356504869515,0.9234098338673408,0.0,0.0,1.0,0.0,0.0,0
2117,-0.3744281654433599,-0.19441015306508555,1.497791379834255,0.9767644117667437,0.6559737935346208,1.27658051371198,0.0,0.0,0.0,0.0,1.0,0
2118,-0.37378702132445,-1.1714898556838564,-1.154477652376797,-1.023788323932921,0.6559737935346208,1.4531658536342995,0.0,0.0,1.0,0.0,0.0,0
2119,-0.37314587720554016,1.5958068287068876,-1.5760769233206406,0.9767644117667437,-0.04668806341770988,0.6291009339968082,0.0,0.0,0.0,1.0,0.0,1
2120,-0.3725047330866303,0.9633050740600435,-0.15950193630187673,0.9767644117667437,-0.7493499203700406,0.2759302541521691,0.0,1.0,0.0,0.0,0.0,1
2121,-0.3718635889677204,-0.7816469482645249,1.0343913253807242,-1.023788323932921,-1.4520117773223713,-0.25382576561478953,1.0,0.0,0.0,0.0,0.0,0
2122,-0.3712224448488106,0.34715471370939643,0.9327946563842942,-1.023788323932921,-0.7493499203700406,1.4531658536342995,0.0,0.0,1.0,0.0,0.0,0
2123,-0.37058130072990075,0.8044072490235239,1.4413060826000157,0.9767644117667437,-1.4520117773223713,-1.0778906852522807,0.0,0.0,0.0,0.0,1.0,1
2124,-0.3699401566109909,1.5738053132407437,0.11268543009898309,0.9767644117667437,0.6559737935346208,0.040483134255743035,0.0,0.0,1.0,0.0,0.0,1
2125,-0.369299012492081,1.3650544492738554,-1.3769050189838683,-1.023788323932921,1.3586356504869515,1.27658051371198,0.0,0.0,0.0,0.0,1.0,0
2126,-0.36865786837317116,0.08251374877857467,0.30351431048769595,-1.023788323932921,-0.7493499203700406,-0.7835817853817482,0.0,0.0,1.0,0.0,0.0,0
2127,-0.3680167242542613,0.9906178831138637,0.9559311121226988,0.9767644117667437,1.3586356504869515,0.39365381410038214,0.0,0.0,0.0,0.0,1.0,0
2128,-0.36737558013535143,0.24684628489943303,-1.4000725752204306,0.9767644117667437,-0.7493499203700406,-1.3133378051487068,0.0,0.0,0.0,1.0,0.0,1
2129,-0.36673443601644157,0.21380352522653462,-1.1272526271734722,0.9767644117667437,-0.7493499203700406,-0.6658582254335351,0.0,0.0,0.0,0.0,1.0,1
2130,-0.3660932918975317,-1.319051008995932,-1.678767089461431,0.9767644117667437,1.3586356504869515,-0.25382576561478953,0.0,0.0,0.0,0.0,1.0,1
2131,-0.36545214777862184,-1.279166378261243,0.3205845583750131,-1.023788323932921,-0.04668806341770988,-1.5487849250451329,0.0,1.0,0.0,0.0,0.0,0
2132,-0.364811003659712,0.13270820949930723,1.3285171152465942,-1.023788323932921,0.6559737935346208,-0.9013053453299612,0.0,0.0,0.0,0.0,1.0,0
2133,-0.3641698595408021,-0.7796367583694058,0.585430841195706,0.9767644117667437,-0.04668806341770988,1.2177187337378734,0.0,1.0,0.0,0.0,0.0,0
2134,-0.36352871542189225,-1.6470160885675451,1.6562812732366605,0.9767644117667437,-0.04668806341770988,0.9822716138414473,1.0,0.0,0.0,0.0,0.0,0
2135,-0.3628875713029824,0.8092723739842888,-1.5042577517012796,-1.023788323932921,-0.7493499203700406,1.629751193556619,0.0,1.0,0.0,0.0,0.0,0
2136,-0.3622464271840725,-1.6069424784091662,1.3844596165391587,0.9767644117667437,0.6559737935346208,-0.9601671253040678,0.0,0.0,0.0,1.0,0.0,0
2137,-0.36160528306516265,0.36280766540573467,1.0786123806547732,0.9767644117667437,-0.7493499203700406,-0.018378645718363482,0.0,1.0,0.0,0.0,0.0,1
2138,-0.3609641389462528,0.1665185666793368,-0.640333148054908,0.9767644117667437,-1.4520117773223713,1.0411333938155538,1.0,0.0,0.0,0.0,0.0,1
2139,-0.3603229948273429,1.6701797103627192,1.6270025207030079,0.9767644117667437,-0.7493499203700406,1.512027633608406,0.0,0.0,0.0,1.0,0.0,0
2140,-0.35968185070843306,-0.02591219013323613,-0.7307939933456798,0.9767644117667437,1.3586356504869515,0.6879627139709147,0.0,0.0,1.0,0.0,0.0,1
2141,-0.3590407065895232,-1.4980414081475102,1.3373566988565708,0.9767644117667437,-0.7493499203700406,-0.3715493255630026,0.0,0.0,1.0,0.0,0.0,0
2142,-0.35839956247061333,0.2102478257516558,1.3079314035739322,-1.023788323932921,-1.4520117773223713,0.9234098338673408,0.0,1.0,0.0,0.0,0.0,0
2143,-0.35775841835170347,1.2231684560642573,0.8846114252456421,0.9767644117667437,-0.7493499203700406,1.27658051371198,0.0,1.0,0.0,0.0,0.0,0
2144,-0.3571172742327936,1.768300005672809,0.21678580455947924,-1.023788323932921,-1.4520117773223713,0.7468244939450213,1.0,0.0,0.0,0.0,0.0,0
2145,-0.35647613011388374,-0.21445556602948643,-1.3083363220147881,-1.023788323932921,0.6559737935346208,0.21706847417806258,1.0,0.0,0.0,0.0,0.0,0
2146,-0.3558349859949739,-0.5996080030495397,0.10845903877812652,-1.023788323932921,-0.7493499203700406,-0.6658582254335351,0.0,0.0,0.0,0.0,1.0,0
2147,-0.355193841876064,1.452616568056155,-0.49398389954144833,0.9767644117667437,-1.4520117773223713,-1.6076467050192393,1.0,0.0,0.0,0.0,0.0,1
2148,-0.35455269775715414,-1.0513025470981407,1.0034641128027635,0.9767644117667437,0.6559737935346208,-1.5487849250451329,0.0,0.0,0.0,0.0,1.0,0
2149,-0.3539115536382443,0.4333393615635171,0.8862332618361576,0.9767644117667437,1.3586356504869515,-1.1367524652263874,0.0,0.0,0.0,1.0,0.0,1
2150,-0.3532704095193344,-0.30065550173756295,1.4106359261345398,-1.023788323932921,-0.04668806341770988,-1.0190289052781742,0.0,1.0,0.0,0.0,0.0,0
2151,-0.35262926540042455,-1.5768575294516993,-1.6700335348525368,-1.023788323932921,-1.4520117773223713,1.1588569537637667,0.0,0.0,0.0,1.0,0.0,0
2152,-0.3519881212815147,-0.5051446952010158,1.0615370929541157,0.9767644117667437,1.3586356504869515,-0.7247200054076417,1.0,0.0,0.0,0.0,0.0,1
2153,-0.3513469771626048,-0.7923522356120691,1.5064128138855533,0.9767644117667437,0.6559737935346208,-0.6658582254335351,0.0,0.0,0.0,1.0,0.0,0
2154,-0.35070583304369496,0.6806552250453248,0.9934337394030635,-1.023788323932921,1.3586356504869515,0.8056862739191277,0.0,0.0,0.0,1.0,0.0,0
2155,-0.3500646889247851,1.6000955942852835,-1.2732861887871765,-1.023788323932921,-0.7493499203700406,0.15820669420395606,0.0,0.0,0.0,1.0,0.0,0
2156,-0.34942354480587523,-0.7824869872359596,-1.4415101343289913,-1.023788323932921,-0.04668806341770988,1.512027633608406,1.0,0.0,0.0,0.0,0.0,0
2157,-0.34878240068696537,1.1194634731374615,-1.649347187011066,0.9767644117667437,-1.4520117773223713,0.45251559407448866,0.0,0.0,0.0,1.0,0.0,1
2158,-0.3481412565680555,-1.5268868461008787,0.44127106734958016,-1.023788323932921,0.6559737935346208,-1.6076467050192393,0.0,0.0,0.0,0.0,1.0,0
2159,-0.3475001124491457,0.16276385232241217,0.4444605620629743,-1.023788323932921,-0.04668806341770988,1.0999951737896603,1.0,0.0,0.0,0.0,0.0,0
2160,-0.34685896833023583,-1.4737214064726964,1.6730420776882728,-1.023788323932921,0.6559737935346208,0.2759302541521691,0.0,0.0,0.0,1.0,0.0,0
2161,-0.34621782421132596,1.548444733311846,-0.3521323406847718,0.9767644117667437,1.3586356504869515,-1.7253702649674525,1.0,0.0,0.0,0.0,0.0,1
2162,-0.3455766800924161,0.9615634275408774,-0.5795825644742328,0.9767644117667437,0.6559737935346208,0.2759302541521691,0.0,0.0,1.0,0.0,0.0,1
2163,-0.34493553597350624,0.5821616610891914,0.42641320352909756,0.9767644117667437,0.6559737935346208,0.3347920341262756,0.0,0.0,0.0,0.0,1.0,0
2164,-0.34429439185459637,1.162969674767413,1.1183007181296236,-1.023788323932921,1.3586356504869515,0.45251559407448866,0.0,0.0,0.0,1.0,0.0,0
2165,-0.3436532477356865,0.545656547550276,1.5006072861901176,-1.023788323932921,1.3586356504869515,0.5113773740485952,0.0,0.0,1.0,0.0,0.0,0
2166,-0.34301210361677664,1.6706336798293533,1.040974644019153,-1.023788323932921,-0.04668806341770988,1.4531658536342995,0.0,0.0,1.0,0.0,0.0,0
2167,-0.3423709594978668,0.7781882258017182,-0.25366863266218154,-1.023788323932921,-1.4520117773223713,-0.31268754558889605,1.0,0.0,0.0,0.0,0.0,1
2168,-0.3417298153789569,1.5156346596007206,0.46248680042269746,0.9767644117667437,1.3586356504869515,0.5702391540227016,0.0,0.0,1.0,0.0,0.0,0
2169,-0.34108867126004705,0.08930252518165438,1.2238484124907456,-1.023788323932921,-0.04668806341770988,-1.0190289052781742,0.0,0.0,0.0,0.0,1.0,0
2170,-0.3404475271411372,-1.3109224825799524,-0.033788453868907956,-1.023788323932921,0.6559737935346208,-1.5487849250451329,0.0,0.0,0.0,0.0,1.0,0
2171,-0.3398063830222273,0.12796261975427373,-0.9758324257614888,0.9767644117667437,0.6559737935346208,-1.43106136509692,0.0,1.0,0.0,0.0,0.0,1
2172,-0.33916523890331746,-1.2765933036209762,-1.1373427625515986,-1.023788323932921,-0.7493499203700406,-1.1367524652263874,0.0,0.0,0.0,0.0,1.0,0
2173,-0.3385240947844076,0.35306597636315706,-1.7204931915491275,-1.023788323932921,1.3586356504869515,-1.7253702649674525,0.0,0.0,1.0,0.0,0.0,0
2174,-0.3378829506654977,-0.031932417983053775,0.7490440910829965,-1.023788323932921,-0.04668806341770988,-1.3133378051487068,0.0,0.0,0.0,0.0,1.0,0
2175,-0.33724180654658786,0.4583518518518753,-1.3389632121755777,0.9767644117667437,-0.04668806341770988,1.3943040736601928,1.0,0.0,0.0,0.0,0.0,1
2176,-0.336600662427678,-1.6854805066773728,-0.8824528872683576,-1.023788323932921,-1.4520117773223713,0.21706847417806258,0.0,1.0,0.0,0.0,0.0,0
2177,-0.33595951830876813,-1.038708378527676,-0.6966143844384672,0.9767644117667437,-0.04668806341770988,0.5702391540227016,0.0,0.0,1.0,0.0,0.0,0
2178,-0.33531837418985827,-0.0010018648537433287,0.2061569288940987,-1.023788323932921,1.3586356504869515,1.27658051371198,0.0,1.0,0.0,0.0,0.0,0
2179,-0.3346772300709484,1.6060912701012715,-0.35242774690225565,0.9767644117667437,-0.04668806341770988,-1.2544760251746003,0.0,0.0,1.0,0.0,0.0,1
2180,-0.33403608595203854,-0.37802372800324446,0.599223887247328,0.9767644117667437,-0.7493499203700406,0.3347920341262756,1.0,0.0,0.0,0.0,0.0,0
2181,-0.3333949418331287,-0.2353544160546721,-1.5296897439200947,0.9767644117667437,0.6559737935346208,1.0999951737896603,0.0,1.0,0.0,0.0,0.0,1
2182,-0.3327537977142188,0.780771699191223,-1.2947985637869477,-1.023788323932921,0.6559737935346208,0.5113773740485952,0.0,0.0,0.0,1.0,0.0,0
2183,-0.33211265359530895,0.3926131343008196,-0.004206100955085656,-1.023788323932921,-0.04668806341770988,0.6879627139709147,0.0,0.0,1.0,0.0,0.0,0
2184,-0.3314715094763991,-0.674411479777014,-0.5621859550831964,0.9767644117667437,-0.04668806341770988,0.39365381410038214,0.0,0.0,0.0,1.0,0.0,0
2185,-0.3308303653574892,-0.2827987443185985,-0.7037091044103652,0.9767644117667437,-0.04668806341770988,0.6879627139709147,0.0,1.0,0.0,0.0,0.0,1
2186,-0.33018922123857936,-0.9587014414932893,-1.490520588964667,-1.023788323932921,-0.04668806341770988,1.6886129735307256,0.0,0.0,0.0,1.0,0.0,0
2187,-0.3295480771196695,1.66040347827586,1.3594165252967536,0.9767644117667437,-0.7493499203700406,0.8056862739191277,0.0,0.0,0.0,1.0,0.0,0
2188,-0.3289069330007596,-1.2634279714037926,0.6581855622222831,-1.023788323932921,1.3586356504869515,-0.5481346654853221,0.0,1.0,0.0,0.0,0.0,0
2189,-0.32826578888184976,-0.41922629461319666,-1.302780803238702,-1.023788323932921,-0.7493499203700406,-0.6069964454594287,1.0,0.0,0.0,0.0,0.0,0
2190,-0.3276246447629399,-1.6302089784703917,-1.4973372678069612,0.9767644117667437,-0.7493499203700406,0.45251559407448866,0.0,0.0,0.0,1.0,0.0,0
2191,-0.32698350064403003,-0.9444226296205657,1.6316314625604569,0.9767644117667437,-0.7493499203700406,-1.7253702649674525,0.0,0.0,0.0,1.0,0.0,0
2192,-0.32634235652512017,1.010982535731002,0.6215729663140619,-1.023788323932921,0.6559737935346208,0.2759302541521691,1.0,0.0,0.0,0.0,0.0,0
2193,-0.3257012124062103,-1.0165369631597854,-0.28536978475469776,-1.023788323932921,-0.7493499203700406,1.6886129735307256,0.0,0.0,0.0,1.0,0.0,0
2194,-0.32506006828730044,-1.4404249861935206,0.6922753123014023,-1.023788323932921,-0.04668806341770988,-0.13610220566657652,0.0,0.0,0.0,1.0,0.0,0
2195,-0.3244189241683906,-0.060071775921573,0.8800517859617517,0.9767644117667437,-0.7493499203700406,-1.3721995851228133,0.0,0.0,0.0,1.0,0.0,1
2196,-0.3237777800494807,-1.6857526166279944,0.9613187377511538,-1.023788323932921,-0.04668806341770988,0.7468244939450213,0.0,0.0,0.0,0.0,1.0,0
2197,-0.3231366359305709,-1.4239654858412842,-0.07757616931533186,0.9767644117667437,1.3586356504869515,1.512027633608406,1.0,0.0,0.0,0.0,0.0,0
2198,-0.32249549181166104,1.106023336781702,-0.2426333818168839,0.9767644117667437,0.6559737935346208,0.8056862739191277,0.0,0.0,0.0,1.0,0.0,1
2199,-0.3218543476927512,0.9794905096039765,-1.6831091956429038,-1.023788323932921,1.3586356504869515,-1.2544760251746003,1.0,0.0,0.0,0.0,0.0,0
2200,-0.3212132035738413,1.4823156632476429,1.4654707490125607,0.9767644117667437,1.3586356504869515,-1.7253702649674525,0.0,0.0,1.0,0.0,0.0,1
2201,-0.32057205945493145,1.270135509964687,0.3537899288042455,0.9767644117667437,0.6559737935346208,0.3347920341262756,0.0,0.0,1.0,0.0,0.0,0
2202,-0.3199309153360216,0.670450738978162,-1.0223725210447019,0.9767644117667437,-0.04668806341770988,0.21706847417806258,0.0,0.0,0.0,1.0,0.0,1
2203,-0.3192897712171117,-1.5374811203281848,1.4415564151703921,0.9767644117667437,-0.04668806341770988,0.21706847417806258,1.0,0.0,0.0,0.0,0.0,0
2204,-0.31864862709820185,1.0193036479807402,1.4254906801783964,-1.023788323932921,-0.04668806341770988,-0.7835817853817482,1.0,0.0,0.0,0.0,0.0,0
2205,-0.318007482979292,1.2386195736046386,1.6808503432482955,-1.023788323932921,0.6559737935346208,1.3354422936860864,1.0,0.0,0.0,0.0,0.0,0
2206,-0.3173663388603821,1.0761205420315831,1.2849170150016014,0.9767644117667437,-0.7493499203700406,0.09934491422984955,0.0,0.0,0.0,0.0,1.0,1
2207,-0.31672519474147226,0.059017768287672204,1.7104272219420302,0.9767644117667437,-1.4520117773223713,-1.666508484993346,0.0,0.0,1.0,0.0,0.0,1
2208,-0.3160840506225624,-0.905494726621663,-0.8795396802113352,0.9767644117667437,-0.7493499203700406,0.3347920341262756,1.0,0.0,0.0,0.0,0.0,0
2209,-0.31544290650365253,1.2379866556216663,1.1755301911390186,0.9767644117667437,-0.7493499203700406,-0.31268754558889605,1.0,0.0,0.0,0.0,0.0,1
2210,-0.31480176238474267,0.8244048737202478,1.1094266342294807,0.9767644117667437,1.3586356504869515,0.7468244939450213,0.0,0.0,0.0,0.0,1.0,0
2211,-0.3141606182658328,1.7119920701867584,-0.9268127209842016,-1.023788323932921,-1.4520117773223713,1.2177187337378734,0.0,0.0,0.0,0.0,1.0,0
2212,-0.31351947414692294,-1.1757249142687352,-1.382500827860053,-1.023788323932921,-0.04668806341770988,1.512027633608406,1.0,0.0,0.0,0.0,0.0,0
2213,-0.3128783300280131,-0.9308249191673822,1.6472723422152653,-1.023788323932921,-0.7493499203700406,-0.25382576561478953,0.0,1.0,0.0,0.0,0.0,0
2214,-0.3122371859091032,-0.9793570481497181,-0.7029828087922294,-1.023788323932921,0.6559737935346208,0.8645480538932343,1.0,0.0,0.0,0.0,0.0,0
2215,-0.31159604179019335,1.0532224011505311,1.2740331004278087,0.9767644117667437,-0.7493499203700406,1.3943040736601928,1.0,0.0,0.0,0.0,0.0,0
2216,-0.3109548976712835,-1.0664743402719468,-1.7068420624197926,0.9767644117667437,-0.04668806341770988,-0.25382576561478953,0.0,0.0,0.0,0.0,1.0,1
2217,-0.3103137535523736,-1.4873371164705866,-1.648729639852253,-1.023788323932921,-0.7493499203700406,-0.5481346654853221,0.0,0.0,0.0,0.0,1.0,0
2218,-0.30967260943346375,1.7742902859562375,-0.11886578434521591,-1.023788323932921,1.3586356504869515,-0.7247200054076417,1.0,0.0,0.0,0.0,0.0,0
2219,-0.3090314653145539,-1.6337851126575165,-0.900076176261596,-1.023788323932921,1.3586356504869515,1.6886129735307256,1.0,0.0,0.0,0.0,0.0,0
2220,-0.308390321195644,1.202686232839571,0.651385454982172,0.9767644117667437,-0.7493499203700406,-0.07724042569247,1.0,0.0,0.0,0.0,0.0,1
2221,-0.30774917707673416,-0.4418709145444691,0.22398673366263533,0.9767644117667437,1.3586356504869515,1.2177187337378734,0.0,0.0,0.0,0.0,1.0,0
2222,-0.3071080329578243,1.2249859535630592,-1.4545556317087165,0.9767644117667437,0.6559737935346208,-0.3715493255630026,1.0,0.0,0.0,0.0,0.0,1
2223,-0.30646688883891443,0.22051157579965305,-1.161743546755721,-1.023788323932921,-1.4520117773223713,0.9822716138414473,1.0,0.0,0.0,0.0,0.0,0
2224,-0.30582574472000457,1.4350394721294262,-0.38650220202826324,-1.023788323932921,-0.7493499203700406,-0.13610220566657652,0.0,0.0,0.0,1.0,0.0,0
2225,-0.3051846006010947,1.5210049356782571,-1.0827279844261481,0.9767644117667437,0.6559737935346208,-1.0778906852522807,0.0,1.0,0.0,0.0,0.0,1
2226,-0.30454345648218484,-1.6888012793985558,1.0034823883922346,0.9767644117667437,0.6559737935346208,1.5708894135825124,0.0,0.0,1.0,0.0,0.0,0
2227,-0.303902312363275,-1.4567041492200443,-0.2901357876253301,0.9767644117667437,0.6559737935346208,-1.1367524652263874,0.0,1.0,0.0,0.0,0.0,1
2228,-0.3032611682443651,-0.8443960957476547,-1.3997157821892658,-1.023788323932921,-0.04668806341770988,-0.19496398564068304,0.0,0.0,0.0,1.0,0.0,0
2229,-0.30262002412545524,0.6219406118501548,-0.05534044859152627,0.9767644117667437,-0.7493499203700406,-0.4304111055371091,0.0,0.0,1.0,0.0,0.0,1
2230,-0.3019788800065454,1.3882832296667458,-1.4086356817857604,0.9767644117667437,-0.7493499203700406,0.15820669420395606,1.0,0.0,0.0,0.0,0.0,1
2231,-0.3013377358876355,-0.11086067073293444,-1.2776096467626823,-1.023788323932921,-0.7493499203700406,-0.8424435653558547,0.0,0.0,0.0,1.0,0.0,0
2232,-0.30069659176872565,0.40374430197201894,-0.8969976880449247,0.9767644117667437,-1.4520117773223713,-0.13610220566657652,1.0,0.0,0.0,0.0,0.0,1
2233,-0.3000554476498158,-1.06090043752291,1.2349510728705535,0.9767644117667437,0.6559737935346208,-0.13610220566657652,0.0,0.0,0.0,0.0,1.0,0
2234,-0.299414303530906,1.0967167861305187,1.4587831681426457,0.9767644117667437,-0.7493499203700406,0.8645480538932343,0.0,0.0,0.0,1.0,0.0,0
2235,-0.2987731594119961,1.6649767245789573,1.120532878150301,0.9767644117667437,1.3586356504869515,0.45251559407448866,0.0,0.0,0.0,0.0,1.0,0
2236,-0.29813201529308625,-0.7805558932633948,-0.5721165482537984,-1.023788323932921,-0.04668806341770988,1.4531658536342995,0.0,0.0,0.0,1.0,0.0,0
2237,-0.2974908711741764,0.011232356469930803,-0.7840698776584287,0.9767644117667437,-1.4520117773223713,-1.43106136509692,0.0,0.0,0.0,1.0,0.0,1
2238,-0.2968497270552665,-1.4192406772483899,0.16755608358152355,-1.023788323932921,-0.04668806341770988,0.6879627139709147,0.0,0.0,0.0,0.0,1.0,0
2239,-0.29620858293635666,0.23631802810149663,0.7614769439683302,0.9767644117667437,0.6559737935346208,1.6886129735307256,0.0,0.0,1.0,0.0,0.0,0
2240,-0.2955674388174468,0.0390833501790564,1.6952553663868508,-1.023788323932921,1.3586356504869515,-0.07724042569247,0.0,1.0,0.0,0.0,0.0,0
2241,-0.29492629469853693,-1.2151209976304362,-1.2685531444741955,0.9767644117667437,0.6559737935346208,0.21706847417806258,1.0,0.0,0.0,0.0,0.0,1
2242,-0.29428515057962706,-0.17342525530461977,-1.5515164328373106,0.9767644117667437,-0.7493499203700406,1.5708894135825124,0.0,0.0,0.0,1.0,0.0,1
2243,-0.2936440064607172,-0.5512877049101039,0.6669115563320221,-1.023788323932921,-0.04668806341770988,-1.6076467050192393,1.0,0.0,0.0,0.0,0.0,0
2244,-0.29300286234180734,0.10574883552924363,1.1410575093093418,0.9767644117667437,1.3586356504869515,-1.43106136509692,0.0,0.0,0.0,0.0,1.0,1
2245,-0.29236171822289747,0.32912916417756755,1.18962766012484,0.9767644117667437,-0.04668806341770988,1.0411333938155538,1.0,0.0,0.0,0.0,0.0,0
2246,-0.2917205741039876,-1.6909103719329457,0.6122564869104669,-1.023788323932921,-1.4520117773223713,0.45251559407448866,0.0,0.0,0.0,0.0,1.0,0
2247,-0.29107942998507774,0.9428550351402035,1.5599034480370577,0.9767644117667437,1.3586356504869515,1.512027633608406,1.0,0.0,0.0,0.0,0.0,0
2248,-0.2904382858661679,0.774885456135522,0.03635189415113746,0.9767644117667437,-1.4520117773223713,-1.0190289052781742,0.0,1.0,0.0,0.0,0.0,1
2249,-0.289797141747258,-0.4386525339202112,1.4216488692144018,0.9767644117667437,1.3586356504869515,0.3347920341262756,0.0,1.0,0.0,0.0,0.0,0
2250,-0.28915599762834815,-1.535370363226011,1.6073501761328437,0.9767644117667437,-0.7493499203700406,-0.9013053453299612,0.0,1.0,0.0,0.0,0.0,0
2251,-0.2885148535094383,0.9215981536191067,1.192408767581191,0.9767644117667437,-0.04668806341770988,-1.43106136509692,0.0,1.0,0.0,0.0,0.0,1
2252,-0.2878737093905284,1.6224417357939243,-0.6557504082240784,-1.023788323932921,-0.04668806341770988,0.15820669420395606,0.0,1.0,0.0,0.0,0.0,0
2253,-0.28723256527161856,-0.8801207782120899,-1.0462338596534795,-1.023788323932921,0.6559737935346208,0.6291009339968082,0.0,1.0,0.0,0.0,0.0,0
2254,-0.2865914211527087,-0.5883175437664053,0.16399448090088312,0.9767644117667437,1.3586356504869515,-1.0778906852522807,0.0,0.0,0.0,0.0,1.0,1
2255,-0.2859502770337988,-1.0773046782732476,-0.16308055013262168,0.9767644117667437,1.3586356504869515,1.5708894135825124,0.0,0.0,0.0,1.0,0.0,0
2256,-0.28530913291488896,0.2986156652734199,1.2976477388728944,-1.023788323932921,-1.4520117773223713,1.4531658536342995,1.0,0.0,0.0,0.0,0.0,0
2257,-0.2846679887959791,-1.1787041013850406,-1.3770185104265278,-1.023788323932921,1.3586356504869515,0.7468244939450213,0.0,1.0,0.0,0.0,0.0,0
2258,-0.28402684467706923,-0.47397580177356907,-0.8346463322839648,-1.023788323932921,-0.04668806341770988,-1.0190289052781742,0.0,0.0,0.0,0.0,1.0,0
2259,-0.28338570055815937,0.7188814301032365,0.8644629681189053,-1.023788323932921,1.3586356504869515,0.15820669420395606,0.0,0.0,0.0,0.0,1.0,0
2260,-0.2827445564392495,0.2397456436735874,-1.3943687717848081,-1.023788323932921,0.6559737935346208,1.2177187337378734,0.0,0.0,0.0,0.0,1.0,0
2261,-0.28210341232033964,-0.36803647376146165,-0.6179003785494728,-1.023788323932921,0.6559737935346208,-0.13610220566657652,0.0,0.0,0.0,1.0,0.0,0
2262,-0.2814622682014298,-0.2497827858286789,-0.38957631542680493,0.9767644117667437,-0.04668806341770988,1.3354422936860864,1.0,0.0,0.0,0.0,0.0,1
2263,-0.2808211240825199,0.24672773662978406,0.4201157941001036,0.9767644117667437,-0.04668806341770988,0.3347920341262756,0.0,0.0,0.0,1.0,0.0,0
2264,-0.28017997996361005,-1.7001182760066338,-1.1772044604226064,0.9767644117667437,-0.04668806341770988,-1.4899231450710264,0.0,0.0,1.0,0.0,0.0,1
2265,-0.2795388358447002,-1.4458623120866516,1.238654225761642,0.9767644117667437,1.3586356504869515,1.4531658536342995,0.0,0.0,0.0,0.0,1.0,0
2266,-0.2788976917257903,1.3637339748631705,-0.18190098086036086,0.9767644117667437,1.3586356504869515,-0.31268754558889605,0.0,0.0,1.0,0.0,0.0,1
2267,-0.27825654760688046,-1.4480703722422648,1.4326777097311663,-1.023788323932921,-0.7493499203700406,-0.7835817853817482,0.0,1.0,0.0,0.0,0.0,0
2268,-0.2776154034879706,0.7531481947425982,-0.11199241691338173,-1.023788323932921,-1.4520117773223713,0.39365381410038214,0.0,1.0,0.0,0.0,0.0,0
2269,-0.2769742593690607,1.499463229435311,-0.7751495239282706,-1.023788323932921,1.3586356504869515,-0.6658582254335351,0.0,0.0,0.0,1.0,0.0,0
2270,-0.27633311525015086,-0.7732596016070074,-1.2332746336189326,-1.023788323932921,-0.7493499203700406,0.2759302541521691,1.0,0.0,0.0,0.0,0.0,0
2271,-0.27569197113124105,-0.42393497332877594,-1.7081559981854504,-1.023788323932921,-0.7493499203700406,0.7468244939450213,0.0,0.0,1.0,0.0,0.0,0
2272,-0.2750508270123312,0.2705643777729675,0.10909785004742201,-1.023788323932921,0.6559737935346208,0.21706847417806258,1.0,0.0,0.0,0.0,0.0,0
2273,-0.2744096828934213,1.3653121188396733,-1.3525149580860492,0.9767644117667437,1.3586356504869515,1.3943040736601928,0.0,0.0,0.0,1.0,0.0,1
2274,-0.27376853877451146,1.5759985999837576,-0.3738515588490889,0.9767644117667437,-0.7493499203700406,0.9234098338673408,0.0,1.0,0.0,0.0,0.0,1
2275,-0.2731273946556016,0.8678060618313502,0.3055185627689907,-1.023788323932921,0.6559737935346208,-1.43106136509692,1.0,0.0,0.0,0.0,0.0,0
2276,-0.27248625053669173,-1.4174779150898713,-0.7729291216581001,0.9767644117667437,-1.4520117773223713,-0.6658582254335351,1.0,0.0,0.0,0.0,0.0,1
2277,-0.27184510641778187,0.6213762034518578,-1.1184248761184519,-1.023788323932921,0.6559737935346208,-1.7253702649674525,0.0,1.0,0.0,0.0,0.0,0
2278,-0.271203962298872,-0.28459308793776794,0.9432959511048671,0.9767644117667437,-1.4520117773223713,-1.3721995851228133,0.0,0.0,1.0,0.0,0.0,1
2279,-0.27056281817996214,-0.0732043024076132,1.5350573425131373,-1.023788323932921,-0.04668806341770988,0.21706847417806258,0.0,1.0,0.0,0.0,0.0,0
2280,-0.2699216740610523,-1.548626665770385,-1.3756127964434757,-1.023788323932921,-0.04668806341770988,1.512027633608406,1.0,0.0,0.0,0.0,0.0,0
2281,-0.2692805299421424,-1.0519325061274687,-1.1859477134449525,0.9767644117667437,0.6559737935346208,-0.6658582254335351,0.0,0.0,1.0,0.0,0.0,1
2282,-0.26863938582323255,1.0461308974087178,1.5805271212036842,-1.023788323932921,-0.04668806341770988,0.15820669420395606,0.0,0.0,1.0,0.0,0.0,0
2283,-0.2679982417043227,-0.1318014175612603,-1.5910926290190173,0.9767644117667437,1.3586356504869515,-0.25382576561478953,0.0,1.0,0.0,0.0,0.0,1
2284,-0.2673570975854128,-0.6648352357966887,1.6411226534013603,0.9767644117667437,0.6559737935346208,0.6291009339968082,1.0,0.0,0.0,0.0,0.0,0
2285,-0.26671595346650295,-0.37658862181601294,-1.7050629272937494,-1.023788323932921,-0.7493499203700406,1.3354422936860864,0.0,0.0,0.0,1.0,0.0,0
2286,-0.2660748093475931,1.2697297841532005,1.2835829691168696,-1.023788323932921,1.3586356504869515,1.0999951737896603,1.0,0.0,0.0,0.0,0.0,0
2287,-0.2654336652286832,0.900830990937227,-0.6641190108105409,-1.023788323932921,0.6559737935346208,0.6879627139709147,0.0,0.0,0.0,0.0,1.0,0
2288,-0.26479252110977336,-0.7675483720846719,1.5068489069335305,0.9767644117667437,-1.4520117773223713,-0.19496398564068304,0.0,0.0,0.0,1.0,0.0,1
2289,-0.2641513769908635,-1.309391499484991,-0.631034666148611,0.9767644117667437,-0.04668806341770988,0.45251559407448866,0.0,0.0,1.0,0.0,0.0,0
2290,-0.26351023287195363,-0.8386579192617346,0.5291777864041862,-1.023788323932921,-0.04668806341770988,-0.25382576561478953,0.0,0.0,0.0,1.0,0.0,0
2291,-0.26286908875304377,1.5019772136924994,-1.4457970713948298,-1.023788323932921,-0.04668806341770988,0.2759302541521691,0.0,0.0,1.0,0.0,0.0,0
2292,-0.2622279446341339,0.3149000361489881,-0.8876434541754152,-1.023788323932921,0.6559737935346208,1.6886129735307256,0.0,0.0,1.0,0.0,0.0,0
2293,-0.26158680051522404,0.14652117734885717,0.939711477418797,-1.023788323932921,1.3586356504869515,-0.6069964454594287,0.0,0.0,0.0,1.0,0.0,0
2294,-0.2609456563963142,0.36671628928817684,0.09715862328697995,-1.023788323932921,-1.4520117773223713,-0.3715493255630026,0.0,0.0,1.0,0.0,0.0,0
2295,-0.2603045122774043,-0.4395559483241867,1.4703265501287561,-1.023788323932921,-0.04668806341770988,0.9822716138414473,0.0,0.0,1.0,0.0,0.0,0
2296,-0.25966336815849445,1.1042073789144995,-0.2465241871530099,-1.023788323932921,1.3586356504869515,-0.5481346654853221,0.0,0.0,0.0,0.0,1.0,0
2297,-0.2590222240395846,0.11084260388171448,1.2703208699005668,0.9767644117667437,-0.7493499203700406,1.3943040736601928,1.0,0.0,0.0,0.0,0.0,0
2298,-0.2583810799206747,-1.3120302594895488,-0.17704086243421754,0.9767644117667437,-0.7493499203700406,-0.25382576561478953,1.0,0.0,0.0,0.0,0.0,1
2299,-0.25773993580176485,-1.2689203261432822,1.6466800119103815,-1.023788323932921,-1.4520117773223713,-0.6069964454594287,0.0,0.0,0.0,0.0,1.0,0
2300,-0.257098791682855,0.1583473651701645,1.579914015819699,-1.023788323932921,-0.04668806341770988,-1.43106136509692,0.0,0.0,0.0,1.0,0.0,0
2301,-0.2564576475639451,1.557324956769796,-0.589107376550592,0.9767644117667437,-0.7493499203700406,-1.6076467050192393,0.0,1.0,0.0,0.0,0.0,1
2302,-0.25581650344503526,-0.6414208424029921,1.3257289769558898,-1.023788323932921,1.3586356504869515,-1.1956142452004939,0.0,1.0,0.0,0.0,0.0,0
2303,-0.2551753593261254,1.3227251558051087,1.1939698263611396,0.9767644117667437,1.3586356504869515,-1.0778906852522807,0.0,1.0,0.0,0.0,0.0,1
2304,-0.25453421520721553,0.9536685615891739,-0.9964884030709832,0.9767644117667437,-0.7493499203700406,0.15820669420395606,0.0,0.0,0.0,0.0,1.0,1
2305,-0.25389307108830567,-0.8533080279858017,0.4259505561259912,-1.023788323932921,-0.04668806341770988,-0.4892728855112156,0.0,0.0,0.0,0.0,1.0,0
2306,-0.2532519269693958,-1.593453055315742,-1.4710752025153593,0.9767644117667437,-1.4520117773223713,-0.8424435653558547,0.0,0.0,1.0,0.0,0.0,1
2307,-0.25261078285048594,-1.3641820751951088,1.1564815783072062,0.9767644117667437,-0.04668806341770988,-0.7835817853817482,0.0,1.0,0.0,0.0,0.0,0
2308,-0.2519696387315761,0.829063770934296,-1.1207579802222956,-1.023788323932921,0.6559737935346208,-1.1956142452004939,0.0,0.0,0.0,1.0,0.0,0
2309,-0.25132849461266626,-1.021806150999133,-1.4774980819969852,-1.023788323932921,-0.7493499203700406,-1.0778906852522807,0.0,0.0,0.0,1.0,0.0,0
2310,-0.2506873504937564,-0.4212068030293396,-0.34464916717583477,0.9767644117667437,0.6559737935346208,-0.6658582254335351,0.0,1.0,0.0,0.0,0.0,1
2311,-0.25004620637484654,0.03528841500831105,0.2630471906452234,-1.023788323932921,-0.7493499203700406,0.5702391540227016,0.0,1.0,0.0,0.0,0.0,0
2312,-0.24940506225593664,0.8184736765152918,1.2190943342404348,0.9767644117667437,-1.4520117773223713,-0.4304111055371091,0.0,1.0,0.0,0.0,0.0,1
2313,-0.24876391813702678,-1.3243385395968874,1.62946481333148,0.9767644117667437,-0.04668806341770988,0.5702391540227016,0.0,0.0,0.0,0.0,1.0,0
2314,-0.24812277401811692,-0.2983735861013741,-0.20958464267445542,0.9767644117667437,-0.04668806341770988,-1.1956142452004939,0.0,0.0,0.0,0.0,1.0,1
2315,-0.24748162989920705,-0.022903019853075413,-1.513153728122486,0.9767644117667437,-0.7493499203700406,-1.1956142452004939,0.0,0.0,0.0,0.0,1.0,1
2316,-0.2468404857802972,0.17223496553749734,0.855234652587639,0.9767644117667437,1.3586356504869515,1.1588569537637667,1.0,0.0,0.0,0.0,0.0,0
2317,-0.24619934166138732,1.1435947385077552,0.2226418138927322,0.9767644117667437,0.6559737935346208,-1.1956142452004939,0.0,0.0,0.0,1.0,0.0,1
2318,-0.24555819754247749,-1.1197757700393658,-0.18070036487813607,-1.023788323932921,-0.04668806341770988,0.5113773740485952,0.0,0.0,0.0,1.0,0.0,0
2319,-0.24491705342356762,1.1067428689651468,-0.6574344735439335,-1.023788323932921,-0.04668806341770988,-0.018378645718363482,0.0,0.0,1.0,0.0,0.0,0
2320,-0.24427590930465776,0.7044104936984475,0.006754338843174369,-1.023788323932921,-0.7493499203700406,-1.5487849250451329,0.0,0.0,0.0,0.0,1.0,0
2321,-0.2436347651857479,0.2248876713512512,-0.5562885591453601,-1.023788323932921,1.3586356504869515,-1.7253702649674525,1.0,0.0,0.0,0.0,0.0,0
2322,-0.24299362106683803,0.7276833575340937,0.8823906416030673,0.9767644117667437,0.6559737935346208,0.7468244939450213,1.0,0.0,0.0,0.0,0.0,0
2323,-0.24235247694792816,-0.2785940760121679,0.14945965063879998,0.9767644117667437,1.3586356504869515,-0.6658582254335351,0.0,0.0,0.0,1.0,0.0,1
2324,-0.2417113328290183,-1.236256972694507,1.2945162201902891,0.9767644117667437,1.3586356504869515,-1.4899231450710264,0.0,0.0,0.0,0.0,1.0,0
2325,-0.24107018871010844,0.6095150946183286,0.14825672199387105,0.9767644117667437,-0.7493499203700406,-0.018378645718363482,0.0,0.0,1.0,0.0,0.0,1
2326,-0.24042904459119857,0.11569376603541623,-0.9016315721882954,0.9767644117667437,1.3586356504869515,-0.25382576561478953,0.0,0.0,0.0,0.0,1.0,1
2327,-0.2397879004722887,0.5171492923414073,1.2059395808619888,-1.023788323932921,0.6559737935346208,0.5702391540227016,0.0,1.0,0.0,0.0,0.0,0
2328,-0.23914675635337884,-0.5376583623272698,0.19528662436736494,-1.023788323932921,-1.4520117773223713,0.21706847417806258,0.0,0.0,0.0,0.0,1.0,0
2329,-0.23850561223446898,1.4533630434593532,-1.0096922763720295,-1.023788323932921,-1.4520117773223713,-1.666508484993346,0.0,1.0,0.0,0.0,0.0,1
2330,-0.2378644681155591,0.33513348229808476,0.4232591616427775,0.9767644117667437,0.6559737935346208,-0.3715493255630026,0.0,1.0,0.0,0.0,0.0,1
2331,-0.23722332399664925,-1.4217383490800597,-0.49081819208299,0.9767644117667437,-0.7493499203700406,-0.9601671253040678,0.0,0.0,1.0,0.0,0.0,1
2332,-0.23658217987773938,-0.14634324977092247,1.1829449463632755,-1.023788323932921,-0.04668806341770988,0.6291009339968082,0.0,0.0,0.0,1.0,0.0,0
2333,-0.23594103575882952,0.9265804162333308,-0.1621004519493343,0.9767644117667437,-0.7493499203700406,0.6879627139709147,0.0,0.0,0.0,0.0,1.0,1
2334,-0.23529989163991966,1.0588041360163198,0.7772561343352347,0.9767644117667437,0.6559737935346208,-1.0190289052781742,0.0,1.0,0.0,0.0,0.0,1
2335,-0.2346587475210098,0.010431216931431786,-1.3924787804160221,-1.023788323932921,1.3586356504869515,-0.07724042569247,0.0,0.0,0.0,0.0,1.0,0
2336,-0.23401760340209993,1.4109468590104903,-0.35907525621661573,0.9767644117667437,-1.4520117773223713,-1.7253702649674525,0.0,0.0,0.0,1.0,0.0,1
2337,-0.2333764592831901,-0.7838126023074342,1.660412811251305,-1.023788323932921,1.3586356504869515,0.9234098338673408,0.0,0.0,0.0,1.0,0.0,0
2338,-0.23273531516428023,-0.28356068239309395,1.0593260127164592,-1.023788323932921,-0.7493499203700406,0.21706847417806258,1.0,0.0,0.0,0.0,0.0,0
2339,-0.23209417104537036,1.4244194406288206,-1.170986060387943,-1.023788323932921,0.6559737935346208,-1.5487849250451329,0.0,0.0,0.0,1.0,0.0,0
2340,-0.2314530269264605,1.4162288266200578,-0.7657821833333389,-1.023788323932921,-1.4520117773223713,-0.13610220566657652,0.0,0.0,1.0,0.0,0.0,1
2341,-0.23081188280755063,0.6793308876930286,-0.5867718842182794,0.9767644117667437,0.6559737935346208,-0.6658582254335351,0.0,1.0,0.0,0.0,0.0,1
2342,-0.23017073868864077,1.2857632745505918,0.5156251837510322,0.9767644117667437,-1.4520117773223713,-1.7253702649674525,1.0,0.0,0.0,0.0,0.0,1
2343,-0.2295295945697309,-1.4099407038547518,0.8823318048919631,0.9767644117667437,-1.4520117773223713,0.3347920341262756,0.0,0.0,1.0,0.0,0.0,0
2344,-0.22888845045082104,1.306813608442887,0.8566482179523008,-1.023788323932921,-1.4520117773223713,0.7468244939450213,0.0,0.0,0.0,0.0,1.0,0
2345,-0.22824730633191118,-0.5984839378284063,0.03246329858139513,0.9767644117667437,-0.7493499203700406,-1.0190289052781742,0.0,1.0,0.0,0.0,0.0,1
2346,-0.2276061622130013,-1.0964893449351119,1.0674431017472394,-1.023788323932921,0.6559737935346208,1.6886129735307256,0.0,0.0,0.0,1.0,0.0,0
2347,-0.22696501809409145,-0.8828569152672888,-0.21788806619103862,0.9767644117667437,-0.04668806341770988,1.1588569537637667,0.0,1.0,0.0,0.0,0.0,0
2348,-0.22632387397518158,-0.2577665504242901,-1.2950001936526963,0.9767644117667437,-0.04668806341770988,0.6879627139709147,0.0,0.0,0.0,0.0,1.0,1
2349,-0.22568272985627172,-0.8414796563928763,0.22012641878338646,-1.023788323932921,-0.04668806341770988,-1.4899231450710264,1.0,0.0,0.0,0.0,0.0,0
2350,-0.22504158573736185,-0.5986670582358008,1.5540074177318175,0.9767644117667437,0.6559737935346208,0.15820669420395606,1.0,0.0,0.0,0.0,0.0,1
2351,-0.224400441618452,-1.2482237268798564,1.0061349670561157,-1.023788323932921,1.3586356504869515,-0.9601671253040678,1.0,0.0,0.0,0.0,0.0,0
2352,-0.22375929749954213,-0.68403424890905,0.2691636302899663,-1.023788323932921,0.6559737935346208,-0.8424435653558547,0.0,0.0,0.0,1.0,0.0,0
2353,-0.22311815338063226,0.28233271434379614,0.5033823931591461,0.9767644117667437,-1.4520117773223713,1.512027633608406,0.0,0.0,1.0,0.0,0.0,1
2354,-0.2224770092617224,-0.17416901696657336,1.479243971754282,0.9767644117667437,1.3586356504869515,1.629751193556619,0.0,0.0,1.0,0.0,0.0,0
2355,-0.22183586514281256,-0.507138675040368,-0.24792944412181622,0.9767644117667437,-1.4520117773223713,0.09934491422984955,0.0,1.0,0.0,0.0,0.0,1
2356,-0.2211947210239027,0.8919169521222524,-0.5813438767077391,0.9767644117667437,-1.4520117773223713,1.1588569537637667,0.0,0.0,0.0,1.0,0.0,1
2357,-0.22055357690499283,1.406615295528093,1.6397787577695933,-1.023788323932921,0.6559737935346208,-0.19496398564068304,1.0,0.0,0.0,0.0,0.0,0
2358,-0.21991243278608297,0.9280964926960766,1.2484165540157797,-1.023788323932921,-0.04668806341770988,0.2759302541521691,1.0,0.0,0.0,0.0,0.0,0
2359,-0.2192712886671731,-0.5586514710644104,-0.6100621226451107,0.9767644117667437,1.3586356504869515,-1.6076467050192393,0.0,0.0,0.0,0.0,1.0,1
2360,-0.21863014454826324,0.884882144666654,-0.12605591328582566,0.9767644117667437,-0.7493499203700406,-1.5487849250451329,0.0,0.0,0.0,0.0,1.0,1
2361,-0.21798900042935337,-1.1887182641143827,-0.29354772396675294,0.9767644117667437,-0.04668806341770988,-1.3721995851228133,1.0,0.0,0.0,0.0,0.0,1
2362,-0.2173478563104435,-1.2645353397021544,-1.2082833364037393,-1.023788323932921,-0.7493499203700406,-1.0190289052781742,1.0,0.0,0.0,0.0,0.0,0
2363,-0.21670671219153365,-0.5109596792614126,1.5729840663724899,0.9767644117667437,0.6559737935346208,0.6291009339968082,0.0,0.0,0.0,1.0,0.0,0
2364,-0.21606556807262378,1.1062910828298227,-0.3305718477275531,-1.023788323932921,1.3586356504869515,-1.6076467050192393,0.0,0.0,1.0,0.0,0.0,0
2365,-0.21542442395371392,-0.8584326719354005,1.2892933146473824,0.9767644117667437,0.6559737935346208,-0.7835817853817482,0.0,0.0,0.0,0.0,1.0,0
2366,-0.21478327983480405,-1.4992594946084041,-1.0698239835087062,0.9767644117667437,-0.7493499203700406,0.9822716138414473,0.0,0.0,1.0,0.0,0.0,0
2367,-0.2141421357158942,-1.2596649636477908,0.16313727462554167,-1.023788323932921,-1.4520117773223713,1.6886129735307256,0.0,0.0,0.0,1.0,0.0,0
2368,-0.21350099159698432,1.28493875605309,-1.638630505925567,-1.023788323932921,0.6559737935346208,-1.1956142452004939,1.0,0.0,0.0,0.0,0.0,0
2369,-0.21285984747807446,0.4975791431577166,0.9071816676654892,0.9767644117667437,1.3586356504869515,0.9822716138414473,0.0,0.0,1.0,0.0,0.0,0
2370,-0.2122187033591646,-0.8344476568040582,0.27677518172301135,-1.023788323932921,0.6559737935346208,-1.7253702649674525,1.0,0.0,0.0,0.0,0.0,0
2371,-0.21157755924025473,0.2228752263557154,0.43041855267570583,-1.023788323932921,-0.04668806341770988,-0.13610220566657652,1.0,0.0,0.0,0.0,0.0,0
2372,-0.21093641512134487,0.1258692899598028,-1.5431633017893052,0.9767644117667437,0.6559737935346208,1.6886129735307256,0.0,1.0,0.0,0.0,0.0,1
2373,-0.210295271002435,0.5733629665978697,-0.9952574423337355,-1.023788323932921,-0.7493499203700406,1.3943040736601928,0.0,0.0,1.0,0.0,0.0,0
2374,-0.20965412688352517,-0.9044947293956298,-1.4654056796613777,-1.023788323932921,0.6559737935346208,1.3354422936860864,0.0,0.0,1.0,0.0,0.0,0
2375,-0.2090129827646153,1.3047416634228484,-0.72743549660961,0.9767644117667437,1.3586356504869515,-1.1956142452004939,1.0,0.0,0.0,0.0,0.0,1
2376,-0.20837183864570544,-0.6378633293660041,0.4367788752738495,0.9767644117667437,0.6559737935346208,-1.3721995851228133,0.0,0.0,0.0,1.0,0.0,0
2377,-0.20773069452679557,0.7087967506901899,0.22612466944057535,-1.023788323932921,0.6559737935346208,0.5113773740485952,0.0,1.0,0.0,0.0,0.0,0
2378,-0.2070895504078857,-1.6642088477390733,0.384198101750692,0.9767644117667437,1.3586356504869515,-1.6076467050192393,1.0,0.0,0.0,0.0,0.0,0
2379,-0.20644840628897584,-0.4163551088680481,0.16788479311583768,-1.023788323932921,0.6559737935346208,-1.3721995851228133,0.0,0.0,0.0,0.0,1.0,0
2380,-0.20580726217006598,-0.4896701158474961,-0.7820671122096109,-1.023788323932921,1.3586356504869515,-1.2544760251746003,0.0,0.0,0.0,0.0,1.0,0
2381,-0.20516611805115612,0.18153566749097957,-0.8801542125566801,-1.023788323932921,-0.7493499203700406,0.5702391540227016,0.0,1.0,0.0,0.0,0.0,0
2382,-0.20452497393224625,-1.4660697742700797,-1.249676117645678,0.9767644117667437,1.3586356504869515,0.2759302541521691,0.0,0.0,0.0,1.0,0.0,1
2383,-0.2038838298133364,1.0447930897532987,1.1989891697571335,-1.023788323932921,-0.7493499203700406,-0.25382576561478953,1.0,0.0,0.0,0.0,0.0,0
2384,-0.20324268569442652,-0.9584179335685028,0.39908773679338333,-1.023788323932921,-0.7493499203700406,-1.4899231450710264,0.0,0.0,1.0,0.0,0.0,0
2385,-0.20260154157551666,0.6489687910757375,-1.079608913468543,-1.023788323932921,1.3586356504869515,-1.0190289052781742,0.0,1.0,0.0,0.0,0.0,0
2386,-0.2019603974566068,1.0905753478858844,-1.1115979964250442,0.9767644117667437,0.6559737935346208,0.8645480538932343,0.0,0.0,0.0,1.0,0.0,1
2387,-0.20131925333769693,0.24590900082439096,1.2814058437005746,0.9767644117667437,-0.04668806341770988,-0.018378645718363482,0.0,0.0,1.0,0.0,0.0,1
2388,-0.20067810921878707,0.8724258801190639,0.8332770895283472,0.9767644117667437,1.3586356504869515,0.5702391540227016,0.0,0.0,0.0,0.0,1.0,0
2389,-0.2000369650998772,0.595847955457455,0.5466922030203487,-1.023788323932921,0.6559737935346208,1.1588569537637667,0.0,0.0,0.0,0.0,1.0,0
2390,-0.19939582098096734,-0.4763002953151403,-0.3217964221385921,-1.023788323932921,-0.7493499203700406,0.5113773740485952,0.0,0.0,1.0,0.0,0.0,0
2391,-0.19875467686205747,1.1103376455158556,-0.8200800877982971,0.9767644117667437,-1.4520117773223713,1.6886129735307256,0.0,1.0,0.0,0.0,0.0,1
2392,-0.1981135327431476,-0.6891980925770032,1.6473763725211021,-1.023788323932921,-0.04668806341770988,-1.1956142452004939,0.0,0.0,0.0,0.0,1.0,0
2393,-0.19747238862423777,0.2785846054737433,1.020737049063411,-1.023788323932921,0.6559737935346208,0.6879627139709147,1.0,0.0,0.0,0.0,0.0,0
2394,-0.1968312445053279,0.8882266175535493,-0.6831920178657109,-1.023788323932921,-0.04668806341770988,-0.4304111055371091,0.0,0.0,1.0,0.0,0.0,0
2395,-0.19619010038641804,-0.39430955499927095,1.1938096409887016,-1.023788323932921,-1.4520117773223713,-1.1367524652263874,0.0,0.0,1.0,0.0,0.0,0
2396,-0.19554895626750818,-0.6609664857036534,0.8889939582725559,0.9767644117667437,-1.4520117773223713,-1.0778906852522807,0.0,0.0,0.0,0.0,1.0,1
2397,-0.19490781214859831,-0.11294644801980515,-0.6993511432332565,0.9767644117667437,-1.4520117773223713,-1.0190289052781742,0.0,1.0,0.0,0.0,0.0,1
2398,-0.19426666802968845,1.1422047349338424,-0.25408519626596093,0.9767644117667437,1.3586356504869515,0.5702391540227016,1.0,0.0,0.0,0.0,0.0,1
2399,-0.19362552391077859,1.5340555501391828,-1.0815264328160417,-1.023788323932921,-0.04668806341770988,1.0999951737896603,0.0,1.0,0.0,0.0,0.0,0
2400,-0.19298437979186872,0.1871320678205796,-1.339117160877422,-1.023788323932921,1.3586356504869515,1.512027633608406,0.0,0.0,0.0,1.0,0.0,0
2401,-0.19234323567295886,0.5944685923401523,0.7646026308884227,0.9767644117667437,-1.4520117773223713,0.9234098338673408,0.0,0.0,0.0,1.0,0.0,1
2402,-0.191702091554049,1.4407878009120494,-0.8010403187063672,0.9767644117667437,0.6559737935346208,1.0999951737896603,0.0,0.0,0.0,0.0,1.0,1
2403,-0.19106094743513913,-1.3757334311092189,1.0992161938968552,0.9767644117667437,-1.4520117773223713,1.2177187337378734,0.0,0.0,0.0,0.0,1.0,0
2404,-0.19041980331622926,-0.9083761163799803,1.7029448914522336,-1.023788323932921,1.3586356504869515,-0.8424435653558547,0.0,0.0,0.0,0.0,1.0,0
2405,-0.1897786591973194,0.7604855713600758,-1.4575338205527422,0.9767644117667437,-1.4520117773223713,-1.2544760251746003,0.0,0.0,0.0,1.0,0.0,1
2406,-0.18913751507840953,1.1624379600153385,-0.09422882817699824,-1.023788323932921,-1.4520117773223713,1.27658051371198,0.0,1.0,0.0,0.0,0.0,0
2407,-0.18849637095949967,1.278933013261152,1.0373236903282057,0.9767644117667437,1.3586356504869515,-1.1956142452004939,0.0,1.0,0.0,0.0,0.0,1
2408,-0.1878552268405898,-0.26778112959973815,0.992231599258204,-1.023788323932921,1.3586356504869515,-0.07724042569247,0.0,0.0,0.0,0.0,1.0,0
2409,-0.18721408272167994,-1.407957495999011,0.8926573024554877,-1.023788323932921,0.6559737935346208,-1.2544760251746003,1.0,0.0,0.0,0.0,0.0,0
2410,-0.18657293860277008,-0.18842171105057975,-0.520813284494913,0.9767644117667437,1.3586356504869515,0.15820669420395606,0.0,1.0,0.0,0.0,0.0,1
2411,-0.1859317944838602,-0.9130800356662444,-0.16019686114259132,-1.023788323932921,0.6559737935346208,-0.3715493255630026,0.0,0.0,0.0,1.0,0.0,0
2412,-0.18529065036495038,-0.7014651968400971,0.3251096272161365,-1.023788323932921,-0.7493499203700406,0.2759302541521691,0.0,0.0,1.0,0.0,0.0,0
2413,-0.1846495062460405,0.9822702293543008,1.6284264100352728,0.9767644117667437,-0.7493499203700406,-1.1367524652263874,0.0,0.0,1.0,0.0,0.0,1
2414,-0.18400836212713065,-1.4563019673121875,-0.5945735734613607,0.9767644117667437,1.3586356504869515,0.5113773740485952,0.0,0.0,1.0,0.0,0.0,0
2415,-0.18336721800822078,1.1758664973925526,1.45373237802219,0.9767644117667437,-1.4520117773223713,1.1588569537637667,1.0,0.0,0.0,0.0,0.0,1
2416,-0.18272607388931092,-0.22381479890309972,-0.7946950021522328,-1.023788323932921,-0.04668806341770988,-1.0190289052781742,0.0,0.0,0.0,0.0,1.0,0
2417,-0.18208492977040105,0.36556245842012997,1.6804730796980567,-1.023788323932921,-1.4520117773223713,1.4531658536342995,0.0,0.0,0.0,1.0,0.0,0
2418,-0.1814437856514912,-1.4068643534150769,0.584056483461845,0.9767644117667437,1.3586356504869515,-0.4304111055371091,1.0,0.0,0.0,0.0,0.0,0
2419,-0.18080264153258133,-0.5398973038176782,-0.1269814288815745,0.9767644117667437,0.6559737935346208,-0.31268754558889605,0.0,0.0,0.0,1.0,0.0,1
2420,-0.18016149741367146,-1.4066939475472287,0.388464649786456,-1.023788323932921,-1.4520117773223713,1.1588569537637667,0.0,0.0,0.0,1.0,0.0,0
2421,-0.1795203532947616,1.6447315264107147,-0.7837784913053105,0.9767644117667437,-0.7493499203700406,-0.8424435653558547,0.0,0.0,0.0,0.0,1.0,1
2422,-0.17887920917585173,1.104748576121243,-0.7781291499938788,0.9767644117667437,1.3586356504869515,1.512027633608406,0.0,0.0,1.0,0.0,0.0,1
2423,-0.17823806505694187,-0.11194285138222211,-1.3305122341841293,-1.023788323932921,-1.4520117773223713,1.0411333938155538,0.0,0.0,0.0,0.0,1.0,0
2424,-0.177596920938032,-0.9380419831501021,-1.3288072957120083,-1.023788323932921,-1.4520117773223713,-0.5481346654853221,1.0,0.0,0.0,0.0,0.0,0
2425,-0.17695577681912214,1.5464221488621557,-0.52536385736042,0.9767644117667437,0.6559737935346208,-1.1956142452004939,1.0,0.0,0.0,0.0,0.0,1
2426,-0.17631463270021228,-0.5145661950763376,0.9024872994906051,-1.023788323932921,0.6559737935346208,0.6291009339968082,1.0,0.0,0.0,0.0,0.0,0
2427,-0.1756734885813024,-1.1572036432428707,0.36982736550494405,-1.023788323932921,0.6559737935346208,0.5702391540227016,0.0,0.0,0.0,0.0,1.0,0
2428,-0.17503234446239255,0.2504149776261921,-1.3682389134218602,0.9767644117667437,-0.04668806341770988,-0.6658582254335351,0.0,0.0,0.0,1.0,0.0,1
2429,-0.17439120034348268,1.5825384136145795,1.2098761017862703,0.9767644117667437,1.3586356504869515,0.2759302541521691,0.0,0.0,0.0,1.0,0.0,1
2430,-0.17375005622457285,-1.707238750064391,0.34711724401098687,0.9767644117667437,1.3586356504869515,1.6886129735307256,0.0,1.0,0.0,0.0,0.0,0
2431,-0.17310891210566298,-0.8872143563185002,1.5834259910855872,-1.023788323932921,-0.7493499203700406,-0.13610220566657652,1.0,0.0,0.0,0.0,0.0,0
2432,-0.17246776798675312,1.5638958825455578,0.5837874804292758,0.9767644117667437,-0.7493499203700406,1.629751193556619,0.0,0.0,0.0,1.0,0.0,0
2433,-0.17182662386784325,-1.1218485521570936,-1.1185948653688298,-1.023788323932921,1.3586356504869515,1.512027633608406,0.0,1.0,0.0,0.0,0.0,0
2434,-0.1711854797489334,-1.324295740605841,-0.09165557857128266,0.9767644117667437,-1.4520117773223713,0.6291009339968082,0.0,0.0,0.0,1.0,0.0,1
2435,-0.17054433563002352,0.2749946772776684,0.5092011049093325,-1.023788323932921,1.3586356504869515,-1.666508484993346,1.0,0.0,0.0,0.0,0.0,0
2436,-0.16990319151111366,1.2957846612195334,-1.6238310470746757,-1.023788323932921,-0.04668806341770988,1.2177187337378734,0.0,0.0,1.0,0.0,0.0,0
2437,-0.1692620473922038,-0.05077361761505277,-1.6697580584117244,0.9767644117667437,-0.7493499203700406,-0.018378645718363482,1.0,0.0,0.0,0.0,0.0,1
2438,-0.16862090327329393,1.760302472875608,-1.276008082584276,-1.023788323932921,-0.7493499203700406,0.5702391540227016,0.0,0.0,0.0,0.0,1.0,0
2439,-0.16797975915438407,0.6564373277991906,-0.8555409127586664,0.9767644117667437,-0.7493499203700406,1.1588569537637667,0.0,0.0,0.0,1.0,0.0,1
2440,-0.1673386150354742,-1.4613845526251845,-0.24378077877330692,0.9767644117667437,1.3586356504869515,0.5702391540227016,0.0,0.0,0.0,1.0,0.0,0
2441,-0.16669747091656434,1.754240083723092,-0.04468764443752266,-1.023788323932921,-0.7493499203700406,-1.4899231450710264,0.0,0.0,0.0,0.0,1.0,0
2442,-0.16605632679765447,-0.2930262184948878,-1.2463473422560012,-1.023788323932921,-0.7493499203700406,0.45251559407448866,0.0,0.0,0.0,0.0,1.0,0
2443,-0.1654151826787446,-0.7147438149527232,0.594813563353022,-1.023788323932921,1.3586356504869515,0.6879627139709147,0.0,0.0,1.0,0.0,0.0,0
2444,-0.16477403855983475,0.23191690810906554,0.32913233709134515,0.9767644117667437,-1.4520117773223713,-0.9013053453299612,0.0,0.0,0.0,1.0,0.0,1
2445,-0.16413289444092488,-0.6555765839839526,-0.7083493344243178,0.9767644117667437,-0.7493499203700406,0.3347920341262756,0.0,0.0,0.0,1.0,0.0,0
2446,-0.16349175032201502,-1.4180457986310668,-1.6740582209668078,0.9767644117667437,-0.7493499203700406,-1.6076467050192393,0.0,0.0,1.0,0.0,0.0,1
2447,-0.16285060620310515,-1.7156454989823031,-1.453998094852745,0.9767644117667437,-0.7493499203700406,-0.3715493255630026,0.0,1.0,0.0,0.0,0.0,1
2448,-0.1622094620841953,-0.14711547585587417,-0.3739650077192047,0.9767644117667437,-0.04668806341770988,0.6291009339968082,0.0,0.0,1.0,0.0,0.0,1
2449,-0.16156831796528545,1.2083539548682551,-1.1915051787987407,0.9767644117667437,1.3586356504869515,1.0411333938155538,1.0,0.0,0.0,0.0,0.0,1
2450,-0.1609271738463756,0.2824425122762609,-0.4251219435998992,-1.023788323932921,-0.7493499203700406,1.0411333938155538,0.0,0.0,0.0,1.0,0.0,0
2451,-0.16028602972746572,1.7765529911602016,0.43933616617478405,0.9767644117667437,-0.04668806341770988,0.9822716138414473,0.0,0.0,0.0,0.0,1.0,0
2452,-0.15964488560855586,-0.7166894081277657,0.1609590190141088,0.9767644117667437,-1.4520117773223713,1.512027633608406,1.0,0.0,0.0,0.0,0.0,0
2453,-0.159003741489646,-0.7390597627965272,-0.9260027347844448,0.9767644117667437,-1.4520117773223713,0.6291009339968082,0.0,0.0,0.0,1.0,0.0,1
2454,-0.15836259737073613,-1.1615260088527002,-0.5386017467172559,0.9767644117667437,-0.04668806341770988,1.0999951737896603,0.0,0.0,1.0,0.0,0.0,0
2455,-0.15772145325182627,-1.1464266811820187,0.39066831205761354,-1.023788323932921,-1.4520117773223713,1.3354422936860864,1.0,0.0,0.0,0.0,0.0,0
2456,-0.1570803091329164,-0.722499535513548,1.2395158455806614,-1.023788323932921,0.6559737935346208,-1.0778906852522807,0.0,0.0,0.0,1.0,0.0,0
2457,-0.15643916501400654,1.0542733645502298,0.8693275305557816,-1.023788323932921,-1.4520117773223713,1.4531658536342995,0.0,1.0,0.0,0.0,0.0,0
2458,-0.15579802089509667,1.449478820979841,0.18215270574562836,0.9767644117667437,0.6559737935346208,-1.3133378051487068,0.0,1.0,0.0,0.0,0.0,1
2459,-0.1551568767761868,1.6921332122060535,-0.4750801475887746,0.9767644117667437,-0.04668806341770988,-0.9601671253040678,0.0,0.0,0.0,0.0,1.0,1
2460,-0.15451573265727694,-0.9076373554666708,-0.4655941975448756,0.9767644117667437,0.6559737935346208,1.6886129735307256,0.0,0.0,0.0,1.0,0.0,0
2461,-0.15387458853836708,1.3638721462398329,1.3033530670745375,-1.023788323932921,-1.4520117773223713,-0.7247200054076417,0.0,1.0,0.0,0.0,0.0,0
2462,-0.15323344441945722,-0.5717610114378804,-1.586073789309486,0.9767644117667437,-0.7493499203700406,0.8056862739191277,0.0,0.0,1.0,0.0,0.0,1
2463,-0.15259230030054735,-1.3257059042880006,1.6767182169289891,0.9767644117667437,0.6559737935346208,1.6886129735307256,0.0,0.0,0.0,1.0,0.0,0
2464,-0.1519511561816375,1.324418290613202,0.563806216106537,-1.023788323932921,-1.4520117773223713,0.9234098338673408,0.0,0.0,1.0,0.0,0.0,0
2465,-0.15131001206272762,0.5057073029609314,0.6214531095844119,-1.023788323932921,-0.7493499203700406,-0.6069964454594287,0.0,0.0,1.0,0.0,0.0,0
2466,-0.15066886794381776,-1.1440911224564672,-1.5903579876992342,0.9767644117667437,-0.04668806341770988,-0.4304111055371091,0.0,1.0,0.0,0.0,0.0,1
2467,-0.1500277238249079,-0.2162472583543685,0.36142949482619074,-1.023788323932921,-0.04668806341770988,-1.4899231450710264,0.0,0.0,0.0,1.0,0.0,0
2468,-0.14938657970599806,-0.7152507472986497,-0.05384390491751231,0.9767644117667437,1.3586356504869515,-1.7253702649674525,1.0,0.0,0.0,0.0,0.0,1
2469,-0.1487454355870882,0.8581157612218987,-1.357253291791603,0.9767644117667437,-0.04668806341770988,0.8645480538932343,0.0,1.0,0.0,0.0,0.0,1
2470,-0.14810429146817833,-0.13370051089578847,-0.7652389414048156,-1.023788323932921,1.3586356504869515,0.9234098338673408,0.0,1.0,0.0,0.0,0.0,0
2471,-0.14746314734926846,1.7418075298762965,1.3408292519171894,0.9767644117667437,-0.04668806341770988,-1.666508484993346,0.0,0.0,0.0,1.0,0.0,1
2472,-0.1468220032303586,-1.5290387503121508,0.1704198938861559,-1.023788323932921,-0.04668806341770988,-0.8424435653558547,0.0,0.0,0.0,1.0,0.0,0
2473,-0.14618085911144874,-0.47810113950594135,-0.29926194481823626,-1.023788323932921,-0.04668806341770988,-1.4899231450710264,0.0,0.0,1.0,0.0,0.0,0
2474,-0.14553971499253887,-0.03400752839291745,-1.471075751905376,0.9767644117667437,1.3586356504869515,-0.4892728855112156,0.0,0.0,0.0,1.0,0.0,1
2475,-0.144898570873629,0.04030873556055616,0.7348872191270757,-1.023788323932921,1.3586356504869515,-1.7253702649674525,0.0,0.0,1.0,0.0,0.0,0
2476,-0.14425742675471914,-0.6148781016370753,0.6961263372766513,0.9767644117667437,0.6559737935346208,-1.0778906852522807,0.0,1.0,0.0,0.0,0.0,0
2477,-0.14361628263580928,0.8316758534745705,0.39071098599608817,0.9767644117667437,-1.4520117773223713,-0.6658582254335351,0.0,0.0,0.0,0.0,1.0,1
2478,-0.1429751385168994,1.340945676673996,0.0337996913875577,-1.023788323932921,-1.4520117773223713,1.3943040736601928,1.0,0.0,0.0,0.0,0.0,0
2479,-0.14233399439798955,1.56484669044757,-0.22921530560611902,-1.023788323932921,-1.4520117773223713,-0.4892728855112156,0.0,1.0,0.0,0.0,0.0,1
2480,-0.14169285027907969,1.0971596828102141,0.31927259493869603,-1.023788323932921,-0.04668806341770988,1.4531658536342995,0.0,0.0,0.0,1.0,0.0,0
2481,-0.14105170616016982,1.2563622847117462,-0.9183694551004727,0.9767644117667437,-1.4520117773223713,0.6879627139709147,1.0,0.0,0.0,0.0,0.0,1
2482,-0.14041056204125996,0.20624852249930758,1.5160319658833796,0.9767644117667437,1.3586356504869515,0.8056862739191277,0.0,0.0,0.0,0.0,1.0,0
2483,-0.1397694179223501,1.1699410759678346,0.30387732231402215,0.9767644117667437,0.6559737935346208,1.2177187337378734,0.0,0.0,0.0,0.0,1.0,0
2484,-0.13912827380344023,-0.6583894509024238,-0.6508191727210237,0.9767644117667437,-0.7493499203700406,1.0411333938155538,0.0,0.0,1.0,0.0,0.0,0
2485,-0.13848712968453036,-0.3259801169878429,-0.174549544903312,0.9767644117667437,0.6559737935346208,-0.7835817853817482,1.0,0.0,0.0,0.0,0.0,1
2486,-0.13784598556562053,-0.6114579589025316,1.0497808369419532,0.9767644117667437,-1.4520117773223713,-1.0190289052781742,0.0,0.0,1.0,0.0,0.0,1
2487,-0.13720484144671066,-0.08480203404974432,-1.1652247085278167,0.9767644117667437,-1.4520117773223713,0.5113773740485952,0.0,1.0,0.0,0.0,0.0,1
2488,-0.1365636973278008,-0.7211239756855864,-0.7139497991833188,-1.023788323932921,1.3586356504869515,-0.13610220566657652,1.0,0.0,0.0,0.0,0.0,0
2489,-0.13592255320889093,1.6449685423268479,0.6158485180812923,0.9767644117667437,0.6559737935346208,1.6886129735307256,0.0,1.0,0.0,0.0,0.0,0
2490,-0.13528140908998107,-0.6256971956688923,-0.6360422529222096,0.9767644117667437,1.3586356504869515,-1.6076467050192393,0.0,0.0,1.0,0.0,0.0,1
2491,-0.1346402649710712,-1.3774915136429526,1.0044430432103428,-1.023788323932921,1.3586356504869515,-1.4899231450710264,1.0,0.0,0.0,0.0,0.0,0
2492,-0.13399912085216134,0.1232007139333137,-1.272395372487073,0.9767644117667437,-0.7493499203700406,0.3347920341262756,0.0,0.0,1.0,0.0,0.0,1
2493,-0.13335797673325148,-1.5207994793828332,0.9019050372164006,0.9767644117667437,1.3586356504869515,-0.9013053453299612,1.0,0.0,0.0,0.0,0.0,0
2494,-0.1327168326143416,-1.333746663880265,-1.485968496093289,-1.023788323932921,1.3586356504869515,-0.7835817853817482,0.0,0.0,1.0,0.0,0.0,0
2495,-0.13207568849543175,-0.9527879224756902,-1.6777286532760918,0.9767644117667437,-0.7493499203700406,0.8056862739191277,0.0,0.0,0.0,0.0,1.0,0
2496,-0.13143454437652188,-0.09543174874249084,1.3680291714193857,-1.023788323932921,-0.04668806341770988,1.4531658536342995,0.0,0.0,1.0,0.0,0.0,0
2497,-0.13079340025761202,-0.20427849203666845,0.27823788780849024,0.9767644117667437,-0.04668806341770988,0.9234098338673408,0.0,0.0,0.0,0.0,1.0,0
2498,-0.13015225613870215,1.0782545318178267,-0.511073934043659,0.9767644117667437,-0.7493499203700406,-0.07724042569247,0.0,0.0,1.0,0.0,0.0,1
2499,-0.1295111120197923,0.8674959845096283,-0.9211235232097732,-1.023788323932921,1.3586356504869515,-1.5487849250451329,1.0,0.0,0.0,0.0,0.0,0
2500,-0.12886996790088243,-0.22854253260965685,0.4004854649679179,-1.023788323932921,-1.4520117773223713,0.09934491422984955,1.0,0.0,0.0,0.0,0.0,0
2501,-0.12822882378197256,-0.552689249519006,0.029464856124316673,0.9767644117667437,0.6559737935346208,1.0999951737896603,1.0,0.0,0.0,0.0,0.0,0
2502,-0.1275876796630627,-0.6130127506504571,1.6891509513650833,0.9767644117667437,-1.4520117773223713,0.7468244939450213,0.0,0.0,0.0,1.0,0.0,0
2503,-0.12694653554415283,0.9883165377239237,1.6603252872232255,-1.023788323932921,-1.4520117773223713,0.45251559407448866,0.0,1.0,0.0,0.0,0.0,0
2504,-0.12630539142524297,-1.5383926918349466,0.4628662372569978,0.9767644117667437,1.3586356504869515,-1.5487849250451329,1.0,0.0,0.0,0.0,0.0,0
2505,-0.12566424730633313,-1.6757692445436592,-0.1979674439379296,-1.023788323932921,0.6559737935346208,-1.0190289052781742,0.0,0.0,0.0,0.0,1.0,0
2506,-0.12502310318742327,1.063738502337858,-0.031961335243910045,-1.023788323932921,0.6559737935346208,-0.6069964454594287,1.0,0.0,0.0,0.0,0.0,0
2507,-0.12438195906851339,-0.05064566460273397,0.626066182037666,-1.023788323932921,-0.04668806341770988,0.9822716138414473,0.0,0.0,0.0,1.0,0.0,0
2508,-0.12374081494960353,-1.2625643288058468,-1.3717124421853089,0.9767644117667437,-0.7493499203700406,-0.7247200054076417,0.0,0.0,0.0,0.0,1.0,1
2509,-0.12309967083069366,-0.8961704651886949,-0.5918057899204353,0.9767644117667437,1.3586356504869515,1.0999951737896603,0.0,0.0,0.0,1.0,0.0,0
2510,-0.12245852671178381,1.543093142882196,-1.4621682351325398,0.9767644117667437,0.6559737935346208,1.2177187337378734,0.0,0.0,0.0,0.0,1.0,1
2511,-0.12181738259287395,1.2875917597251247,-1.4687419778218522,-1.023788323932921,1.3586356504869515,0.6879627139709147,0.0,0.0,1.0,0.0,0.0,0
2512,-0.12117623847396408,0.7635832005553252,-1.0475283622390061,0.9767644117667437,-0.04668806341770988,0.39365381410038214,0.0,1.0,0.0,0.0,0.0,1
2513,-0.12053509435505422,-0.03286981617211142,-0.0522096717792832,-1.023788323932921,-1.4520117773223713,-1.0778906852522807,0.0,1.0,0.0,0.0,0.0,1
2514,-0.11989395023614435,0.10047350570938941,0.977868011616016,-1.023788323932921,0.6559737935346208,-0.31268754558889605,0.0,0.0,0.0,1.0,0.0,0
2515,-0.11925280611723449,1.6926839873297876,-0.051375224568206014,0.9767644117667437,-0.04668806341770988,-0.018378645718363482,0.0,1.0,0.0,0.0,0.0,1
2516,-0.11861166199832462,1.6595249319228251,-0.5673039196683259,0.9767644117667437,1.3586356504869515,-0.9013053453299612,0.0,0.0,0.0,1.0,0.0,1
2517,-0.11797051787941476,-0.9672090093829059,-1.437816953423597,-1.023788323932921,-0.04668806341770988,1.4531658536342995,0.0,0.0,0.0,1.0,0.0,0
2518,-0.1173293737605049,1.1181986782637752,0.17147606131188725,0.9767644117667437,-0.04668806341770988,0.3347920341262756,0.0,0.0,0.0,1.0,0.0,0
2519,-0.11668822964159505,-1.0303008347993299,-0.7881206169872741,-1.023788323932921,-0.04668806341770988,-1.3133378051487068,0.0,1.0,0.0,0.0,0.0,0
2520,-0.11604708552268518,-0.9732694486986427,0.3937737330208724,0.9767644117667437,-0.04668806341770988,-0.13610220566657652,0.0,0.0,0.0,1.0,0.0,0
2521,-0.11540594140377532,0.6456620849405303,1.6395936461643144,-1.023788323932921,-0.04668806341770988,1.27658051371198,0.0,1.0,0.0,0.0,0.0,0
2522,-0.11476479728486545,-0.3031521214002728,-1.3382165439057485,0.9767644117667437,-0.04668806341770988,-0.4892728855112156,0.0,0.0,0.0,1.0,0.0,1
2523,-0.11412365316595559,1.5397347587021952,-0.9915189239426186,-1.023788323932921,-0.7493499203700406,1.0999951737896603,1.0,0.0,0.0,0.0,0.0,0
2524,-0.11348250904704572,-1.4091130726671026,-0.09402450190956596,0.9767644117667437,1.3586356504869515,0.45251559407448866,0.0,0.0,0.0,1.0,0.0,0
2525,-0.11284136492813586,0.06968080248953856,1.6101072141989574,-1.023788323932921,-1.4520117773223713,-0.8424435653558547,0.0,0.0,0.0,0.0,1.0,0
2526,-0.112200220809226,1.494155053945002,0.9332818710737385,-1.023788323932921,1.3586356504869515,1.629751193556619,0.0,0.0,0.0,1.0,0.0,0
2527,-0.11155907669031613,1.443727911302444,1.3680486859111582,-1.023788323932921,0.6559737935346208,-1.4899231450710264,0.0,0.0,1.0,0.0,0.0,0
2528,-0.11091793257140628,-1.1727967828155301,-0.5733627649711759,-1.023788323932921,0.6559737935346208,0.9234098338673408,0.0,0.0,0.0,1.0,0.0,0
2529,-0.11027678845249642,-0.4374229451132077,1.6906665490364023,-1.023788323932921,1.3586356504869515,0.21706847417806258,0.0,0.0,0.0,0.0,1.0,0
2530,-0.10963564433358655,0.44626295602717286,-1.3673851414538054,-1.023788323932921,-0.04668806341770988,1.0999951737896603,0.0,0.0,0.0,0.0,1.0,0
2531,-0.10899450021467669,-1.1627670130727763,-1.5388574896058833,0.9767644117667437,-0.7493499203700406,0.45251559407448866,0.0,1.0,0.0,0.0,0.0,0
2532,-0.10835335609576682,1.6674059176255367,1.2214524048170083,-1.023788323932921,-1.4520117773223713,-1.1367524652263874,1.0,0.0,0.0,0.0,0.0,0
2533,-0.10771221197685696,1.4809524532509086,1.4679047771304121,-1.023788323932921,-0.04668806341770988,-1.666508484993346,0.0,0.0,0.0,1.0,0.0,0
2534,-0.1070710678579471,-1.1363236940761245,-1.4095051627339406,0.9767644117667437,1.3586356504869515,-0.31268754558889605,0.0,1.0,0.0,0.0,0.0,1
2535,-0.10642992373903723,-1.2966039278144055,-1.3309494003807156,0.9767644117667437,1.3586356504869515,-0.31268754558889605,1.0,0.0,0.0,0.0,0.0,1
2536,-0.10578877962012737,-1.4217173544366526,-1.6069470200239058,-1.023788323932921,-0.7493499203700406,-1.7253702649674525,0.0,0.0,0.0,1.0,0.0,0
2537,-0.1051476355012175,1.4623827749526075,-1.3616255496638785,0.9767644117667437,-0.7493499203700406,0.040483134255743035,0.0,0.0,1.0,0.0,0.0,1
2538,-0.10450649138230765,-1.042966731070758,-1.0008236436073086,0.9767644117667437,1.3586356504869515,-1.4899231450710264,0.0,0.0,0.0,1.0,0.0,1
2539,-0.10386534726339779,-0.26365903156651194,1.615137916459065,-1.023788323932921,-0.04668806341770988,0.5702391540227016,0.0,0.0,0.0,0.0,1.0,0
2540,-0.10322420314448792,-0.14967741085960906,0.5757907702577846,-1.023788323932921,-0.04668806341770988,-1.5487849250451329,0.0,0.0,0.0,0.0,1.0,0
2541,-0.10258305902557806,0.37587727203983284,0.9564724621198167,0.9767644117667437,-0.04668806341770988,1.2177187337378734,0.0,0.0,1.0,0.0,0.0,0
2542,-0.1019419149066682,-1.469572959431263,0.9481718173316422,0.9767644117667437,-1.4520117773223713,-1.4899231450710264,0.0,1.0,0.0,0.0,0.0,1
2543,-0.10130077078775833,-0.9269958294903508,0.11912712551030027,0.9767644117667437,-1.4520117773223713,-1.4899231450710264,1.0,0.0,0.0,0.0,0.0,1
2544,-0.10065962666884846,1.539545689553718,1.021594765511585,0.9767644117667437,-0.04668806341770988,1.512027633608406,0.0,0.0,0.0,1.0,0.0,0
2545,-0.1000184825499386,1.4587653551185968,0.32799561950983924,0.9767644117667437,1.3586356504869515,-0.8424435653558547,0.0,0.0,0.0,0.0,1.0,1
2546,-0.09937733843102874,1.0138507944418316,-0.6392856822417514,0.9767644117667437,-0.7493499203700406,1.3943040736601928,0.0,1.0,0.0,0.0,0.0,1
2547,-0.09873619431211889,-1.652740841852164,0.20866831424468463,-1.023788323932921,0.6559737935346208,-0.7247200054076417,0.0,0.0,1.0,0.0,0.0,0
2548,-0.09809505019320902,-0.5761300993223466,0.11374439847966618,0.9767644117667437,-0.7493499203700406,0.7468244939450213,0.0,0.0,0.0,0.0,1.0,0
2549,-0.09745390607429916,0.4771933828485939,1.1108873672360253,-1.023788323932921,-0.7493499203700406,-0.7835817853817482,0.0,0.0,1.0,0.0,0.0,0
2550,-0.09681276195538929,-0.7574866012686114,1.6552052867489178,-1.023788323932921,0.6559737935346208,0.2759302541521691,0.0,0.0,0.0,1.0,0.0,0
2551,-0.09617161783647943,1.4628833795195657,-0.30742636041248184,0.9767644117667437,-0.04668806341770988,-0.7247200054076417,1.0,0.0,0.0,0.0,0.0,1
2552,-0.09553047371756956,0.4979507599915696,0.9043278983634898,-1.023788323932921,-0.7493499203700406,-1.5487849250451329,0.0,0.0,0.0,0.0,1.0,0
2553,-0.0948893295986597,-1.4689731567239932,-1.37794247852676,0.9767644117667437,0.6559737935346208,1.2177187337378734,0.0,0.0,0.0,0.0,1.0,0
2554,-0.09424818547974984,1.4608495239792738,0.9505515447140342,-1.023788323932921,1.3586356504869515,0.040483134255743035,0.0,0.0,0.0,1.0,0.0,0
2555,-0.09360704136083997,1.6315119053893916,-0.4437022549707994,0.9767644117667437,1.3586356504869515,0.040483134255743035,0.0,1.0,0.0,0.0,0.0,1
2556,-0.0929658972419301,-1.4486533650405242,-1.5855696650296547,-1.023788323932921,1.3586356504869515,-1.2544760251746003,1.0,0.0,0.0,0.0,0.0,0
2557,-0.09232475312302026,0.14260130002346502,-0.4718020820069952,0.9767644117667437,-0.04668806341770988,0.040483134255743035,0.0,0.0,0.0,0.0,1.0,1
2558,-0.09168360900411039,-0.6588781412726407,0.379015161182785,-1.023788323932921,-0.7493499203700406,-1.4899231450710264,1.0,0.0,0.0,0.0,0.0,0
2559,-0.09104246488520053,-0.3457188592398921,-1.3109245134414638,0.9767644117667437,-0.7493499203700406,0.3347920341262756,0.0,0.0,0.0,0.0,1.0,1
2560,-0.09040132076629066,-1.091870412432904,1.4567952411807108,-1.023788323932921,-1.4520117773223713,-0.8424435653558547,1.0,0.0,0.0,0.0,0.0,0
2561,-0.0897601766473808,0.30259155889636774,-1.4539138444842987,-1.023788323932921,1.3586356504869515,0.6879627139709147,0.0,0.0,1.0,0.0,0.0,0
2562,-0.08911903252847093,1.6322563322058388,1.4773342244260588,-1.023788323932921,-0.04668806341770988,0.6291009339968082,0.0,0.0,0.0,0.0,1.0,0
2563,-0.08847788840956107,0.040095396593757986,0.7108686338082528,0.9767644117667437,0.6559737935346208,-0.8424435653558547,1.0,0.0,0.0,0.0,0.0,1
2564,-0.0878367442906512,-1.430445939761683,-0.587128288184259,0.9767644117667437,-0.04668806341770988,-0.6069964454594287,0.0,1.0,0.0,0.0,0.0,1
2565,-0.08719560017174134,0.4493426984692223,-0.37721297292345146,0.9767644117667437,-0.7493499203700406,1.3943040736601928,0.0,0.0,1.0,0.0,0.0,1
2566,-0.08655445605283149,-0.5298736774418145,0.8266688956783115,0.9767644117667437,1.3586356504869515,-0.018378645718363482,0.0,0.0,1.0,0.0,0.0,1
2567,-0.08591331193392163,1.2750696084899658,0.3474730992678445,0.9767644117667437,-1.4520117773223713,-0.25382576561478953,0.0,1.0,0.0,0.0,0.0,1
2568,-0.08527216781501176,-0.19928327585476371,0.5887997852471731,-1.023788323932921,-0.04668806341770988,1.0999951737896603,1.0,0.0,0.0,0.0,0.0,0
2569,-0.0846310236961019,-1.0457114121641713,-0.38266643346021,0.9767644117667437,-1.4520117773223713,0.040483134255743035,0.0,0.0,0.0,1.0,0.0,1
2570,-0.08398987957719203,-1.0517803156346566,-0.04340483895683598,0.9767644117667437,-0.7493499203700406,1.1588569537637667,0.0,1.0,0.0,0.0,0.0,0
2571,-0.08334873545828217,0.9700085107522024,1.6832003360304562,-1.023788323932921,0.6559737935346208,-0.9013053453299612,1.0,0.0,0.0,0.0,0.0,0
2572,-0.0827075913393723,-0.7910954803201291,-0.985337270057543,0.9767644117667437,-0.04668806341770988,1.27658051371198,0.0,1.0,0.0,0.0,0.0,0
2573,-0.08206644722046244,0.9646508005209844,-0.2839937547535797,0.9767644117667437,-0.7493499203700406,0.6291009339968082,0.0,1.0,0.0,0.0,0.0,1
2574,-0.08142530310155258,-1.0000448200366898,-0.7174316463675774,0.9767644117667437,1.3586356504869515,0.45251559407448866,0.0,0.0,0.0,0.0,1.0,0
2575,-0.08078415898264273,-0.594751350072455,0.9102459817184232,0.9767644117667437,-0.04668806341770988,0.45251559407448866,1.0,0.0,0.0,0.0,0.0,0
2576,-0.08014301486373286,-0.09145325152536364,0.9064668262305724,0.9767644117667437,-1.4520117773223713,0.7468244939450213,0.0,0.0,0.0,1.0,0.0,1
2577,-0.079501870744823,1.5805144824786068,-0.7152915966749629,0.9767644117667437,-0.04668806341770988,1.5708894135825124,0.0,0.0,0.0,0.0,1.0,1
2578,-0.07886072662591313,1.540389315246717,-1.4411276677917302,-1.023788323932921,-0.7493499203700406,-0.6069964454594287,0.0,1.0,0.0,0.0,0.0,0
2579,-0.07821958250700327,-0.996598871228254,-1.6817177689553338,0.9767644117667437,-0.7493499203700406,0.2759302541521691,0.0,1.0,0.0,0.0,0.0,1
2580,-0.0775784383880934,-0.4668880160730832,-0.2509980040486846,0.9767644117667437,-1.4520117773223713,-0.4304111055371091,0.0,1.0,0.0,0.0,0.0,1
2581,-0.07693729426918354,-1.1977509711363303,-0.30985081419324206,0.9767644117667437,-0.7493499203700406,0.8056862739191277,1.0,0.0,0.0,0.0,0.0,0
2582,-0.07629615015027368,0.0642888802620061,1.6781187290409798,-1.023788323932921,-0.04668806341770988,0.9822716138414473,1.0,0.0,0.0,0.0,0.0,0
2583,-0.07565500603136381,-0.10861859071433307,-0.10534755201167491,-1.023788323932921,-1.4520117773223713,0.5113773740485952,0.0,0.0,0.0,0.0,1.0,0
2584,-0.07501386191245395,1.431990761822646,-0.8391917393141789,-1.023788323932921,-0.7493499203700406,-0.31268754558889605,0.0,0.0,0.0,1.0,0.0,0
2585,-0.0743727177935441,1.5343481990638073,1.3439759602682002,-1.023788323932921,-0.7493499203700406,1.3943040736601928,0.0,0.0,0.0,0.0,1.0,0
2586,-0.07373157367463423,-0.37816949955803575,-0.032212455269552145,0.9767644117667437,-0.04668806341770988,1.1588569537637667,0.0,0.0,1.0,0.0,0.0,1
2587,-0.07309042955572437,0.0004244126436157975,0.33957880325923184,-1.023788323932921,-0.7493499203700406,-0.4892728855112156,0.0,1.0,0.0,0.0,0.0,0
2588,-0.0724492854368145,1.4161571915523916,-1.3920230923718897,0.9767644117667437,-0.04668806341770988,0.9822716138414473,0.0,1.0,0.0,0.0,0.0,1
2589,-0.07180814131790464,1.1028101460488922,-0.4041545408412186,0.9767644117667437,1.3586356504869515,-1.3133378051487068,0.0,1.0,0.0,0.0,0.0,1
2590,-0.07116699719899477,-1.707847672252204,1.526227505519345,0.9767644117667437,-0.04668806341770988,1.3943040736601928,0.0,0.0,0.0,0.0,1.0,0
2591,-0.07052585308008491,-0.6004451204683658,0.30632201134731,-1.023788323932921,0.6559737935346208,-1.2544760251746003,0.0,0.0,0.0,0.0,1.0,0
2592,-0.06988470896117505,-0.24444658794260565,-0.5362653582170128,0.9767644117667437,-0.7493499203700406,-0.9013053453299612,0.0,1.0,0.0,0.0,0.0,1
2593,-0.06924356484226518,-0.9166440800711632,0.43068541572351104,-1.023788323932921,1.3586356504869515,1.0411333938155538,0.0,0.0,0.0,0.0,1.0,0
2594,-0.06860242072335533,-1.0221495757662968,1.409943233705528,0.9767644117667437,-1.4520117773223713,-0.6069964454594287,1.0,0.0,0.0,0.0,0.0,1
2595,-0.06796127660444547,-1.5883999416436718,-0.7787593860845616,-1.023788323932921,0.6559737935346208,0.2759302541521691,1.0,0.0,0.0,0.0,0.0,0
2596,-0.0673201324855356,0.531131416657996,0.016102420887278517,-1.023788323932921,-1.4520117773223713,1.6886129735307256,0.0,0.0,0.0,0.0,1.0,0
2597,-0.06667898836662574,-0.801865971794412,1.5759806425386038,0.9767644117667437,0.6559737935346208,0.39365381410038214,0.0,1.0,0.0,0.0,0.0,0
2598,-0.06603784424771587,-1.5374309967707176,-1.1281511143202574,0.9767644117667437,1.3586356504869515,-1.6076467050192393,0.0,0.0,0.0,0.0,1.0,1
2599,-0.06539670012880601,-0.9122235213746621,0.7539479842276233,0.9767644117667437,1.3586356504869515,1.6886129735307256,0.0,0.0,0.0,0.0,1.0,0
2600,-0.06475555600989615,1.0860317876995282,0.392215244949571,-1.023788323932921,1.3586356504869515,0.21706847417806258,0.0,0.0,0.0,0.0,1.0,0
2601,-0.06411441189098628,1.259543704525092,0.6164232176832983,-1.023788323932921,0.6559737935346208,0.21706847417806258,0.0,0.0,1.0,0.0,0.0,0
2602,-0.06347326777207642,-0.029926287655133752,-0.5131623734095461,-1.023788323932921,-0.04668806341770988,0.3347920341262756,1.0,0.0,0.0,0.0,0.0,0
2603,-0.06283212365316657,-0.26440892905982416,-0.6415786015493631,0.9767644117667437,-1.4520117773223713,0.2759302541521691,0.0,0.0,0.0,1.0,0.0,1
2604,-0.062190979534256695,1.7018159682512866,0.6320178733216637,-1.023788323932921,-0.04668806341770988,-1.2544760251746003,0.0,0.0,0.0,1.0,0.0,0
2605,-0.06154983541534683,-1.018673950567024,-0.9797645304122227,0.9767644117667437,-0.04668806341770988,-0.018378645718363482,0.0,0.0,1.0,0.0,0.0,1
2606,-0.06090869129643697,-0.9668931821613794,-0.2778083641020415,-1.023788323932921,-0.7493499203700406,1.4531658536342995,0.0,0.0,0.0,0.0,1.0,0
2607,-0.06026754717752711,-0.69911768842569,-1.073887540305535,-1.023788323932921,-1.4520117773223713,1.3943040736601928,0.0,0.0,1.0,0.0,0.0,0
2608,-0.059626403058617244,-1.1159988688331217,-1.6924746537151496,-1.023788323932921,0.6559737935346208,-0.25382576561478953,0.0,0.0,1.0,0.0,0.0,0
2609,-0.05898525893970738,-0.3928756570658244,1.6150716836080299,0.9767644117667437,-0.7493499203700406,-1.0778906852522807,0.0,1.0,0.0,0.0,0.0,1
2610,-0.05834411482079752,1.46724970646765,-0.23637349308884403,0.9767644117667437,-0.7493499203700406,-0.3715493255630026,1.0,0.0,0.0,0.0,0.0,1
2611,-0.05770297070188766,0.4330556034116694,1.6126376879788613,0.9767644117667437,1.3586356504869515,0.6291009339968082,0.0,0.0,0.0,1.0,0.0,0
2612,-0.057061826582977794,-0.2788432402125939,-1.238451515307794,-1.023788323932921,0.6559737935346208,-0.6658582254335351,0.0,0.0,0.0,0.0,1.0,0
2613,-0.05642068246406793,1.5497670348065749,0.2989671731091068,-1.023788323932921,-0.04668806341770988,0.8056862739191277,0.0,0.0,0.0,1.0,0.0,0
2614,-0.055779538345158065,-1.5510211992132257,-1.0298693922958064,-1.023788323932921,-0.04668806341770988,-0.8424435653558547,0.0,0.0,0.0,1.0,0.0,0
2615,-0.05513839422624821,-0.9846839075889802,0.9960944814397704,-1.023788323932921,-0.04668806341770988,-0.25382576561478953,1.0,0.0,0.0,0.0,0.0,0
2616,-0.054497250107338344,0.2599496598404926,0.9741836110119245,0.9767644117667437,1.3586356504869515,-0.4304111055371091,0.0,0.0,0.0,1.0,0.0,1
2617,-0.05385610598842848,0.43377233667079224,-1.3337704031547784,-1.023788323932921,-0.04668806341770988,1.5708894135825124,0.0,0.0,0.0,1.0,0.0,0
2618,-0.053214961869518615,-1.5821944912569332,1.415629286628622,-1.023788323932921,-1.4520117773223713,0.15820669420395606,0.0,0.0,1.0,0.0,0.0,0
2619,-0.05257381775060875,-0.31002025899830343,-1.0516882582738065,0.9767644117667437,-0.04668806341770988,0.6879627139709147,1.0,0.0,0.0,0.0,0.0,1
2620,-0.05193267363169889,0.5513760943410222,0.387044011287451,0.9767644117667437,-0.04668806341770988,1.5708894135825124,0.0,1.0,0.0,0.0,0.0,0
2621,-0.05129152951278903,0.7225827642216774,1.6686397282589525,0.9767644117667437,-1.4520117773223713,-0.018378645718363482,0.0,0.0,0.0,0.0,1.0,1
2622,-0.050650385393879165,0.512827183723763,1.3135988661712386,-1.023788323932921,1.3586356504869515,-0.4304111055371091,0.0,0.0,0.0,1.0,0.0,0
2623,-0.0500092412749693,-0.5986823239085453,1.5686666584257671,0.9767644117667437,-0.7493499203700406,-1.1956142452004939,0.0,0.0,0.0,0.0,1.0,1
2624,-0.04936809715605944,-1.3933268381287223,-0.5428102209959321,-1.023788323932921,0.6559737935346208,0.3347920341262756,0.0,1.0,0.0,0.0,0.0,0
2625,-0.04872695303714958,-0.2257630212801034,-1.357952335793849,0.9767644117667437,1.3586356504869515,0.040483134255743035,0.0,0.0,0.0,0.0,1.0,1
2626,-0.048085808918239714,-1.270007723583226,-1.0732952366159936,-1.023788323932921,-0.04668806341770988,0.7468244939450213,0.0,1.0,0.0,0.0,0.0,0
2627,-0.04744466479932985,1.5960116897610068,0.0002075885492986165,-1.023788323932921,-0.7493499203700406,-0.4892728855112156,0.0,0.0,1.0,0.0,0.0,0
2628,-0.046803520680419985,-0.05755989433412892,1.006946682991122,-1.023788323932921,0.6559737935346208,0.7468244939450213,0.0,0.0,0.0,1.0,0.0,0
2629,-0.04616237656151013,-0.6102464066822982,-1.204644905636084,-1.023788323932921,0.6559737935346208,0.7468244939450213,0.0,1.0,0.0,0.0,0.0,0
2630,-0.045521232442600264,0.9613981958241262,0.5478355341255596,-1.023788323932921,0.6559737935346208,1.3943040736601928,0.0,0.0,0.0,0.0,1.0,0
2631,-0.0448800883236904,0.022161512729961474,-0.6082255857554731,-1.023788323932921,-1.4520117773223713,0.45251559407448866,0.0,0.0,0.0,1.0,0.0,0
2632,-0.044238944204780535,-0.6355342311804328,-0.5476135836025412,0.9767644117667437,-1.4520117773223713,0.9822716138414473,0.0,0.0,1.0,0.0,0.0,1
2633,-0.04359780008587067,1.121219770465346,0.5553540492375405,-1.023788323932921,-0.7493499203700406,-1.666508484993346,0.0,0.0,0.0,1.0,0.0,0
2634,-0.04295665596696081,1.3143636599969102,-0.11498611801407471,-1.023788323932921,-0.04668806341770988,1.3354422936860864,0.0,1.0,0.0,0.0,0.0,0
2635,-0.04231551184805095,0.6348651334963351,1.071613866991655,-1.023788323932921,-0.7493499203700406,-0.4304111055371091,0.0,0.0,1.0,0.0,0.0,0
2636,-0.041674367729141085,-1.5562704925809885,-1.1848190571718822,-1.023788323932921,-0.04668806341770988,1.3943040736601928,0.0,0.0,0.0,0.0,1.0,0
2637,-0.04103322361023122,0.26146961044337313,0.9956616481482014,0.9767644117667437,1.3586356504869515,0.2759302541521691,0.0,0.0,1.0,0.0,0.0,1
2638,-0.04039207949132136,0.9508662229063254,-1.5001253653466646,-1.023788323932921,0.6559737935346208,1.6886129735307256,0.0,0.0,1.0,0.0,0.0,0
2639,-0.0397509353724115,-1.2428879283988508,-1.0536683683898431,-1.023788323932921,0.6559737935346208,0.39365381410038214,1.0,0.0,0.0,0.0,0.0,0
2640,-0.039109791253501634,-0.9203034139278314,0.5355173670585788,0.9767644117667437,-1.4520117773223713,0.09934491422984955,0.0,0.0,1.0,0.0,0.0,1
2641,-0.03846864713459177,1.3680635708962572,1.2191242472132624,-1.023788323932921,1.3586356504869515,1.512027633608406,0.0,0.0,1.0,0.0,0.0,0
2642,-0.037827503015681906,-1.6502191951439737,-0.8520495812463733,0.9767644117667437,1.3586356504869515,0.7468244939450213,0.0,0.0,0.0,1.0,0.0,0
2643,-0.03718635889677205,0.9138793083314096,-0.5957967351452339,-1.023788323932921,-0.04668806341770988,1.3354422936860864,0.0,0.0,0.0,0.0,1.0,0
2644,-0.036545214777862184,-0.06245136259624553,0.12616692242573882,-1.023788323932921,1.3586356504869515,-1.0778906852522807,0.0,0.0,0.0,1.0,0.0,0
2645,-0.03590407065895232,-0.15695457665697174,-0.9934193342655945,0.9767644117667437,-1.4520117773223713,1.629751193556619,0.0,0.0,0.0,1.0,0.0,1
2646,-0.035262926540042455,-1.6958069942683605,1.0685976834464719,0.9767644117667437,-0.04668806341770988,0.2759302541521691,0.0,1.0,0.0,0.0,0.0,0
2647,-0.03462178242113259,1.1472262730404308,0.939564623525033,0.9767644117667437,-0.7493499203700406,0.6291009339968082,0.0,0.0,0.0,1.0,0.0,0
2648,-0.03398063830222273,-0.4612675530272555,-1.221365492048912,-1.023788323932921,-0.04668806341770988,1.6886129735307256,1.0,0.0,0.0,0.0,0.0,0
2649,-0.03333949418331287,0.17201995290404765,-0.12588693583495186,0.9767644117667437,-0.7493499203700406,-1.6076467050192393,1.0,0.0,0.0,0.0,0.0,1
2650,-0.032698350064403005,0.6498888338248255,0.9436609892423186,0.9767644117667437,-0.04668806341770988,0.21706847417806258,0.0,1.0,0.0,0.0,0.0,1
2651,-0.03205720594549314,0.7385392420662656,-0.5609315729020692,-1.023788323932921,0.6559737935346208,0.45251559407448866,0.0,0.0,0.0,0.0,1.0,0
2652,-0.03141606182658328,1.6252588575410534,0.4562709592485438,-1.023788323932921,-0.7493499203700406,-0.3715493255630026,0.0,0.0,0.0,0.0,1.0,0
2653,-0.030774917707673415,0.13903034282059307,-1.5483486167181757,-1.023788323932921,-1.4520117773223713,0.45251559407448866,0.0,0.0,0.0,1.0,0.0,0
2654,-0.030133773588763554,-0.3216373905991811,0.3722952268564387,0.9767644117667437,-0.7493499203700406,-0.7835817853817482,0.0,0.0,0.0,1.0,0.0,1
2655,-0.02949262946985369,1.6172914079228233,-1.1960494833587396,-1.023788323932921,-0.7493499203700406,0.5702391540227016,0.0,0.0,0.0,1.0,0.0,0
2656,-0.02885148535094383,0.5267232366648306,1.1354089592682406,0.9767644117667437,-0.04668806341770988,-1.7253702649674525,0.0,0.0,0.0,0.0,1.0,1
2657,-0.028210341232033965,-0.6771267364950984,-0.49861562870814674,0.9767644117667437,0.6559737935346208,1.5708894135825124,0.0,0.0,1.0,0.0,0.0,0
2658,-0.027569197113124104,-1.2780233315227432,-0.7527487025877596,0.9767644117667437,-0.04668806341770988,-1.3133378051487068,1.0,0.0,0.0,0.0,0.0,1
2659,-0.02692805299421424,1.228272573323248,1.1708509461859997,0.9767644117667437,-0.04668806341770988,1.3943040736601928,0.0,0.0,1.0,0.0,0.0,0
2660,-0.026286908875304375,-0.45301916126867664,-1.5485862517731914,-1.023788323932921,0.6559737935346208,-0.9013053453299612,0.0,0.0,1.0,0.0,0.0,0
2661,-0.025645764756394514,0.5909809263021091,-0.35706527397346444,-1.023788323932921,-0.04668806341770988,1.1588569537637667,0.0,0.0,0.0,0.0,1.0,0
2662,-0.02500462063748465,-0.07280033606790715,-0.44856295599898316,0.9767644117667437,0.6559737935346208,0.8645480538932343,0.0,0.0,1.0,0.0,0.0,1
2663,-0.02436347651857479,-1.0243959842010606,-0.7415836813579192,0.9767644117667437,-1.4520117773223713,-0.31268754558889605,0.0,1.0,0.0,0.0,0.0,1
2664,-0.023722332399664925,0.38524167276920407,1.4145627553289684,-1.023788323932921,0.6559737935346208,-1.3133378051487068,0.0,0.0,0.0,1.0,0.0,0
2665,-0.023081188280755064,-1.5082556126692164,0.8614690713300286,-1.023788323932921,1.3586356504869515,1.27658051371198,0.0,1.0,0.0,0.0,0.0,0
2666,-0.0224400441618452,-0.2739575897765406,-1.5011986475329984,0.9767644117667437,0.6559737935346208,0.09934491422984955,1.0,0.0,0.0,0.0,0.0,1
2667,-0.021798900042935335,0.1924923688775845,0.7368334717331089,0.9767644117667437,0.6559737935346208,1.1588569537637667,0.0,0.0,0.0,1.0,0.0,0
2668,-0.021157755924025475,-0.194492423761424,0.092389576795369,0.9767644117667437,1.3586356504869515,-1.0190289052781742,0.0,0.0,1.0,0.0,0.0,1
2669,-0.02051661180511561,0.8996870525229249,1.3771233973840882,0.9767644117667437,0.6559737935346208,0.9234098338673408,1.0,0.0,0.0,0.0,0.0,0
2670,-0.01987546768620575,1.1770695675224476,-0.6447898660117654,0.9767644117667437,-0.7493499203700406,-0.9013053453299612,0.0,0.0,0.0,1.0,0.0,1
2671,-0.019234323567295885,0.9786845681400376,0.2535548447167932,-1.023788323932921,-0.04668806341770988,-1.43106136509692,0.0,0.0,1.0,0.0,0.0,0
2672,-0.018593179448386024,-1.584800426098636,0.0011030557181079198,0.9767644117667437,-0.04668806341770988,0.15820669420395606,0.0,1.0,0.0,0.0,0.0,0
2673,-0.01795203532947616,-1.0411993828911505,-0.03739530206821494,-1.023788323932921,-1.4520117773223713,-1.3721995851228133,0.0,0.0,0.0,1.0,0.0,0
2674,-0.017310891210566295,0.15746664185926498,-0.15245155251413833,0.9767644117667437,-1.4520117773223713,0.15820669420395606,0.0,0.0,1.0,0.0,0.0,1
2675,-0.016669747091656435,1.551206383879717,-1.013858940247159,-1.023788323932921,1.3586356504869515,0.9822716138414473,0.0,1.0,0.0,0.0,0.0,0
2676,-0.01602860297274657,1.2016807429862002,0.877913144352192,0.9767644117667437,-0.7493499203700406,-0.07724042569247,1.0,0.0,0.0,0.0,0.0,1
2677,-0.015387458853836708,1.2282025979845743,-0.1688537987338558,-1.023788323932921,-1.4520117773223713,0.45251559407448866,1.0,0.0,0.0,0.0,0.0,0
2678,-0.014746314734926845,-0.6594244465057931,1.5753809390692388,-1.023788323932921,-0.04668806341770988,0.39365381410038214,1.0,0.0,0.0,0.0,0.0,0
2679,-0.014105170616016982,-0.2175890091719965,-0.8240939686222888,0.9767644117667437,-1.4520117773223713,0.8056862739191277,1.0,0.0,0.0,0.0,0.0,1
2680,-0.01346402649710712,-0.0731869851586783,0.6269767595923739,0.9767644117667437,-1.4520117773223713,0.09934491422984955,0.0,0.0,0.0,0.0,1.0,1
2681,-0.012822882378197257,-1.1698485115627064,1.5141680362964272,-1.023788323932921,0.6559737935346208,1.629751193556619,0.0,0.0,0.0,1.0,0.0,0
2682,-0.012181738259287395,-1.611907071369268,0.5606522753041417,-1.023788323932921,-1.4520117773223713,-1.6076467050192393,0.0,0.0,0.0,1.0,0.0,0
2683,-0.011540594140377532,1.5934890531721908,1.2753437937791872,-1.023788323932921,1.3586356504869515,1.3943040736601928,0.0,0.0,0.0,0.0,1.0,0
2684,-0.010899450021467668,-0.8781573301282316,1.1247396686001645,0.9767644117667437,-0.04668806341770988,-0.6069964454594287,0.0,0.0,1.0,0.0,0.0,0
2685,-0.010258305902557805,-0.8808301955977903,-0.4825611248746988,-1.023788323932921,1.3586356504869515,-0.9601671253040678,0.0,0.0,1.0,0.0,0.0,0
2686,-0.009617161783647942,-1.4288202994185644,0.34284010153619465,0.9767644117667437,1.3586356504869515,-0.13610220566657652,1.0,0.0,0.0,0.0,0.0,0
2687,-0.00897601766473808,1.5291065504080812,-1.1836400359790196,0.9767644117667437,-0.7493499203700406,0.45251559407448866,0.0,1.0,0.0,0.0,0.0,1
2688,-0.008334873545828217,0.30841905765931316,0.12068204794841299,0.9767644117667437,0.6559737935346208,-1.5487849250451329,0.0,0.0,1.0,0.0,0.0,1
2689,-0.007693729426918354,0.6139657181280604,-0.9285954980849844,0.9767644117667437,1.3586356504869515,-0.9013053453299612,0.0,1.0,0.0,0.0,0.0,1
2690,-0.007052585308008491,1.4698489966910602,0.8367366387426034,0.9767644117667437,-0.7493499203700406,-0.7835817853817482,0.0,0.0,0.0,1.0,0.0,1
2691,-0.006411441189098629,-0.510983717543465,0.0950008335570968,0.9767644117667437,-0.04668806341770988,0.39365381410038214,0.0,1.0,0.0,0.0,0.0,0
2692,-0.005770297070188766,0.4546135782386247,-0.3067908275436029,-1.023788323932921,-0.04668806341770988,-0.3715493255630026,0.0,0.0,0.0,1.0,0.0,0
2693,-0.0051291529512789025,-1.584847651512146,-0.7966202762887113,-1.023788323932921,-0.7493499203700406,0.45251559407448866,0.0,0.0,0.0,0.0,1.0,0
2694,-0.00448800883236904,-1.066946025276031,1.7135708667699894,0.9767644117667437,1.3586356504869515,0.6879627139709147,0.0,0.0,0.0,0.0,1.0,0
2695,-0.003846864713459177,1.1886924517191786,-1.474417284759542,-1.023788323932921,1.3586356504869515,0.6291009339968082,1.0,0.0,0.0,0.0,0.0,0
2696,-0.0032057205945493143,0.9630231811305202,-1.5712269103032812,-1.023788323932921,0.6559737935346208,0.3347920341262756,0.0,0.0,1.0,0.0,0.0,0
2697,-0.0025645764756394513,-0.4934050288119262,-0.9738695460309083,0.9767644117667437,0.6559737935346208,1.629751193556619,1.0,0.0,0.0,0.0,0.0,1
2698,-0.0019234323567295885,-0.4018179822426323,1.618562691488455,-1.023788323932921,-0.04668806341770988,0.6291009339968082,0.0,0.0,0.0,1.0,0.0,0
2699,-0.0012822882378197256,0.14678096210748257,1.6466452414717303,0.9767644117667437,0.6559737935346208,-1.3133378051487068,1.0,0.0,0.0,0.0,0.0,1
2700,-0.0006411441189098628,-1.7198011502140638,0.53131487784835,0.9767644117667437,-0.7493499203700406,-1.6076467050192393,0.0,1.0,0.0,0.0,0.0,0
2701,0.0,-0.8762962186624892,1.3057238225275327,0.9767644117667437,-0.04668806341770988,-0.018378645718363482,0.0,0.0,0.0,1.0,0.0,0
2702,0.0006411441189098628,-0.9918391430432933,-0.9852036261353583,0.9767644117667437,1.3586356504869515,-0.4892728855112156,0.0,0.0,0.0,0.0,1.0,1
2703,0.0012822882378197256,-0.8439613390892959,1.6218973482165744,-1.023788323932921,-0.04668806341770988,1.27658051371198,0.0,0.0,1.0,0.0,0.0,0
2704,0.0019234323567295885,1.1000032901969958,-1.2299867968943994,-1.023788323932921,-1.4520117773223713,0.15820669420395606,0.0,0.0,0.0,1.0,0.0,1
2705,0.0025645764756394513,-0.7417939697348769,-1.3732578147634051,0.9767644117667437,-0.04668806341770988,-0.31268754558889605,0.0,0.0,0.0,1.0,0.0,1
2706,0.0032057205945493143,-1.0503253794833856,-1.3351309379003946,-1.023788323932921,0.6559737935346208,1.27658051371198,0.0,1.0,0.0,0.0,0.0,0
2707,0.003846864713459177,0.044263375173021355,0.2499985707962667,0.9767644117667437,-0.7493499203700406,1.6886129735307256,0.0,0.0,1.0,0.0,0.0,0
2708,0.00448800883236904,1.3090888008722497,0.9647997713962848,0.9767644117667437,1.3586356504869515,-0.018378645718363482,0.0,0.0,0.0,0.0,1.0,1
2709,0.0051291529512789025,-0.8759274343059309,-0.46003698285376726,-1.023788323932921,1.3586356504869515,0.39365381410038214,0.0,0.0,0.0,1.0,0.0,0
2710,0.005770297070188766,-1.4457700026357936,1.6420293717739851,-1.023788323932921,0.6559737935346208,-1.6076467050192393,0.0,0.0,0.0,1.0,0.0,0
2711,0.006411441189098629,-0.47323803429934375,-0.2270289573071173,0.9767644117667437,0.6559737935346208,-1.5487849250451329,0.0,1.0,0.0,0.0,0.0,1
2712,0.007052585308008491,0.8961158536074056,-1.2036306975209567,-1.023788323932921,0.6559737935346208,-0.07724042569247,1.0,0.0,0.0,0.0,0.0,0
2713,0.007693729426918354,0.20675687270626933,-0.11853756005818675,0.9767644117667437,-1.4520117773223713,1.5708894135825124,0.0,0.0,0.0,0.0,1.0,1
2714,0.008334873545828217,1.1381093308888488,0.6142292008930595,0.9767644117667437,-0.7493499203700406,0.09934491422984955,0.0,0.0,1.0,0.0,0.0,1
2715,0.00897601766473808,1.637901067442035,1.1410574989937217,-1.023788323932921,-1.4520117773223713,-0.4304111055371091,0.0,0.0,0.0,1.0,0.0,0
2716,0.009617161783647942,1.0536518796807939,-0.1432936523826118,0.9767644117667437,0.6559737935346208,1.512027633608406,0.0,0.0,0.0,1.0,0.0,1
2717,0.010258305902557805,0.3926492594643924,0.320427208662049,-1.023788323932921,-0.7493499203700406,-0.6658582254335351,0.0,0.0,0.0,0.0,1.0,0
2718,0.010899450021467668,0.00603712549090371,-0.8016151448354336,0.9767644117667437,0.6559737935346208,-0.9013053453299612,1.0,0.0,0.0,0.0,0.0,1
2719,0.011540594140377532,-1.5804039762891173,0.5003245880994767,0.9767644117667437,-0.7493499203700406,1.2177187337378734,0.0,0.0,0.0,1.0,0.0,0
2720,0.012181738259287395,1.7244547862665631,1.6698032519624997,0.9767644117667437,1.3586356504869515,-0.8424435653558547,0.0,0.0,0.0,0.0,1.0,1
2721,0.012822882378197257,-0.37847143666251976,-1.5523364010408123,0.9767644117667437,-1.4520117773223713,-0.4304111055371091,0.0,1.0,0.0,0.0,0.0,1
2722,0.01346402649710712,-1.187850160988918,1.327816501075712,0.9767644117667437,0.6559737935346208,0.5702391540227016,1.0,0.0,0.0,0.0,0.0,0
2723,0.014105170616016982,0.612817721233872,0.21270027402792613,-1.023788323932921,0.6559737935346208,0.9234098338673408,0.0,0.0,1.0,0.0,0.0,0
2724,0.014746314734926845,-0.7256435846362249,-0.854047578785562,0.9767644117667437,-0.04668806341770988,0.39365381410038214,0.0,0.0,0.0,1.0,0.0,0
2725,0.015387458853836708,0.3295629349754815,1.562908882563115,-1.023788323932921,1.3586356504869515,-1.7253702649674525,0.0,0.0,0.0,0.0,1.0,0
2726,0.01602860297274657,0.33302663654480613,-0.05874032292767641,-1.023788323932921,0.6559737935346208,-0.6658582254335351,0.0,1.0,0.0,0.0,0.0,0
2727,0.016669747091656435,-0.16060273033620084,-0.5803255205727054,-1.023788323932921,-1.4520117773223713,0.39365381410038214,0.0,0.0,1.0,0.0,0.0,0
2728,0.017310891210566295,1.2057471522758885,-1.0968503558688056,0.9767644117667437,1.3586356504869515,0.2759302541521691,0.0,0.0,0.0,0.0,1.0,1
2729,0.01795203532947616,-0.7932673416280729,-0.8803443494172922,-1.023788323932921,0.6559737935346208,-0.018378645718363482,0.0,0.0,0.0,0.0,1.0,0
2730,0.018593179448386024,-0.15044311387195017,1.1432009453431426,-1.023788323932921,-1.4520117773223713,-0.7835817853817482,0.0,0.0,1.0,0.0,0.0,0
2731,0.019234323567295885,0.16126277922471624,0.39197107391791985,-1.023788323932921,-0.04668806341770988,0.5113773740485952,0.0,1.0,0.0,0.0,0.0,0
2732,0.01987546768620575,0.6020233361328053,1.4196914161517717,0.9767644117667437,-0.04668806341770988,1.0999951737896603,0.0,1.0,0.0,0.0,0.0,0
2733,0.02051661180511561,1.0232349304392838,-0.923277024470288,0.9767644117667437,-1.4520117773223713,-0.25382576561478953,1.0,0.0,0.0,0.0,0.0,1
2734,0.021157755924025475,-0.338830191798086,-1.3044301286806876,0.9767644117667437,1.3586356504869515,-1.0190289052781742,0.0,0.0,0.0,1.0,0.0,1
2735,0.021798900042935335,0.5405016085109579,-1.700100166426197,0.9767644117667437,-1.4520117773223713,1.3943040736601928,0.0,0.0,1.0,0.0,0.0,1
2736,0.0224400441618452,-1.193510528808436,0.025543800145770852,-1.023788323932921,-1.4520117773223713,-0.4892728855112156,0.0,0.0,1.0,0.0,0.0,0
2737,0.023081188280755064,1.543597654915812,1.7122242889658181,0.9767644117667437,-0.04668806341770988,0.9234098338673408,0.0,0.0,1.0,0.0,0.0,0
2738,0.023722332399664925,-0.37994953141169224,0.6690072638692309,-1.023788323932921,-0.04668806341770988,-0.4304111055371091,0.0,1.0,0.0,0.0,0.0,0
2739,0.02436347651857479,0.8326599507010043,-0.6604412181436992,0.9767644117667437,-0.04668806341770988,0.8056862739191277,0.0,0.0,0.0,1.0,0.0,1
2740,0.02500462063748465,-1.6494514411660701,1.2945533927939357,-1.023788323932921,0.6559737935346208,0.7468244939450213,1.0,0.0,0.0,0.0,0.0,0
2741,0.025645764756394514,-1.0024953880061052,0.9673717418207392,0.9767644117667437,0.6559737935346208,0.15820669420395606,0.0,0.0,0.0,0.0,1.0,0
2742,0.026286908875304375,-0.015869352823751664,-1.668021659006382,0.9767644117667437,-0.7493499203700406,-0.19496398564068304,0.0,0.0,0.0,0.0,1.0,1
2743,0.02692805299421424,1.3532144586643458,1.0882149635013076,0.9767644117667437,0.6559737935346208,0.2759302541521691,0.0,0.0,1.0,0.0,0.0,1
2744,0.027569197113124104,0.12473364535687001,-0.6874993515210472,0.9767644117667437,1.3586356504869515,-1.0778906852522807,0.0,0.0,0.0,1.0,0.0,1
2745,0.028210341232033965,1.5338760685895603,-1.206296282936282,-1.023788323932921,1.3586356504869515,-1.2544760251746003,0.0,1.0,0.0,0.0,0.0,0
2746,0.02885148535094383,-0.02736902818978382,-0.9426652391582125,0.9767644117667437,-0.04668806341770988,0.21706847417806258,0.0,0.0,0.0,1.0,0.0,1
2747,0.02949262946985369,-0.004086513365800353,-0.10955104402919115,0.9767644117667437,-1.4520117773223713,-0.9601671253040678,0.0,0.0,0.0,1.0,0.0,1
2748,0.030133773588763554,-1.3015342431495287,-0.25987979996305366,0.9767644117667437,-0.04668806341770988,0.39365381410038214,0.0,1.0,0.0,0.0,0.0,0
2749,0.030774917707673415,1.0886297865830197,-0.727528408342061,-1.023788323932921,-1.4520117773223713,-1.6076467050192393,0.0,0.0,1.0,0.0,0.0,1
2750,0.03141606182658328,-0.8562726108783794,-1.1287626557387176,0.9767644117667437,-0.04668806341770988,0.8056862739191277,0.0,0.0,0.0,1.0,0.0,0
2751,0.03205720594549314,1.42797393808822,0.9003389449955347,0.9767644117667437,-0.04668806341770988,0.8056862739191277,0.0,0.0,0.0,0.0,1.0,0
2752,0.032698350064403005,1.4672146834392583,1.6840336246984497,-1.023788323932921,1.3586356504869515,-0.5481346654853221,0.0,1.0,0.0,0.0,0.0,0
2753,0.03333949418331287,1.580914396921152,0.9538537895421544,-1.023788323932921,-1.4520117773223713,-1.3721995851228133,1.0,0.0,0.0,0.0,0.0,0
2754,0.03398063830222273,0.10014752850049889,-0.7032840168821487,-1.023788323932921,-0.7493499203700406,0.15820669420395606,0.0,0.0,1.0,0.0,0.0,0
2755,0.03462178242113259,0.6491646841689236,-0.8791174527319097,0.9767644117667437,-0.7493499203700406,0.2759302541521691,0.0,1.0,0.0,0.0,0.0,1
2756,0.035262926540042455,1.0041391862019873,-0.9724647648052529,-1.023788323932921,-0.04668806341770988,-1.1367524652263874,1.0,0.0,0.0,0.0,0.0,0
2757,0.03590407065895232,-1.2620971521931488,-1.2509300382708335,0.9767644117667437,-0.04668806341770988,0.8645480538932343,1.0,0.0,0.0,0.0,0.0,0
2758,0.036545214777862184,0.38268874545213977,0.17503560295291773,-1.023788323932921,1.3586356504869515,0.09934491422984955,0.0,0.0,0.0,1.0,0.0,0
2759,0.03718635889677205,-1.6006029628300469,0.3609861869774156,0.9767644117667437,-1.4520117773223713,-0.4892728855112156,0.0,0.0,0.0,1.0,0.0,1
2760,0.037827503015681906,0.020822741231236338,0.7052462246359139,-1.023788323932921,-0.04668806341770988,1.4531658536342995,0.0,0.0,0.0,1.0,0.0,0
2761,0.03846864713459177,-1.1786995970162657,0.6182742687812017,-1.023788323932921,-0.7493499203700406,0.6879627139709147,0.0,1.0,0.0,0.0,0.0,0
2762,0.039109791253501634,-1.0804195257468465,-0.7156772888031575,-1.023788323932921,-1.4520117773223713,-0.6658582254335351,0.0,1.0,0.0,0.0,0.0,0
2763,0.0397509353724115,-0.44298836763432836,-0.5850688624205448,0.9767644117667437,-0.04668806341770988,0.3347920341262756,0.0,0.0,1.0,0.0,0.0,1
2764,0.04039207949132136,-0.20712664889229584,0.6227490809810828,-1.023788323932921,-1.4520117773223713,1.3943040736601928,0.0,0.0,0.0,1.0,0.0,0
2765,0.04103322361023122,0.4604414286323685,-0.5192563929573374,0.9767644117667437,1.3586356504869515,0.39365381410038214,1.0,0.0,0.0,0.0,0.0,1
2766,0.041674367729141085,-1.4601472731960572,-0.9898069799372968,-1.023788323932921,-0.7493499203700406,-1.1367524652263874,0.0,0.0,0.0,0.0,1.0,0
2767,0.04231551184805095,0.04226244268882557,-0.43366274167158547,-1.023788323932921,-1.4520117773223713,0.6291009339968082,0.0,0.0,1.0,0.0,0.0,0
2768,0.04295665596696081,-1.0814618024146105,-0.7853158006396347,-1.023788323932921,-0.7493499203700406,-1.0190289052781742,0.0,1.0,0.0,0.0,0.0,0
2769,0.04359780008587067,0.2882524288395215,-1.4173209467462888,0.9767644117667437,-0.04668806341770988,-0.13610220566657652,0.0,0.0,1.0,0.0,0.0,1
2770,0.044238944204780535,0.5102536883583462,1.1338805524271136,0.9767644117667437,0.6559737935346208,1.0999951737896603,0.0,0.0,1.0,0.0,0.0,0
2771,0.0448800883236904,0.22782219618276103,1.2128848319544028,0.9767644117667437,-1.4520117773223713,-0.9013053453299612,0.0,0.0,1.0,0.0,0.0,1
2772,0.045521232442600264,0.8633690155079123,-0.9652962581833248,-1.023788323932921,-0.7493499203700406,-1.0190289052781742,0.0,0.0,1.0,0.0,0.0,0
2773,0.04616237656151013,-0.5460216743742042,-1.498278744905698,0.9767644117667437,-1.4520117773223713,1.3354422936860864,0.0,0.0,0.0,0.0,1.0,1
2774,0.046803520680419985,0.9572070510544329,0.819852883738845,0.9767644117667437,-0.04668806341770988,0.7468244939450213,0.0,0.0,0.0,1.0,0.0,0
2775,0.04744466479932985,-0.20597195563174325,-0.993571275086611,-1.023788323932921,-0.04668806341770988,0.15820669420395606,1.0,0.0,0.0,0.0,0.0,0
2776,0.048085808918239714,-0.026012432921311012,-0.3679785487735763,-1.023788323932921,-0.7493499203700406,-1.3133378051487068,0.0,0.0,1.0,0.0,0.0,0
2777,0.04872695303714958,0.5476946922112751,-1.5004692592297668,0.9767644117667437,1.3586356504869515,1.4531658536342995,0.0,0.0,1.0,0.0,0.0,1
2778,0.04936809715605944,-1.6563908284046618,-0.9428759000883968,0.9767644117667437,-1.4520117773223713,0.09934491422984955,0.0,0.0,1.0,0.0,0.0,1
2779,0.0500092412749693,0.5683168572765146,1.0058207275469901,-1.023788323932921,-1.4520117773223713,0.39365381410038214,0.0,0.0,0.0,1.0,0.0,0
2780,0.050650385393879165,0.444386092586867,1.0453501225400639,0.9767644117667437,-0.04668806341770988,1.3943040736601928,0.0,1.0,0.0,0.0,0.0,0
2781,0.05129152951278903,-0.6361884013695659,-1.008853873626167,-1.023788323932921,-1.4520117773223713,1.0411333938155538,0.0,1.0,0.0,0.0,0.0,0
2782,0.05193267363169889,-1.4203670578879546,-0.5658002339569445,-1.023788323932921,-0.7493499203700406,-1.5487849250451329,0.0,0.0,0.0,0.0,1.0,0
2783,0.05257381775060875,-1.4023731238684232,-1.2593786790541557,0.9767644117667437,0.6559737935346208,1.5708894135825124,0.0,1.0,0.0,0.0,0.0,0
2784,0.053214961869518615,1.5106126805687732,-1.465949887203657,0.9767644117667437,-0.04668806341770988,1.2177187337378734,0.0,0.0,1.0,0.0,0.0,1
2785,0.05385610598842848,0.6918137215282474,1.69112477470336,-1.023788323932921,0.6559737935346208,-0.7247200054076417,0.0,0.0,1.0,0.0,0.0,0
2786,0.054497250107338344,-1.275789060059228,0.5336060513163858,0.9767644117667437,-1.4520117773223713,-0.4304111055371091,0.0,0.0,1.0,0.0,0.0,1
2787,0.05513839422624821,-0.4721235260818285,0.14327897511582113,-1.023788323932921,1.3586356504869515,-0.07724042569247,0.0,0.0,0.0,0.0,1.0,0
2788,0.055779538345158065,0.3530292781940485,0.9115768721685449,0.9767644117667437,-0.7493499203700406,-1.666508484993346,0.0,0.0,1.0,0.0,0.0,1
2789,0.05642068246406793,1.2038329809538213,1.1680590403986908,-1.023788323932921,-1.4520117773223713,-1.0190289052781742,0.0,1.0,0.0,0.0,0.0,0
2790,0.057061826582977794,-1.5678326282873785,1.0533230203593016,0.9767644117667437,-0.7493499203700406,-0.8424435653558547,0.0,0.0,0.0,1.0,0.0,0
2791,0.05770297070188766,-0.8924353059177679,-1.6641551561886054,0.9767644117667437,-1.4520117773223713,1.3943040736601928,0.0,0.0,0.0,1.0,0.0,1
2792,0.05834411482079752,1.3934519666820797,-1.0785878990750561,-1.023788323932921,-1.4520117773223713,1.6886129735307256,1.0,0.0,0.0,0.0,0.0,0
2793,0.05898525893970738,-1.6885654901186782,0.531237730097631,0.9767644117667437,-1.4520117773223713,-1.3133378051487068,0.0,1.0,0.0,0.0,0.0,1
2794,0.059626403058617244,-1.0157534226421376,-0.4287682596046621,-1.023788323932921,-0.04668806341770988,-0.6658582254335351,0.0,0.0,1.0,0.0,0.0,0
2795,0.06026754717752711,1.635913182571381,1.6578032855588076,0.9767644117667437,0.6559737935346208,0.09934491422984955,0.0,0.0,0.0,1.0,0.0,1
2796,0.06090869129643697,0.426244678366331,0.567346345080799,0.9767644117667437,1.3586356504869515,-1.6076467050192393,0.0,1.0,0.0,0.0,0.0,1
2797,0.06154983541534683,-0.8048021818336565,1.5686150039832591,0.9767644117667437,0.6559737935346208,1.2177187337378734,0.0,0.0,0.0,1.0,0.0,0
2798,0.062190979534256695,-1.486177699714733,-1.0282446016685702,0.9767644117667437,0.6559737935346208,1.0999951737896603,0.0,0.0,1.0,0.0,0.0,0
2799,0.06283212365316657,-1.6219757553471303,1.2501838800004614,-1.023788323932921,-0.7493499203700406,0.09934491422984955,0.0,0.0,0.0,1.0,0.0,0
2800,0.06347326777207642,-0.8640437137979593,-0.6158785701214474,-1.023788323932921,-0.04668806341770988,0.6291009339968082,1.0,0.0,0.0,0.0,0.0,0
2801,0.06411441189098628,1.3645310998955809,1.6821594089579677,0.9767644117667437,-0.04668806341770988,-0.5481346654853221,1.0,0.0,0.0,0.0,0.0,1
2802,0.06475555600989615,-0.26495848106546316,-1.1787313224567928,-1.023788323932921,-1.4520117773223713,-0.31268754558889605,0.0,0.0,0.0,1.0,0.0,1
2803,0.06539670012880601,0.8005020223708824,0.05469958989321623,-1.023788323932921,0.6559737935346208,1.3354422936860864,0.0,1.0,0.0,0.0,0.0,0
2804,0.06603784424771587,1.4933273278262542,1.0056221394684997,0.9767644117667437,1.3586356504869515,1.4531658536342995,0.0,1.0,0.0,0.0,0.0,0
2805,0.06667898836662574,-0.2925144356979114,-0.23314246830374194,-1.023788323932921,-0.7493499203700406,-0.7835817853817482,0.0,1.0,0.0,0.0,0.0,0
2806,0.0673201324855356,-1.0511792012175394,-0.11125594923020833,-1.023788323932921,-0.04668806341770988,-0.31268754558889605,0.0,0.0,0.0,1.0,0.0,0
2807,0.06796127660444547,0.08925366153339888,1.67112334916127,0.9767644117667437,-1.4520117773223713,0.15820669420395606,0.0,1.0,0.0,0.0,0.0,1
2808,0.06860242072335533,1.4576228935008932,-0.2583658359091541,0.9767644117667437,1.3586356504869515,0.040483134255743035,0.0,0.0,1.0,0.0,0.0,1
2809,0.06924356484226518,1.0946433335653842,0.35641815209690464,0.9767644117667437,0.6559737935346208,0.3347920341262756,1.0,0.0,0.0,0.0,0.0,0
2810,0.06988470896117505,-1.4902420459100654,-1.5334692910486856,0.9767644117667437,1.3586356504869515,-0.4304111055371091,0.0,0.0,1.0,0.0,0.0,1
2811,0.07052585308008491,0.7033408055640262,1.1753943302194814,-1.023788323932921,-0.04668806341770988,1.6886129735307256,0.0,1.0,0.0,0.0,0.0,0
2812,0.07116699719899477,0.2809807028373958,0.5080677601699125,0.9767644117667437,-0.7493499203700406,0.9822716138414473,0.0,0.0,1.0,0.0,0.0,0
2813,0.07180814131790464,1.4554511233269307,-0.3315771890885521,-1.023788323932921,0.6559737935346208,0.8056862739191277,0.0,1.0,0.0,0.0,0.0,0
2814,0.0724492854368145,-1.2919631202690312,-1.6654273049412613,-1.023788323932921,-0.7493499203700406,-0.31268754558889605,0.0,0.0,0.0,1.0,0.0,0
2815,0.07309042955572437,0.1484668274390153,0.3137622478529776,0.9767644117667437,1.3586356504869515,1.0999951737896603,0.0,0.0,1.0,0.0,0.0,0
2816,0.07373157367463423,1.3574502151064127,-1.6775043706968298,-1.023788323932921,1.3586356504869515,0.8056862739191277,0.0,0.0,0.0,1.0,0.0,0
2817,0.0743727177935441,-0.2855728530809269,-1.7168963605485257,-1.023788323932921,-1.4520117773223713,1.0411333938155538,0.0,0.0,0.0,1.0,0.0,0
2818,0.07501386191245395,-0.0336759038579935,0.3977781465542205,-1.023788323932921,0.6559737935346208,-0.018378645718363482,0.0,0.0,0.0,0.0,1.0,0
2819,0.07565500603136381,-1.4740342551275485,-1.0709903839479897,0.9767644117667437,1.3586356504869515,-1.0190289052781742,0.0,1.0,0.0,0.0,0.0,1
2820,0.07629615015027368,-0.7471496833566033,-1.0611185579768496,-1.023788323932921,-0.04668806341770988,0.7468244939450213,1.0,0.0,0.0,0.0,0.0,0
2821,0.07693729426918354,-0.5848804471705867,0.5256191760937484,0.9767644117667437,-0.04668806341770988,0.9822716138414473,0.0,1.0,0.0,0.0,0.0,0
2822,0.0775784383880934,1.5872575253730201,-1.5363666243612681,0.9767644117667437,-0.7493499203700406,-0.07724042569247,1.0,0.0,0.0,0.0,0.0,1
2823,0.07821958250700327,-0.7313167893241843,-0.6432080801780294,-1.023788323932921,-0.04668806341770988,-0.8424435653558547,0.0,1.0,0.0,0.0,0.0,0
2824,0.07886072662591313,-0.10761695269140986,-1.2071270361219257,-1.023788323932921,1.3586356504869515,0.45251559407448866,0.0,0.0,0.0,1.0,0.0,0
2825,0.079501870744823,0.628902081524992,0.27423876047674656,0.9767644117667437,-0.04668806341770988,-0.19496398564068304,0.0,0.0,1.0,0.0,0.0,1
2826,0.08014301486373286,-1.153007384192405,0.5548293297317509,0.9767644117667437,0.6559737935346208,-0.25382576561478953,0.0,0.0,1.0,0.0,0.0,0
2827,0.08078415898264273,-0.018109885088197608,0.7590100661844351,0.9767644117667437,-0.7493499203700406,-1.1367524652263874,0.0,0.0,0.0,0.0,1.0,1
2828,0.08142530310155258,0.8642213602008187,-0.843274455340185,0.9767644117667437,0.6559737935346208,0.9822716138414473,1.0,0.0,0.0,0.0,0.0,1
2829,0.08206644722046244,1.3133243853774474,-1.414098421755625,0.9767644117667437,1.3586356504869515,0.39365381410038214,1.0,0.0,0.0,0.0,0.0,1
2830,0.0827075913393723,0.47124531791141344,-1.450436093994482,-1.023788323932921,1.3586356504869515,-1.6076467050192393,1.0,0.0,0.0,0.0,0.0,0
2831,0.08334873545828217,0.6210239654988097,-0.2554653200221099,0.9767644117667437,-0.04668806341770988,-0.25382576561478953,0.0,0.0,0.0,1.0,0.0,1
2832,0.08398987957719203,-1.2786560313425457,1.531801345616413,-1.023788323932921,-1.4520117773223713,0.21706847417806258,1.0,0.0,0.0,0.0,0.0,0
2833,0.0846310236961019,1.5895466768688051,-0.9722475586046806,0.9767644117667437,-1.4520117773223713,0.15820669420395606,0.0,0.0,1.0,0.0,0.0,1
2834,0.08527216781501176,-1.2566390898101076,-0.8380801185768899,-1.023788323932921,1.3586356504869515,-0.9013053453299612,0.0,0.0,0.0,1.0,0.0,0
2835,0.08591331193392163,0.9906889934073878,-1.3740707659996407,0.9767644117667437,1.3586356504869515,-1.666508484993346,0.0,1.0,0.0,0.0,0.0,1
2836,0.08655445605283149,-0.7937949266397467,0.36157049378216805,-1.023788323932921,-0.7493499203700406,-0.13610220566657652,1.0,0.0,0.0,0.0,0.0,0
2837,0.08719560017174134,1.5469052795883804,0.6171032715252598,-1.023788323932921,1.3586356504869515,-0.6069964454594287,1.0,0.0,0.0,0.0,0.0,0
2838,0.0878367442906512,0.799193628519437,0.4900578321180914,0.9767644117667437,1.3586356504869515,0.45251559407448866,0.0,1.0,0.0,0.0,0.0,0
2839,0.08847788840956107,0.917682291030444,1.2404623326984294,-1.023788323932921,-0.7493499203700406,0.8056862739191277,1.0,0.0,0.0,0.0,0.0,0
2840,0.08911903252847093,-0.9539436697341885,-0.04817707083507211,0.9767644117667437,0.6559737935346208,1.3354422936860864,0.0,1.0,0.0,0.0,0.0,0
2841,0.0897601766473808,-0.1700171101797534,-1.2586268210650877,0.9767644117667437,0.6559737935346208,-0.8424435653558547,0.0,0.0,0.0,1.0,0.0,1
2842,0.09040132076629066,0.44168427344791844,-0.7257475436332893,-1.023788323932921,-0.7493499203700406,0.9234098338673408,0.0,0.0,1.0,0.0,0.0,0
2843,0.09104246488520053,0.9742415081869085,0.5571156961232414,-1.023788323932921,-0.7493499203700406,-1.5487849250451329,0.0,1.0,0.0,0.0,0.0,0
2844,0.09168360900411039,-1.3567897464647012,0.38754141320307733,0.9767644117667437,0.6559737935346208,-1.3133378051487068,0.0,0.0,0.0,0.0,1.0,0
2845,0.09232475312302026,1.6476070809809342,0.10512792704006065,0.9767644117667437,0.6559737935346208,0.8056862739191277,0.0,1.0,0.0,0.0,0.0,0
2846,0.0929658972419301,1.3951028344211145,0.6277353492015397,0.9767644117667437,0.6559737935346208,1.4531658536342995,1.0,0.0,0.0,0.0,0.0,0
2847,0.09360704136083997,-0.7744321405758107,0.47100408414553246,-1.023788323932921,0.6559737935346208,0.9234098338673408,0.0,0.0,0.0,1.0,0.0,0
2848,0.09424818547974984,1.1589932214122713,1.3099133894795894,-1.023788323932921,-0.04668806341770988,-0.6069964454594287,0.0,0.0,0.0,1.0,0.0,0
2849,0.0948893295986597,0.09347460050541061,0.2943230291819122,0.9767644117667437,-0.7493499203700406,-0.25382576561478953,0.0,1.0,0.0,0.0,0.0,1
2850,0.09553047371756956,-0.10433486684755386,0.9566386839242818,-1.023788323932921,-1.4520117773223713,0.09934491422984955,0.0,0.0,1.0,0.0,0.0,0
2851,0.09617161783647943,-0.6201340677228807,-0.8657112397334644,-1.023788323932921,-0.04668806341770988,-1.0190289052781742,0.0,0.0,0.0,0.0,1.0,0
2852,0.09681276195538929,0.3127291742012118,0.6112902268329183,-1.023788323932921,-1.4520117773223713,-1.4899231450710264,0.0,0.0,0.0,1.0,0.0,0
2853,0.09745390607429916,0.833946875480958,1.3816843911791405,0.9767644117667437,-1.4520117773223713,0.8056862739191277,1.0,0.0,0.0,0.0,0.0,1
2854,0.09809505019320902,-0.2823909646875794,-0.39447035745254205,0.9767644117667437,1.3586356504869515,0.6879627139709147,1.0,0.0,0.0,0.0,0.0,1
2855,0.09873619431211889,0.481604949488753,0.9583679531359629,-1.023788323932921,-0.7493499203700406,1.3354422936860864,0.0,0.0,1.0,0.0,0.0,0
2856,0.09937733843102874,0.7269310411694769,0.771574574182484,-1.023788323932921,-0.04668806341770988,1.2177187337378734,0.0,0.0,0.0,1.0,0.0,0
2857,0.1000184825499386,0.7682618470058846,-1.516320181263309,0.9767644117667437,-0.7493499203700406,-1.0190289052781742,0.0,1.0,0.0,0.0,0.0,1
2858,0.10065962666884846,-1.5387647671824156,0.27881941153974626,-1.023788323932921,0.6559737935346208,0.6291009339968082,1.0,0.0,0.0,0.0,0.0,0
2859,0.10130077078775833,1.2884486581007009,-1.273303764801865,0.9767644117667437,-0.7493499203700406,-1.1367524652263874,0.0,0.0,1.0,0.0,0.0,1
2860,0.1019419149066682,-0.11677085144181434,1.6056548296093027,0.9767644117667437,-1.4520117773223713,0.39365381410038214,0.0,0.0,0.0,1.0,0.0,1
2861,0.10258305902557806,-0.8021956999186778,1.069461722382937,0.9767644117667437,0.6559737935346208,0.09934491422984955,0.0,0.0,0.0,1.0,0.0,0
2862,0.10322420314448792,-0.8744756331385292,-1.3436864743287367,0.9767644117667437,-0.7493499203700406,0.8645480538932343,0.0,0.0,0.0,1.0,0.0,0
2863,0.10386534726339779,-0.030108749422467215,-1.3023205135780822,0.9767644117667437,-0.7493499203700406,0.6879627139709147,0.0,0.0,0.0,1.0,0.0,1
2864,0.10450649138230765,1.3832409702372142,0.32340899252563393,0.9767644117667437,-1.4520117773223713,-0.7247200054076417,0.0,0.0,0.0,1.0,0.0,1
2865,0.1051476355012175,-0.39643868647085034,-0.5349333360842459,0.9767644117667437,0.6559737935346208,-0.07724042569247,1.0,0.0,0.0,0.0,0.0,1
2866,0.10578877962012737,0.9033745234738931,-1.6009915561838381,-1.023788323932921,-1.4520117773223713,-0.9013053453299612,0.0,0.0,1.0,0.0,0.0,1
2867,0.10642992373903723,-1.3817818043546435,0.14171418784512116,0.9767644117667437,-0.7493499203700406,-0.6069964454594287,0.0,0.0,0.0,1.0,0.0,0
2868,0.1070710678579471,-0.054459492614842724,-0.387204360800602,-1.023788323932921,-0.04668806341770988,0.8056862739191277,0.0,0.0,0.0,0.0,1.0,0
2869,0.10771221197685696,1.7502291462038355,-1.3734252836751697,-1.023788323932921,-0.04668806341770988,0.3347920341262756,0.0,0.0,0.0,0.0,1.0,0
2870,0.10835335609576682,0.9758661412781638,1.0368347660860422,-1.023788323932921,1.3586356504869515,-1.4899231450710264,0.0,0.0,1.0,0.0,0.0,0
2871,0.10899450021467669,-0.9838008277472008,1.4259888777474792,0.9767644117667437,-0.04668806341770988,0.5702391540227016,0.0,1.0,0.0,0.0,0.0,0
2872,0.10963564433358655,0.03438649912260777,0.8809533329801076,-1.023788323932921,0.6559737935346208,0.39365381410038214,0.0,1.0,0.0,0.0,0.0,0
2873,0.11027678845249642,-0.9029645093070438,1.1073425543813953,0.9767644117667437,1.3586356504869515,0.15820669420395606,0.0,1.0,0.0,0.0,0.0,0
2874,0.11091793257140628,-0.2871928483364172,-0.9765067488288122,0.9767644117667437,0.6559737935346208,-0.7247200054076417,0.0,0.0,0.0,0.0,1.0,1
2875,0.11155907669031613,1.0096276452800672,-0.8145865432254595,-1.023788323932921,-0.04668806341770988,-0.6658582254335351,0.0,1.0,0.0,0.0,0.0,0
2876,0.112200220809226,0.9786206630500641,-1.0038922561817787,-1.023788323932921,-0.04668806341770988,1.2177187337378734,1.0,0.0,0.0,0.0,0.0,0
2877,0.11284136492813586,-0.9222997051922573,0.9100806338114217,-1.023788323932921,-0.7493499203700406,0.09934491422984955,0.0,0.0,0.0,1.0,0.0,0
2878,0.11348250904704572,1.5071112075918434,1.5389294284735588,-1.023788323932921,0.6559737935346208,0.6879627139709147,0.0,0.0,0.0,0.0,1.0,0
2879,0.11412365316595559,0.3533274368371044,0.7442266646184206,0.9767644117667437,-1.4520117773223713,-0.4892728855112156,0.0,0.0,1.0,0.0,0.0,1
2880,0.11476479728486545,-0.3909202480106693,1.310401310746965,-1.023788323932921,-0.7493499203700406,0.6291009339968082,0.0,0.0,1.0,0.0,0.0,0
2881,0.11540594140377532,0.03611586011875293,0.4755032450542422,-1.023788323932921,0.6559737935346208,1.629751193556619,0.0,0.0,0.0,1.0,0.0,0
2882,0.11604708552268518,0.397087835139236,-0.38784127589288975,-1.023788323932921,1.3586356504869515,-1.7253702649674525,0.0,0.0,0.0,0.0,1.0,0
2883,0.11668822964159505,0.23895657089512465,-0.2568063336008583,-1.023788323932921,0.6559737935346208,1.3943040736601928,0.0,1.0,0.0,0.0,0.0,0
2884,0.1173293737605049,-0.018240614665375073,-1.4619990626578556,-1.023788323932921,1.3586356504869515,-0.31268754558889605,0.0,1.0,0.0,0.0,0.0,0
2885,0.11797051787941476,0.046606058023995124,-1.6128517958874986,0.9767644117667437,1.3586356504869515,-0.6069964454594287,1.0,0.0,0.0,0.0,0.0,1
2886,0.11861166199832462,-1.1032078983459932,0.6707623493533895,0.9767644117667437,-0.04668806341770988,1.629751193556619,1.0,0.0,0.0,0.0,0.0,0
2887,0.11925280611723449,1.123897815802596,-0.21324252161314913,0.9767644117667437,-1.4520117773223713,0.2759302541521691,0.0,1.0,0.0,0.0,0.0,1
2888,0.11989395023614435,0.1755013353765929,0.1780775346474824,-1.023788323932921,0.6559737935346208,0.8645480538932343,0.0,0.0,1.0,0.0,0.0,0
2889,0.12053509435505422,-1.2618688033247332,0.19680739594502716,-1.023788323932921,-1.4520117773223713,-1.43106136509692,0.0,0.0,1.0,0.0,0.0,0
2890,0.12117623847396408,0.9608838065507038,-0.7671173594942492,0.9767644117667437,1.3586356504869515,-1.43106136509692,1.0,0.0,0.0,0.0,0.0,1
2891,0.12181738259287395,1.5428832330364222,-0.08440204262464718,0.9767644117667437,-0.04668806341770988,1.1588569537637667,0.0,0.0,0.0,1.0,0.0,1
2892,0.12245852671178381,1.5949030411111307,-0.10205240889383274,0.9767644117667437,-1.4520117773223713,0.39365381410038214,0.0,1.0,0.0,0.0,0.0,1
2893,0.12309967083069366,-0.4290928984559866,-0.38520239674406376,0.9767644117667437,-0.7493499203700406,1.0999951737896603,1.0,0.0,0.0,0.0,0.0,1
2894,0.12374081494960353,-1.2463393856983374,1.1013347294845917,-1.023788323932921,1.3586356504869515,1.5708894135825124,1.0,0.0,0.0,0.0,0.0,0
2895,0.12438195906851339,0.09373956096831018,-0.1694454208493682,-1.023788323932921,-0.7493499203700406,1.5708894135825124,0.0,1.0,0.0,0.0,0.0,0
2896,0.12502310318742327,-1.3265155009171083,0.3549476826021374,-1.023788323932921,-1.4520117773223713,-1.6076467050192393,0.0,1.0,0.0,0.0,0.0,0
2897,0.12566424730633313,1.548285230421037,1.3587319608894546,0.9767644117667437,-1.4520117773223713,0.39365381410038214,0.0,0.0,1.0,0.0,0.0,1
2898,0.12630539142524297,-1.0781210892045197,1.2580132773336241,0.9767644117667437,-1.4520117773223713,0.040483134255743035,0.0,0.0,0.0,1.0,0.0,1
2899,0.12694653554415283,-0.8359712066173678,1.3411998046931504,0.9767644117667437,0.6559737935346208,0.2759302541521691,0.0,0.0,0.0,1.0,0.0,0
2900,0.1275876796630627,-0.29742816801618266,-0.7924662074112727,-1.023788323932921,1.3586356504869515,1.4531658536342995,0.0,1.0,0.0,0.0,0.0,0
2901,0.12822882378197256,-0.3795797168780754,-1.6007280219165314,-1.023788323932921,1.3586356504869515,0.8645480538932343,0.0,0.0,0.0,0.0,1.0,0
2902,0.12886996790088243,1.0606532785963658,-0.8232054035609178,0.9767644117667437,1.3586356504869515,-0.9013053453299612,1.0,0.0,0.0,0.0,0.0,1
2903,0.1295111120197923,-0.12354852712925353,-0.7625381099954165,-1.023788323932921,0.6559737935346208,-0.7835817853817482,1.0,0.0,0.0,0.0,0.0,0
2904,0.13015225613870215,-1.122960517275936,1.406329573478003,0.9767644117667437,-1.4520117773223713,-0.9013053453299612,0.0,1.0,0.0,0.0,0.0,1
2905,0.13079340025761202,-0.7854174854849295,0.5117636867100703,0.9767644117667437,-1.4520117773223713,-1.4899231450710264,0.0,0.0,0.0,0.0,1.0,1
2906,0.13143454437652188,0.06123797515651623,-1.4400490237187966,0.9767644117667437,-0.7493499203700406,-0.4892728855112156,0.0,0.0,1.0,0.0,0.0,1
2907,0.13207568849543175,-1.2045600654205912,-1.2554575164756971,-1.023788323932921,0.6559737935346208,0.9234098338673408,0.0,1.0,0.0,0.0,0.0,0
2908,0.1327168326143416,0.42013312904831185,-1.1856526361803914,0.9767644117667437,-0.04668806341770988,-1.1367524652263874,0.0,1.0,0.0,0.0,0.0,1
2909,0.13335797673325148,0.25945511885803335,0.447036766132655,0.9767644117667437,0.6559737935346208,-0.13610220566657652,1.0,0.0,0.0,0.0,0.0,1
2910,0.13399912085216134,0.780793494832095,0.808113878515629,-1.023788323932921,-0.7493499203700406,-0.9601671253040678,0.0,1.0,0.0,0.0,0.0,0
2911,0.1346402649710712,1.561295315680236,1.2353507125554613,0.9767644117667437,-0.7493499203700406,0.5113773740485952,0.0,1.0,0.0,0.0,0.0,0
2912,0.13528140908998107,1.4722208362055385,1.51389109098986,0.9767644117667437,-0.7493499203700406,-1.6076467050192393,0.0,1.0,0.0,0.0,0.0,1
2913,0.13592255320889093,1.5905935913968274,-1.0273570578837148,-1.023788323932921,-1.4520117773223713,1.4531658536342995,1.0,0.0,0.0,0.0,0.0,0
2914,0.1365636973278008,-0.8641469021211737,-0.6557025311547882,0.9767644117667437,-0.04668806341770988,1.27658051371198,0.0,0.0,1.0,0.0,0.0,0
2915,0.13720484144671066,-1.2601697596058075,-0.8945454546224758,0.9767644117667437,-0.7493499203700406,0.6879627139709147,0.0,0.0,1.0,0.0,0.0,0
2916,0.13784598556562053,-0.6626846469222266,-0.48722502992062483,0.9767644117667437,1.3586356504869515,-1.1367524652263874,0.0,1.0,0.0,0.0,0.0,1
2917,0.13848712968453036,1.4121284563580738,1.4245731523878413,-1.023788323932921,-1.4520117773223713,-0.018378645718363482,1.0,0.0,0.0,0.0,0.0,0
2918,0.13912827380344023,1.681515364104221,0.2568239242649664,0.9767644117667437,-0.04668806341770988,0.45251559407448866,0.0,0.0,1.0,0.0,0.0,0
2919,0.1397694179223501,1.2869686787546282,0.8176672091020465,0.9767644117667437,1.3586356504869515,-1.4899231450710264,0.0,0.0,1.0,0.0,0.0,1
2920,0.14041056204125996,-1.3355857073448372,-0.0354751594361766,0.9767644117667437,-0.04668806341770988,1.27658051371198,0.0,0.0,1.0,0.0,0.0,0
2921,0.14105170616016982,1.5953268836102759,-1.6217909410331401,-1.023788323932921,-0.04668806341770988,-0.4892728855112156,1.0,0.0,0.0,0.0,0.0,0
2922,0.14169285027907969,-0.2389033832064475,-1.500262110353337,-1.023788323932921,1.3586356504869515,-1.0190289052781742,1.0,0.0,0.0,0.0,0.0,0
2923,0.14233399439798955,-1.6880589021345767,0.12892603985314108,-1.023788323932921,0.6559737935346208,0.8056862739191277,0.0,1.0,0.0,0.0,0.0,0
2924,0.1429751385168994,-0.17227891774292073,0.7509391625951617,0.9767644117667437,-0.04668806341770988,1.2177187337378734,0.0,0.0,0.0,1.0,0.0,0
2925,0.14361628263580928,-1.5594038521505693,-0.9804962212856867,-1.023788323932921,0.6559737935346208,1.2177187337378734,0.0,0.0,1.0,0.0,0.0,0
2926,0.14425742675471914,0.18291288052905508,0.7616709545133046,0.9767644117667437,-0.04668806341770988,-0.5481346654853221,0.0,0.0,0.0,1.0,0.0,1
2927,0.144898570873629,-0.5357150153983348,1.0669108543506731,-1.023788323932921,1.3586356504869515,1.6886129735307256,1.0,0.0,0.0,0.0,0.0,0
2928,0.14553971499253887,-0.06363560937145764,-0.3044862442061599,-1.023788323932921,-0.04668806341770988,0.39365381410038214,1.0,0.0,0.0,0.0,0.0,0
2929,0.14618085911144874,0.42543448460212024,0.8459616953951605,-1.023788323932921,-0.7493499203700406,-0.31268754558889605,1.0,0.0,0.0,0.0,0.0,0
2930,0.1468220032303586,1.3201349208211213,-0.3315433228409574,-1.023788323932921,-0.7493499203700406,1.27658051371198,0.0,0.0,0.0,1.0,0.0,0
2931,0.14746314734926846,0.5959923792046952,0.6118681470046409,0.9767644117667437,-0.04668806341770988,-0.5481346654853221,1.0,0.0,0.0,0.0,0.0,1
2932,0.14810429146817833,-0.20148573772092743,0.90641325788972,-1.023788323932921,1.3586356504869515,-0.13610220566657652,0.0,1.0,0.0,0.0,0.0,0
2933,0.1487454355870882,1.1473299516769953,1.6902818688360055,0.9767644117667437,1.3586356504869515,0.6291009339968082,1.0,0.0,0.0,0.0,0.0,0
2934,0.14938657970599806,1.448867540134094,-0.5331880433190501,0.9767644117667437,-1.4520117773223713,-1.5487849250451329,0.0,0.0,0.0,0.0,1.0,1
2935,0.1500277238249079,-1.3014881207565934,-0.3074324986463717,0.9767644117667437,1.3586356504869515,-0.07724042569247,0.0,0.0,0.0,1.0,0.0,1
2936,0.15066886794381776,0.1411059113715415,-1.151454626403979,-1.023788323932921,0.6559737935346208,0.9822716138414473,0.0,0.0,0.0,0.0,1.0,0
2937,0.15131001206272762,-0.7248607436160783,-1.0192115872930507,-1.023788323932921,-0.04668806341770988,0.2759302541521691,1.0,0.0,0.0,0.0,0.0,0
2938,0.1519511561816375,-1.5559317811402265,0.6636069886598583,0.9767644117667437,-0.7493499203700406,-0.4304111055371091,0.0,1.0,0.0,0.0,0.0,0
2939,0.15259230030054735,0.6192501089375372,1.4327598290871237,-1.023788323932921,1.3586356504869515,-1.3721995851228133,0.0,0.0,1.0,0.0,0.0,0
2940,0.15323344441945722,1.299028974916779,-0.36395667160578743,0.9767644117667437,-0.7493499203700406,1.512027633608406,1.0,0.0,0.0,0.0,0.0,1
2941,0.15387458853836708,-1.1504899170295735,-1.1025357833501155,-1.023788323932921,-1.4520117773223713,1.27658051371198,0.0,1.0,0.0,0.0,0.0,0
2942,0.15451573265727694,1.1227804613324035,-0.740554965321243,-1.023788323932921,-0.04668806341770988,1.27658051371198,0.0,0.0,0.0,1.0,0.0,0
2943,0.1551568767761868,1.2662165829155254,-0.15607529563631614,0.9767644117667437,1.3586356504869515,0.9234098338673408,0.0,0.0,0.0,0.0,1.0,1
2944,0.15579802089509667,1.4795213634518205,-0.7214652026055463,-1.023788323932921,-0.7493499203700406,0.9234098338673408,0.0,0.0,0.0,0.0,1.0,0
2945,0.15643916501400654,-0.7921542541494381,-0.9177379315734638,0.9767644117667437,1.3586356504869515,-1.2544760251746003,0.0,0.0,0.0,0.0,1.0,1
2946,0.1570803091329164,1.4431658322721899,0.8100757487434261,0.9767644117667437,-1.4520117773223713,1.629751193556619,0.0,0.0,0.0,1.0,0.0,1
2947,0.15772145325182627,-0.5983339703728966,-1.6940563561735165,-1.023788323932921,-0.7493499203700406,-0.4304111055371091,0.0,1.0,0.0,0.0,0.0,0
2948,0.15836259737073613,0.21252296737572313,0.13342262681049447,-1.023788323932921,-0.7493499203700406,-1.6076467050192393,0.0,0.0,0.0,1.0,0.0,0
2949,0.159003741489646,-1.5438699220074947,1.0087939131424,-1.023788323932921,-0.04668806341770988,-1.2544760251746003,0.0,0.0,0.0,0.0,1.0,0
2950,0.15964488560855586,-1.5670620756385882,-0.8054546255021784,0.9767644117667437,-0.04668806341770988,1.3354422936860864,1.0,0.0,0.0,0.0,0.0,0
2951,0.16028602972746572,0.8006414737402885,0.35373363866769164,-1.023788323932921,-0.7493499203700406,-1.5487849250451329,0.0,0.0,1.0,0.0,0.0,0
2952,0.1609271738463756,-0.16497714568162442,0.5793670150750361,-1.023788323932921,-0.04668806341770988,1.0999951737896603,0.0,0.0,0.0,1.0,0.0,0
2953,0.16156831796528545,-0.8236285011052804,0.5316483369114984,-1.023788323932921,-0.7493499203700406,-0.31268754558889605,0.0,0.0,0.0,1.0,0.0,0
2954,0.1622094620841953,-1.0542027396441092,-0.18772197640022445,-1.023788323932921,0.6559737935346208,-1.43106136509692,0.0,1.0,0.0,0.0,0.0,0
2955,0.16285060620310515,0.624173854771789,-0.5291253662930719,0.9767644117667437,1.3586356504869515,1.0411333938155538,0.0,1.0,0.0,0.0,0.0,1
2956,0.16349175032201502,-1.7192392670051841,1.1537762323993168,-1.023788323932921,0.6559737935346208,1.6886129735307256,0.0,0.0,0.0,1.0,0.0,0
2957,0.16413289444092488,1.0999519339285826,0.8873225929743688,0.9767644117667437,0.6559737935346208,-0.7247200054076417,0.0,0.0,0.0,0.0,1.0,1
2958,0.16477403855983475,-1.4432732508710795,-0.6162126164710844,-1.023788323932921,1.3586356504869515,0.8645480538932343,0.0,0.0,1.0,0.0,0.0,0
2959,0.1654151826787446,-1.0504363535953056,-1.3667441708199393,-1.023788323932921,-0.7493499203700406,-1.3721995851228133,0.0,1.0,0.0,0.0,0.0,0
2960,0.16605632679765447,-0.3688280590483731,-1.4740836092832406,-1.023788323932921,-0.7493499203700406,0.2759302541521691,0.0,0.0,0.0,0.0,1.0,0
2961,0.16669747091656434,-0.023652606867095725,-1.3968128145566343,0.9767644117667437,-0.04668806341770988,0.040483134255743035,1.0,0.0,0.0,0.0,0.0,1
2962,0.1673386150354742,-0.47817166507146397,0.2835001802822382,0.9767644117667437,-1.4520117773223713,0.45251559407448866,0.0,1.0,0.0,0.0,0.0,1
2963,0.16797975915438407,-0.5981610358847859,-1.5433651990670627,-1.023788323932921,-0.7493499203700406,1.512027633608406,0.0,0.0,0.0,0.0,1.0,0
2964,0.16862090327329393,1.6530344723548724,-0.5623163406180902,0.9767644117667437,1.3586356504869515,0.09934491422984955,0.0,0.0,0.0,0.0,1.0,1
2965,0.1692620473922038,0.5248663132390626,0.869280288481384,0.9767644117667437,-1.4520117773223713,0.2759302541521691,0.0,0.0,1.0,0.0,0.0,1
2966,0.16990319151111366,-1.638629970284866,-0.708748035266766,-1.023788323932921,1.3586356504869515,-0.13610220566657652,0.0,0.0,1.0,0.0,0.0,0
2967,0.17054433563002352,-0.21504098971653524,0.9040438258046287,-1.023788323932921,1.3586356504869515,0.8056862739191277,1.0,0.0,0.0,0.0,0.0,0
2968,0.1711854797489334,1.3418613612625583,0.8426870194028937,-1.023788323932921,1.3586356504869515,-1.4899231450710264,0.0,0.0,0.0,0.0,1.0,0
2969,0.17182662386784325,-0.6655564233158482,-0.8756158778185829,-1.023788323932921,-1.4520117773223713,-0.018378645718363482,0.0,0.0,0.0,0.0,1.0,0
2970,0.17246776798675312,-1.3897000929396357,0.785443977759111,-1.023788323932921,0.6559737935346208,-0.4892728855112156,0.0,0.0,1.0,0.0,0.0,0
2971,0.17310891210566298,0.9336808685588475,0.8506299247611688,-1.023788323932921,1.3586356504869515,-0.7835817853817482,0.0,1.0,0.0,0.0,0.0,0
2972,0.17375005622457285,0.4003868335690877,-0.3541588147219803,0.9767644117667437,-0.04668806341770988,-1.1956142452004939,0.0,1.0,0.0,0.0,0.0,1
2973,0.17439120034348268,0.27543319587329,-0.9973822673579334,-1.023788323932921,-0.7493499203700406,-1.3721995851228133,0.0,0.0,0.0,1.0,0.0,0
2974,0.17503234446239255,-1.533128196975497,0.07165766502701745,-1.023788323932921,-0.7493499203700406,-1.5487849250451329,0.0,0.0,1.0,0.0,0.0,0
2975,0.1756734885813024,-1.2289020479648969,1.4477267090812558,-1.023788323932921,-0.7493499203700406,0.6879627139709147,0.0,0.0,0.0,1.0,0.0,0
2976,0.17631463270021228,0.4582608469089346,0.47865907636648464,-1.023788323932921,-1.4520117773223713,-0.19496398564068304,0.0,0.0,1.0,0.0,0.0,0
2977,0.17695577681912214,-0.9932670166767413,-1.1263409383153644,0.9767644117667437,-0.04668806341770988,-1.3721995851228133,1.0,0.0,0.0,0.0,0.0,1
2978,0.177596920938032,0.043586546915589955,0.627021760354167,0.9767644117667437,-0.04668806341770988,-0.4304111055371091,0.0,0.0,0.0,0.0,1.0,1
2979,0.17823806505694187,0.18642602954552756,-0.25184919748724216,0.9767644117667437,-0.04668806341770988,-1.1367524652263874,1.0,0.0,0.0,0.0,0.0,1
2980,0.17887920917585173,-0.7283774087158056,0.31328069637345296,-1.023788323932921,-0.04668806341770988,1.3354422936860864,0.0,0.0,1.0,0.0,0.0,0
2981,0.1795203532947616,1.5988169069581926,0.8034711497547339,-1.023788323932921,-0.04668806341770988,-1.3133378051487068,0.0,0.0,0.0,0.0,1.0,0
2982,0.18016149741367146,1.227956194643208,0.049910779771726546,0.9767644117667437,0.6559737935346208,-1.3133378051487068,0.0,1.0,0.0,0.0,0.0,1
2983,0.18080264153258133,0.8076424500493642,1.0783224219267489,0.9767644117667437,-0.04668806341770988,0.39365381410038214,0.0,1.0,0.0,0.0,0.0,0
2984,0.1814437856514912,-1.447668304835925,0.7625169871396056,-1.023788323932921,-0.04668806341770988,-1.4899231450710264,0.0,0.0,0.0,1.0,0.0,0
2985,0.18208492977040105,-1.3491925551751909,0.39425232297993723,-1.023788323932921,-1.4520117773223713,-1.3721995851228133,0.0,0.0,1.0,0.0,0.0,0
2986,0.18272607388931092,0.004076293475415516,-1.2024467415520177,-1.023788323932921,-1.4520117773223713,-0.4892728855112156,0.0,0.0,1.0,0.0,0.0,1
2987,0.18336721800822078,-1.1581524244123174,1.1538623397492629,-1.023788323932921,-0.04668806341770988,0.3347920341262756,0.0,1.0,0.0,0.0,0.0,0
2988,0.18400836212713065,1.7032571518526656,1.497620909982908,-1.023788323932921,0.6559737935346208,-1.666508484993346,1.0,0.0,0.0,0.0,0.0,0
2989,0.1846495062460405,-1.1658282662587867,-1.2500013163568784,0.9767644117667437,-0.04668806341770988,-0.3715493255630026,0.0,0.0,0.0,0.0,1.0,1
2990,0.18529065036495038,-0.014520844588687975,-0.041934123455014335,-1.023788323932921,-0.04668806341770988,1.2177187337378734,1.0,0.0,0.0,0.0,0.0,0
2991,0.1859317944838602,-0.44623112624742955,-0.830695924635779,0.9767644117667437,-0.04668806341770988,-1.666508484993346,1.0,0.0,0.0,0.0,0.0,1
2992,0.18657293860277008,0.5171899652066106,0.8738322771426853,-1.023788323932921,1.3586356504869515,1.0411333938155538,0.0,1.0,0.0,0.0,0.0,0
2993,0.18721408272167994,-1.2690208311303415,0.7607082246557085,0.9767644117667437,0.6559737935346208,-1.0778906852522807,0.0,1.0,0.0,0.0,0.0,0
2994,0.1878552268405898,-0.21454917504620336,-1.2365201237688532,0.9767644117667437,-0.7493499203700406,0.9822716138414473,0.0,1.0,0.0,0.0,0.0,1
2995,0.18849637095949967,-0.7591847141058442,1.2951335255665462,0.9767644117667437,-0.04668806341770988,0.6879627139709147,0.0,0.0,0.0,1.0,0.0,0
2996,0.18913751507840953,1.3864608927631812,-1.0986543757921718,-1.023788323932921,-0.7493499203700406,1.4531658536342995,1.0,0.0,0.0,0.0,0.0,0
2997,0.1897786591973194,-1.5785958004594605,1.0208039413701413,-1.023788323932921,0.6559737935346208,-0.25382576561478953,0.0,0.0,1.0,0.0,0.0,0
2998,0.19041980331622926,1.4773760602536608,-0.14944249243595892,-1.023788323932921,-0.04668806341770988,0.45251559407448866,0.0,0.0,0.0,0.0,1.0,0
2999,0.19106094743513913,1.1948115700309778,-0.5920801607975361,0.9767644117667437,-0.7493499203700406,1.512027633608406,0.0,0.0,0.0,1.0,0.0,1
3000,0.191702091554049,-0.6791554597381586,-1.1768377959100924,0.9767644117667437,-0.7493499203700406,0.8645480538932343,0.0,0.0,1.0,0.0,0.0,0
3001,0.19234323567295886,1.0418505965524665,-1.1445964191397895,-1.023788323932921,0.6559737935346208,-1.43106136509692,1.0,0.0,0.0,0.0,0.0,0
3002,0.19298437979186872,-1.6113980700992772,0.5552605905965864,0.9767644117667437,-0.04668806341770988,-0.4304111055371091,0.0,1.0,0.0,0.0,0.0,0
3003,0.19362552391077859,1.6633577737821872,0.17193987237284034,0.9767644117667437,1.3586356504869515,-1.666508484993346,1.0,0.0,0.0,0.0,0.0,1
3004,0.19426666802968845,0.12242293802502803,-1.301173840894577,0.9767644117667437,0.6559737935346208,-0.25382576561478953,0.0,0.0,0.0,0.0,1.0,1
3005,0.19490781214859831,-0.6591695354688846,-1.3334584391623172,0.9767644117667437,1.3586356504869515,-0.9601671253040678,0.0,0.0,0.0,1.0,0.0,1
3006,0.19554895626750818,-0.4516135381787341,-1.4723536498847165,-1.023788323932921,-0.04668806341770988,-0.7247200054076417,0.0,0.0,0.0,1.0,0.0,0
3007,0.19619010038641804,-1.488227776636102,0.8368416422602318,0.9767644117667437,-0.7493499203700406,0.45251559407448866,0.0,0.0,0.0,0.0,1.0,0
3008,0.1968312445053279,1.742051019208903,0.7271855925533645,-1.023788323932921,0.6559737935346208,1.5708894135825124,0.0,0.0,1.0,0.0,0.0,0
3009,0.19747238862423777,-1.5831239487848745,-1.5200866852024393,0.9767644117667437,0.6559737935346208,0.09934491422984955,0.0,0.0,1.0,0.0,0.0,1
3010,0.1981135327431476,0.5715119878373202,0.20577937079536382,0.9767644117667437,0.6559737935346208,1.2177187337378734,0.0,0.0,0.0,1.0,0.0,0
3011,0.19875467686205747,-0.17108127294196057,-1.4298273974572835,-1.023788323932921,-1.4520117773223713,1.6886129735307256,0.0,0.0,0.0,1.0,0.0,0
3012,0.19939582098096734,1.6005356125142842,1.3870206513259569,0.9767644117667437,-0.04668806341770988,1.629751193556619,0.0,1.0,0.0,0.0,0.0,0
3013,0.2000369650998772,-0.8596524364802705,1.3986160292044234,-1.023788323932921,-1.4520117773223713,-0.9601671253040678,0.0,0.0,1.0,0.0,0.0,0
3014,0.20067810921878707,0.1416443694248216,0.6802452262287365,-1.023788323932921,0.6559737935346208,-0.018378645718363482,0.0,0.0,0.0,0.0,1.0,0
3015,0.20131925333769693,-0.03241139596968952,1.4642045004633668,-1.023788323932921,0.6559737935346208,-1.0190289052781742,0.0,0.0,1.0,0.0,0.0,0
3016,0.2019603974566068,0.7393682720961902,1.069618295947895,-1.023788323932921,1.3586356504869515,0.5702391540227016,0.0,1.0,0.0,0.0,0.0,0
3017,0.20260154157551666,-1.4826107467183867,1.128376897950463,-1.023788323932921,-1.4520117773223713,0.040483134255743035,0.0,0.0,0.0,1.0,0.0,0
3018,0.20324268569442652,-1.0423881148884375,0.23823665833074753,-1.023788323932921,-0.7493499203700406,0.39365381410038214,0.0,0.0,0.0,1.0,0.0,0
3019,0.2038838298133364,-0.9696737796482094,-0.668472830111121,-1.023788323932921,-0.04668806341770988,0.8645480538932343,0.0,1.0,0.0,0.0,0.0,0
3020,0.20452497393224625,0.8628623748209486,-0.9720065447073094,0.9767644117667437,-0.7493499203700406,0.45251559407448866,0.0,0.0,0.0,0.0,1.0,1
3021,0.20516611805115612,-1.0586645029986268,-0.5957677911039488,-1.023788323932921,-0.7493499203700406,-0.4892728855112156,0.0,0.0,0.0,1.0,0.0,0
3022,0.20580726217006598,0.2865605033424193,0.4404119991741514,0.9767644117667437,-0.04668806341770988,1.6886129735307256,1.0,0.0,0.0,0.0,0.0,0
3023,0.20644840628897584,-0.9672972971757638,-1.12725560289192,0.9767644117667437,0.6559737935346208,-0.13610220566657652,0.0,0.0,0.0,1.0,0.0,1
3024,0.2070895504078857,1.2950186110919208,-0.8315505549990057,0.9767644117667437,1.3586356504869515,1.629751193556619,1.0,0.0,0.0,0.0,0.0,1
3025,0.20773069452679557,1.576978127472859,-0.11133572697764275,-1.023788323932921,0.6559737935346208,1.6886129735307256,0.0,1.0,0.0,0.0,0.0,0
3026,0.20837183864570544,0.0940662774443826,-0.919557153288746,-1.023788323932921,0.6559737935346208,-0.6658582254335351,0.0,1.0,0.0,0.0,0.0,0
3027,0.2090129827646153,-0.48757340069556604,0.3033585041582638,0.9767644117667437,-1.4520117773223713,0.7468244939450213,0.0,0.0,0.0,1.0,0.0,1
3028,0.20965412688352517,-0.9014489816043261,1.4538429126795258,-1.023788323932921,-0.7493499203700406,1.6886129735307256,0.0,0.0,1.0,0.0,0.0,0
3029,0.210295271002435,-1.5464125443087033,0.851705420222555,0.9767644117667437,-0.7493499203700406,-0.8424435653558547,1.0,0.0,0.0,0.0,0.0,0
3030,0.21093641512134487,-0.7809018890134308,0.5708604736414313,0.9767644117667437,-0.7493499203700406,-1.4899231450710264,0.0,0.0,0.0,0.0,1.0,0
3031,0.21157755924025473,0.5691623053705749,0.28299159083815756,0.9767644117667437,1.3586356504869515,0.8056862739191277,0.0,0.0,0.0,1.0,0.0,0
3032,0.2122187033591646,0.1469997025074185,-0.0429425318566495,-1.023788323932921,1.3586356504869515,1.0999951737896603,0.0,0.0,0.0,0.0,1.0,0
3033,0.21285984747807446,1.5834734589326176,-1.079427167822115,0.9767644117667437,1.3586356504869515,-1.666508484993346,0.0,0.0,0.0,1.0,0.0,1
3034,0.21350099159698432,-0.33368530418902176,1.3559474562479148,-1.023788323932921,-0.04668806341770988,-1.1956142452004939,0.0,0.0,1.0,0.0,0.0,0
3035,0.2141421357158942,0.7078576674133017,-0.8662998523144756,0.9767644117667437,1.3586356504869515,0.9822716138414473,0.0,0.0,1.0,0.0,0.0,1
3036,0.21478327983480405,-0.008028704333970828,-1.4070169175929585,-1.023788323932921,-1.4520117773223713,-0.6658582254335351,0.0,0.0,1.0,0.0,0.0,1
3037,0.21542442395371392,0.07335778606174012,0.8583284519771796,0.9767644117667437,-1.4520117773223713,-0.6069964454594287,0.0,0.0,1.0,0.0,0.0,1
3038,0.21606556807262378,-0.7834420343288853,-1.1170793626905562,-1.023788323932921,0.6559737935346208,-0.07724042569247,0.0,1.0,0.0,0.0,0.0,0
3039,0.21670671219153365,-0.1283296419742506,-0.4420546333287505,0.9767644117667437,0.6559737935346208,-0.31268754558889605,0.0,1.0,0.0,0.0,0.0,1
3040,0.2173478563104435,-0.07291031342684491,-1.6237614839224357,-1.023788323932921,0.6559737935346208,-0.7835817853817482,1.0,0.0,0.0,0.0,0.0,0
3041,0.21798900042935337,0.7525844386238776,-1.2496477142493236,-1.023788323932921,0.6559737935346208,1.2177187337378734,0.0,0.0,0.0,0.0,1.0,0
3042,0.21863014454826324,1.5715690770555992,-1.1253740982552531,-1.023788323932921,-1.4520117773223713,1.2177187337378734,0.0,0.0,0.0,1.0,0.0,0
3043,0.2192712886671731,-0.5680293824849851,-1.5339147654749337,0.9767644117667437,0.6559737935346208,-1.0190289052781742,0.0,0.0,0.0,1.0,0.0,1
3044,0.21991243278608297,-1.5729441979761314,0.5372618145979272,0.9767644117667437,-1.4520117773223713,0.8645480538932343,0.0,1.0,0.0,0.0,0.0,0
3045,0.22055357690499283,0.01637442410475922,1.1575032445210782,0.9767644117667437,1.3586356504869515,-0.8424435653558547,0.0,0.0,0.0,1.0,0.0,1
3046,0.2211947210239027,0.1849548026999232,-0.4371731760389682,-1.023788323932921,1.3586356504869515,1.3943040736601928,0.0,1.0,0.0,0.0,0.0,0
3047,0.22183586514281256,-1.1311074333423599,1.286705040736767,-1.023788323932921,-0.04668806341770988,1.3354422936860864,1.0,0.0,0.0,0.0,0.0,0
3048,0.2224770092617224,0.9409602318968164,-0.9873191993862644,0.9767644117667437,0.6559737935346208,0.2759302541521691,0.0,0.0,0.0,0.0,1.0,1
3049,0.22311815338063226,1.7265797230131654,-0.6019911497114856,0.9767644117667437,1.3586356504869515,0.3347920341262756,1.0,0.0,0.0,0.0,0.0,1
3050,0.22375929749954213,1.5895404460859033,-1.2026387207753222,-1.023788323932921,1.3586356504869515,1.6886129735307256,0.0,0.0,1.0,0.0,0.0,0
3051,0.224400441618452,-1.0307790266868275,0.413118632742706,0.9767644117667437,-0.7493499203700406,0.5113773740485952,0.0,0.0,1.0,0.0,0.0,0
3052,0.22504158573736185,1.3431022419134897,-0.27706949092646443,-1.023788323932921,-0.7493499203700406,-1.6076467050192393,0.0,0.0,1.0,0.0,0.0,0
3053,0.22568272985627172,0.745063399934771,0.38809638862187884,-1.023788323932921,-1.4520117773223713,-1.2544760251746003,1.0,0.0,0.0,0.0,0.0,0
3054,0.22632387397518158,-0.13219435677031524,0.8984272131599107,-1.023788323932921,-0.04668806341770988,0.5702391540227016,0.0,0.0,0.0,1.0,0.0,0
3055,0.22696501809409145,0.17147872780575993,0.1556820499576433,0.9767644117667437,-0.7493499203700406,1.1588569537637667,0.0,0.0,0.0,0.0,1.0,0
3056,0.2276061622130013,1.2529322339369144,0.4374369341642812,-1.023788323932921,-0.04668806341770988,1.3354422936860864,0.0,0.0,1.0,0.0,0.0,0
3057,0.22824730633191118,-0.04018577526299169,1.4953673791556832,0.9767644117667437,1.3586356504869515,0.9234098338673408,0.0,0.0,1.0,0.0,0.0,0
3058,0.22888845045082104,-0.414429286990861,-0.6925288296932943,-1.023788323932921,-1.4520117773223713,1.27658051371198,0.0,0.0,1.0,0.0,0.0,0
3059,0.2295295945697309,0.005707795525409565,-0.48584124224533615,0.9767644117667437,-0.04668806341770988,-0.07724042569247,0.0,0.0,0.0,0.0,1.0,1
3060,0.23017073868864077,0.3062934864473173,0.747205443108946,0.9767644117667437,-0.7493499203700406,-1.4899231450710264,0.0,0.0,1.0,0.0,0.0,1
3061,0.23081188280755063,-1.0588781502138473,0.3812944686501921,-1.023788323932921,1.3586356504869515,-1.6076467050192393,0.0,0.0,0.0,0.0,1.0,0
3062,0.2314530269264605,1.4325072450598415,-1.1070462856170606,-1.023788323932921,0.6559737935346208,-1.1956142452004939,0.0,0.0,1.0,0.0,0.0,0
3063,0.23209417104537036,0.6389908394810846,-0.4274340255371839,-1.023788323932921,1.3586356504869515,0.040483134255743035,1.0,0.0,0.0,0.0,0.0,0
3064,0.23273531516428023,0.49577887158321554,-0.1121021253990297,-1.023788323932921,-0.7493499203700406,-1.1367524652263874,1.0,0.0,0.0,0.0,0.0,0
3065,0.2333764592831901,-1.3724106459263479,-0.278719400775776,0.9767644117667437,-0.7493499203700406,-0.7835817853817482,0.0,0.0,0.0,0.0,1.0,1
3066,0.23401760340209993,0.393947256761903,-1.1079338998241002,0.9767644117667437,0.6559737935346208,0.5702391540227016,1.0,0.0,0.0,0.0,0.0,1
3067,0.2346587475210098,-1.2972857189548515,1.4581557400290757,0.9767644117667437,1.3586356504869515,0.6291009339968082,0.0,0.0,0.0,0.0,1.0,0
3068,0.23529989163991966,-1.4452049937334632,0.9006414881467268,0.9767644117667437,-0.04668806341770988,-1.3133378051487068,1.0,0.0,0.0,0.0,0.0,0
3069,0.23594103575882952,0.12492875372160255,-0.06561322956881524,0.9767644117667437,-0.04668806341770988,1.27658051371198,1.0,0.0,0.0,0.0,0.0,1
3070,0.23658217987773938,-0.31090653544118463,0.6177503499065591,-1.023788323932921,1.3586356504869515,-1.666508484993346,0.0,0.0,0.0,0.0,1.0,0
3071,0.23722332399664925,0.3401748476180967,1.364793521931338,-1.023788323932921,-0.04668806341770988,-1.5487849250451329,0.0,0.0,0.0,1.0,0.0,0
3072,0.2378644681155591,-1.4083695625333774,-1.2527215668775227,0.9767644117667437,1.3586356504869515,-0.8424435653558547,1.0,0.0,0.0,0.0,0.0,1
3073,0.23850561223446898,-0.21221597183986993,-0.85998209014563,-1.023788323932921,1.3586356504869515,0.6291009339968082,0.0,0.0,1.0,0.0,0.0,0
3074,0.23914675635337884,-1.1088960368143317,0.1453587192397191,-1.023788323932921,-0.7493499203700406,1.629751193556619,0.0,0.0,0.0,1.0,0.0,0
3075,0.2397879004722887,1.7341780835943317,1.0268269638791119,-1.023788323932921,-1.4520117773223713,0.6291009339968082,0.0,0.0,0.0,0.0,1.0,0
3076,0.24042904459119857,0.24336541779099435,-1.596352108704863,-1.023788323932921,-0.7493499203700406,-0.5481346654853221,0.0,0.0,0.0,1.0,0.0,0
3077,0.24107018871010844,0.6853651619675323,1.6630839938916548,-1.023788323932921,-0.04668806341770988,-1.4899231450710264,0.0,1.0,0.0,0.0,0.0,0
3078,0.2417113328290183,-0.581689762323146,-0.1565743131419486,-1.023788323932921,-1.4520117773223713,1.629751193556619,0.0,1.0,0.0,0.0,0.0,0
3079,0.24235247694792816,-1.3890611030191675,-0.48561012905962797,0.9767644117667437,1.3586356504869515,0.2759302541521691,1.0,0.0,0.0,0.0,0.0,1
3080,0.24299362106683803,1.6948761160928834,-0.7143321722751808,-1.023788323932921,-0.04668806341770988,-0.9601671253040678,1.0,0.0,0.0,0.0,0.0,0
3081,0.2436347651857479,-0.7187460276472806,-1.1214085716022542,-1.023788323932921,0.6559737935346208,-0.9013053453299612,0.0,0.0,1.0,0.0,0.0,0
3082,0.24427590930465776,-0.23732784339391924,1.0012523554805015,0.9767644117667437,-0.04668806341770988,-1.43106136509692,0.0,0.0,0.0,1.0,0.0,1
3083,0.24491705342356762,0.5538609235718385,1.5647125257143486,0.9767644117667437,-1.4520117773223713,-0.8424435653558547,0.0,1.0,0.0,0.0,0.0,1
3084,0.24555819754247749,-1.6342048074664701,-0.29847721608413486,0.9767644117667437,-1.4520117773223713,-0.4304111055371091,1.0,0.0,0.0,0.0,0.0,1
3085,0.24619934166138732,1.1152396766080246,1.5544177351987836,-1.023788323932921,1.3586356504869515,0.040483134255743035,0.0,0.0,0.0,1.0,0.0,0
3086,0.2468404857802972,0.15736402535474214,1.1120723432938726,0.9767644117667437,0.6559737935346208,0.6879627139709147,1.0,0.0,0.0,0.0,0.0,0
3087,0.24748162989920705,-0.7468922722401432,-0.06666113396019938,-1.023788323932921,1.3586356504869515,0.9234098338673408,1.0,0.0,0.0,0.0,0.0,0
3088,0.24812277401811692,-1.5050184312942108,0.596996005195865,0.9767644117667437,0.6559737935346208,-1.0778906852522807,0.0,1.0,0.0,0.0,0.0,0
3089,0.24876391813702678,-1.1519047422546105,-0.22508917354841268,-1.023788323932921,0.6559737935346208,0.6291009339968082,0.0,1.0,0.0,0.0,0.0,0
3090,0.24940506225593664,1.411948859095552,0.20046025393131875,-1.023788323932921,1.3586356504869515,1.4531658536342995,1.0,0.0,0.0,0.0,0.0,0
3091,0.25004620637484654,0.6804209718872505,-1.5214095415107032,0.9767644117667437,-0.04668806341770988,-0.6658582254335351,0.0,0.0,0.0,0.0,1.0,1
3092,0.2506873504937564,-0.8459956107580666,0.6734719031707466,-1.023788323932921,-0.7493499203700406,-1.0778906852522807,1.0,0.0,0.0,0.0,0.0,0
3093,0.25132849461266626,-1.4910438139782294,-1.5393673733614193,-1.023788323932921,0.6559737935346208,0.8645480538932343,1.0,0.0,0.0,0.0,0.0,0
3094,0.2519696387315761,0.696489653293661,1.0889869219145987,-1.023788323932921,-1.4520117773223713,1.4531658536342995,0.0,0.0,1.0,0.0,0.0,0
3095,0.25261078285048594,0.2827664008746865,1.1160249291418864,-1.023788323932921,1.3586356504869515,-1.0190289052781742,0.0,0.0,1.0,0.0,0.0,0
3096,0.2532519269693958,-0.30483761740857773,-0.9057073176301877,0.9767644117667437,-0.04668806341770988,1.0999951737896603,0.0,0.0,1.0,0.0,0.0,1
3097,0.25389307108830567,-0.44801473880056064,-0.6079326550310332,0.9767644117667437,0.6559737935346208,-1.666508484993346,0.0,0.0,0.0,0.0,1.0,1
3098,0.25453421520721553,-0.9618007470202365,-0.06576954807945647,0.9767644117667437,-0.04668806341770988,-0.6069964454594287,0.0,0.0,0.0,0.0,1.0,1
3099,0.2551753593261254,0.622976044200126,0.3309373232012597,-1.023788323932921,1.3586356504869515,1.4531658536342995,1.0,0.0,0.0,0.0,0.0,0
3100,0.25581650344503526,1.6766663388786165,-0.732802714812282,0.9767644117667437,-1.4520117773223713,0.040483134255743035,0.0,0.0,1.0,0.0,0.0,1
3101,0.2564576475639451,-1.1056462049656486,0.3165739868799625,0.9767644117667437,0.6559737935346208,-1.2544760251746003,0.0,0.0,0.0,0.0,1.0,0
3102,0.257098791682855,0.369246840233984,-0.6969213510810466,-1.023788323932921,0.6559737935346208,-0.5481346654853221,0.0,1.0,0.0,0.0,0.0,0
3103,0.25773993580176485,-0.23600880691175427,-1.5301985158053675,0.9767644117667437,-0.04668806341770988,-1.3133378051487068,1.0,0.0,0.0,0.0,0.0,1
3104,0.2583810799206747,-0.15724660415992286,-1.7123432355745976,0.9767644117667437,1.3586356504869515,0.5113773740485952,0.0,0.0,0.0,1.0,0.0,1
3105,0.2590222240395846,-0.8311362745647349,-1.3731688466022416,0.9767644117667437,-0.7493499203700406,0.39365381410038214,1.0,0.0,0.0,0.0,0.0,0
3106,0.25966336815849445,1.1673043693205358,1.003579896425903,-1.023788323932921,0.6559737935346208,-0.07724042569247,0.0,0.0,0.0,1.0,0.0,0
3107,0.2603045122774043,-0.022263592437532755,1.5854059933552185,0.9767644117667437,-1.4520117773223713,-0.6658582254335351,0.0,0.0,1.0,0.0,0.0,1
3108,0.2609456563963142,0.1812606523380002,-0.2526636685394154,0.9767644117667437,0.6559737935346208,0.2759302541521691,0.0,0.0,0.0,1.0,0.0,1
3109,0.26158680051522404,-0.6539899732218752,0.042126766908837425,0.9767644117667437,0.6559737935346208,0.8645480538932343,0.0,0.0,1.0,0.0,0.0,0
3110,0.2622279446341339,-1.0843201056669982,-1.2160127075182312,-1.023788323932921,-0.7493499203700406,0.45251559407448866,0.0,1.0,0.0,0.0,0.0,0
3111,0.26286908875304377,-1.419960699567597,0.17400663971945288,-1.023788323932921,-0.7493499203700406,-0.25382576561478953,0.0,0.0,0.0,1.0,0.0,0
3112,0.26351023287195363,0.7787523970121346,-1.2235555340871616,0.9767644117667437,1.3586356504869515,-1.1367524652263874,1.0,0.0,0.0,0.0,0.0,1
3113,0.2641513769908635,-1.0338301523249331,0.3809808729590573,0.9767644117667437,0.6559737935346208,0.3347920341262756,0.0,0.0,1.0,0.0,0.0,0
3114,0.26479252110977336,0.6945998146754484,1.4885179412871992,0.9767644117667437,0.6559737935346208,0.2759302541521691,1.0,0.0,0.0,0.0,0.0,1
3115,0.2654336652286832,-0.35433799701025204,-1.0480122500698188,-1.023788323932921,-0.04668806341770988,-1.5487849250451329,0.0,0.0,0.0,0.0,1.0,0
3116,0.2660748093475931,-0.26544446376654424,0.908362078475606,-1.023788323932921,-0.04668806341770988,-1.6076467050192393,0.0,0.0,1.0,0.0,0.0,0
3117,0.26671595346650295,-0.07853652176939185,-1.6402089151983736,0.9767644117667437,-1.4520117773223713,0.8645480538932343,0.0,0.0,0.0,1.0,0.0,1
3118,0.2673570975854128,-0.43367514689856757,-0.42966966544307567,0.9767644117667437,-1.4520117773223713,0.9822716138414473,0.0,0.0,1.0,0.0,0.0,1
3119,0.2679982417043227,-1.36847754865171,-1.3401624237647274,-1.023788323932921,-0.04668806341770988,-1.0778906852522807,1.0,0.0,0.0,0.0,0.0,0
3120,0.26863938582323255,-0.6369419689852832,-0.5088435359185944,-1.023788323932921,-1.4520117773223713,0.09934491422984955,0.0,1.0,0.0,0.0,0.0,0
3121,0.2692805299421424,0.602407072815181,-1.1242278902763476,0.9767644117667437,0.6559737935346208,0.9822716138414473,0.0,0.0,1.0,0.0,0.0,1
3122,0.2699216740610523,0.609582158295661,-0.4372089983590379,-1.023788323932921,-0.7493499203700406,-0.25382576561478953,0.0,0.0,0.0,1.0,0.0,0
3123,0.27056281817996214,-0.7188675751789223,-0.28514027753107485,0.9767644117667437,0.6559737935346208,0.7468244939450213,0.0,0.0,0.0,0.0,1.0,0
3124,0.271203962298872,-0.11029831179552951,-0.6872779931051326,0.9767644117667437,-0.04668806341770988,0.7468244939450213,0.0,1.0,0.0,0.0,0.0,1
3125,0.27184510641778187,-1.0435847623833874,0.5371414221190448,-1.023788323932921,1.3586356504869515,-1.0190289052781742,0.0,0.0,0.0,0.0,1.0,0
3126,0.27248625053669173,-0.9843482475684487,1.4389723980089384,0.9767644117667437,1.3586356504869515,0.8056862739191277,0.0,0.0,1.0,0.0,0.0,0
3127,0.2731273946556016,-1.6399804938752007,-0.3433551141114185,0.9767644117667437,-0.04668806341770988,0.45251559407448866,1.0,0.0,0.0,0.0,0.0,0
3128,0.27376853877451146,1.4179432299717678,-1.0595516887142342,0.9767644117667437,0.6559737935346208,-0.07724042569247,1.0,0.0,0.0,0.0,0.0,1
3129,0.2744096828934213,-0.9831772145014007,-0.7899977655432779,0.9767644117667437,-1.4520117773223713,1.4531658536342995,0.0,0.0,0.0,1.0,0.0,1
3130,0.2750508270123312,-0.9242824427577564,1.2159436700998636,0.9767644117667437,-1.4520117773223713,1.27658051371198,1.0,0.0,0.0,0.0,0.0,0
3131,0.27569197113124105,-0.7420474513675804,0.24488052808736652,0.9767644117667437,1.3586356504869515,1.2177187337378734,0.0,1.0,0.0,0.0,0.0,0
3132,0.27633311525015086,-1.2747199658504056,-0.15621517172675142,0.9767644117667437,-0.04668806341770988,-0.6658582254335351,1.0,0.0,0.0,0.0,0.0,1
3133,0.2769742593690607,0.5167575847009036,-1.2064226454044544,-1.023788323932921,-0.04668806341770988,1.6886129735307256,0.0,0.0,0.0,1.0,0.0,0
3134,0.2776154034879706,-1.4576464215572527,-0.17438633485268612,-1.023788323932921,-0.7493499203700406,0.2759302541521691,0.0,0.0,1.0,0.0,0.0,0
3135,0.27825654760688046,-1.2509399143228168,-0.7632786898226732,0.9767644117667437,1.3586356504869515,1.0411333938155538,0.0,0.0,1.0,0.0,0.0,0
3136,0.2788976917257903,0.5359858832576997,1.5225801981081344,-1.023788323932921,-0.04668806341770988,0.6291009339968082,1.0,0.0,0.0,0.0,0.0,0
3137,0.2795388358447002,-0.5318419706361522,1.3193544275998674,0.9767644117667437,-0.7493499203700406,1.6886129735307256,0.0,0.0,0.0,0.0,1.0,0
3138,0.28017997996361005,0.7571529695160654,-1.432487917877333,0.9767644117667437,-1.4520117773223713,-0.19496398564068304,0.0,0.0,1.0,0.0,0.0,1
3139,0.2808211240825199,0.2303263846187105,0.05577832838158953,-1.023788323932921,1.3586356504869515,0.9234098338673408,1.0,0.0,0.0,0.0,0.0,0
3140,0.2814622682014298,-0.824577701610986,-0.9470414518759309,0.9767644117667437,1.3586356504869515,0.040483134255743035,0.0,0.0,0.0,1.0,0.0,1
3141,0.28210341232033964,0.5572349974123083,-0.3083393539449239,0.9767644117667437,-0.04668806341770988,-1.6076467050192393,1.0,0.0,0.0,0.0,0.0,1
3142,0.2827445564392495,-1.3136900249161978,1.2945169908795633,-1.023788323932921,-0.04668806341770988,0.2759302541521691,0.0,0.0,1.0,0.0,0.0,0
3143,0.28338570055815937,0.1567767057194094,0.09313030964951907,-1.023788323932921,0.6559737935346208,-0.3715493255630026,0.0,0.0,0.0,1.0,0.0,0
3144,0.28402684467706923,-0.19063849625952897,-0.5716416936489529,-1.023788323932921,-1.4520117773223713,1.27658051371198,1.0,0.0,0.0,0.0,0.0,0
3145,0.2846679887959791,-0.783094598353563,-1.006090470289758,-1.023788323932921,-1.4520117773223713,-1.3721995851228133,0.0,1.0,0.0,0.0,0.0,0
3146,0.28530913291488896,0.39335596996245764,1.0313475968521355,-1.023788323932921,-0.7493499203700406,1.2177187337378734,0.0,0.0,0.0,1.0,0.0,0
3147,0.2859502770337988,1.3289985879490518,0.4267333414674983,-1.023788323932921,-0.7493499203700406,1.512027633608406,0.0,1.0,0.0,0.0,0.0,0
3148,0.2865914211527087,1.7754939024767058,-0.11131991534574788,0.9767644117667437,0.6559737935346208,0.2759302541521691,0.0,0.0,0.0,0.0,1.0,1
3149,0.28723256527161856,0.40650806356904123,-0.9730890346519504,-1.023788323932921,-1.4520117773223713,-0.5481346654853221,0.0,0.0,0.0,1.0,0.0,1
3150,0.2878737093905284,-0.3041853980627066,-0.5715348042578651,-1.023788323932921,-0.7493499203700406,-1.7253702649674525,0.0,1.0,0.0,0.0,0.0,0
3151,0.2885148535094383,-0.9324260963211434,1.579945123489721,0.9767644117667437,-1.4520117773223713,0.8056862739191277,0.0,0.0,1.0,0.0,0.0,0
3152,0.28915599762834815,-0.8208155244522473,0.06759655803216508,0.9767644117667437,-1.4520117773223713,1.3354422936860864,0.0,0.0,1.0,0.0,0.0,0
3153,0.289797141747258,-0.042565621490369084,-0.3429977688829004,-1.023788323932921,-0.7493499203700406,-1.43106136509692,0.0,0.0,0.0,0.0,1.0,0
3154,0.2904382858661679,-0.43518295883548425,0.07217777625130119,0.9767644117667437,-0.04668806341770988,0.5113773740485952,0.0,0.0,0.0,1.0,0.0,0
3155,0.29107942998507774,1.4776806579887467,0.957970115113747,0.9767644117667437,-0.04668806341770988,0.21706847417806258,0.0,0.0,0.0,1.0,0.0,1
3156,0.2917205741039876,-0.4316208049363623,-0.5513729682006498,0.9767644117667437,-0.7493499203700406,-0.7247200054076417,0.0,0.0,0.0,1.0,0.0,1
3157,0.29236171822289747,-0.41359901647240027,-1.1064505801371025,0.9767644117667437,0.6559737935346208,-0.31268754558889605,0.0,0.0,0.0,0.0,1.0,1
3158,0.29300286234180734,-0.3782845736467547,0.29060792879058256,0.9767644117667437,1.3586356504869515,-0.9013053453299612,0.0,0.0,0.0,1.0,0.0,1
3159,0.2936440064607172,1.2075027201518251,0.5666561584956441,0.9767644117667437,-1.4520117773223713,0.9822716138414473,0.0,0.0,1.0,0.0,0.0,1
3160,0.29428515057962706,0.5570962947701723,0.7300603826572037,0.9767644117667437,1.3586356504869515,0.09934491422984955,0.0,1.0,0.0,0.0,0.0,1
3161,0.29492629469853693,0.4289291702421136,1.3121924739824549,-1.023788323932921,-0.7493499203700406,0.6879627139709147,0.0,0.0,1.0,0.0,0.0,0
3162,0.2955674388174468,-0.5511534099407565,-0.44453723431619196,0.9767644117667437,-1.4520117773223713,1.0999951737896603,0.0,0.0,1.0,0.0,0.0,1
3163,0.29620858293635666,1.1419971252813335,-1.4618839769868264,-1.023788323932921,1.3586356504869515,1.1588569537637667,0.0,1.0,0.0,0.0,0.0,0
3164,0.2968497270552665,-1.5863722161576688,1.5748042345935678,0.9767644117667437,-0.04668806341770988,-0.7247200054076417,0.0,0.0,1.0,0.0,0.0,0
3165,0.2974908711741764,1.327121132916904,-0.22499374496661181,0.9767644117667437,0.6559737935346208,0.040483134255743035,0.0,0.0,0.0,0.0,1.0,1
3166,0.29813201529308625,0.07396567475695288,0.4223983582985846,-1.023788323932921,1.3586356504869515,-0.07724042569247,0.0,1.0,0.0,0.0,0.0,0
3167,0.2987731594119961,-0.3267799559682648,0.5704433438048938,0.9767644117667437,0.6559737935346208,-0.9013053453299612,0.0,0.0,1.0,0.0,0.0,1
3168,0.299414303530906,0.0194269430161243,0.1584700889935145,0.9767644117667437,-0.04668806341770988,1.629751193556619,1.0,0.0,0.0,0.0,0.0,0
3169,0.3000554476498158,0.6152910644861578,-1.015138092556183,-1.023788323932921,1.3586356504869515,-0.4304111055371091,0.0,0.0,1.0,0.0,0.0,0
3170,0.30069659176872565,-1.67596602344854,0.8759636234360262,0.9767644117667437,-0.7493499203700406,0.45251559407448866,0.0,0.0,0.0,0.0,1.0,0
3171,0.3013377358876355,1.3297625062685656,1.043133728007694,0.9767644117667437,-1.4520117773223713,0.6291009339968082,0.0,0.0,0.0,1.0,0.0,1
3172,0.3019788800065454,-0.15706879309467786,0.18069301872773208,-1.023788323932921,-0.04668806341770988,-1.1367524652263874,0.0,0.0,1.0,0.0,0.0,0
3173,0.30262002412545524,-0.5202714156629998,-0.0408335098960571,-1.023788323932921,0.6559737935346208,-0.9013053453299612,0.0,0.0,0.0,1.0,0.0,0
3174,0.3032611682443651,-1.2367890396197323,-1.329192867002534,0.9767644117667437,0.6559737935346208,-0.4304111055371091,1.0,0.0,0.0,0.0,0.0,1
3175,0.303902312363275,-0.1825281183547098,-1.4323189912702807,-1.023788323932921,-0.04668806341770988,-1.6076467050192393,0.0,0.0,1.0,0.0,0.0,0
3176,0.30454345648218484,0.016471183576048466,-0.5532441418739099,0.9767644117667437,-0.7493499203700406,-0.6658582254335351,0.0,1.0,0.0,0.0,0.0,1
3177,0.3051846006010947,-0.30789249791809536,-0.6520100886291124,0.9767644117667437,-0.7493499203700406,-1.7253702649674525,0.0,0.0,0.0,1.0,0.0,1
3178,0.30582574472000457,0.6546467220930504,1.5586676028572635,-1.023788323932921,0.6559737935346208,-0.3715493255630026,1.0,0.0,0.0,0.0,0.0,0
3179,0.30646688883891443,-0.2475185595582958,0.9739076372988734,-1.023788323932921,-0.04668806341770988,1.0999951737896603,0.0,1.0,0.0,0.0,0.0,0
3180,0.3071080329578243,1.6442900223114785,0.5484984619957435,-1.023788323932921,-0.04668806341770988,-1.1367524652263874,0.0,1.0,0.0,0.0,0.0,0
3181,0.30774917707673416,0.3768099222356707,0.059198839081130605,-1.023788323932921,-1.4520117773223713,-0.018378645718363482,0.0,1.0,0.0,0.0,0.0,0
3182,0.308390321195644,1.1055055722228986,-1.1454449282345136,0.9767644117667437,0.6559737935346208,1.1588569537637667,0.0,1.0,0.0,0.0,0.0,1
3183,0.3090314653145539,-1.3379020519318332,1.6439576117224621,-1.023788323932921,-0.7493499203700406,-1.1367524652263874,0.0,0.0,1.0,0.0,0.0,0
3184,0.30967260943346375,-0.33013622590838576,-0.4312397548029194,-1.023788323932921,1.3586356504869515,0.5113773740485952,0.0,0.0,1.0,0.0,0.0,0
3185,0.3103137535523736,-0.5416871087268148,-1.3533097110862276,0.9767644117667437,-0.7493499203700406,-1.7253702649674525,0.0,0.0,1.0,0.0,0.0,1
3186,0.3109548976712835,0.2725278001333716,-0.022820506230996244,0.9767644117667437,-0.7493499203700406,-1.0778906852522807,1.0,0.0,0.0,0.0,0.0,1
3187,0.31159604179019335,1.293228620290777,1.2847156514686635,0.9767644117667437,1.3586356504869515,-1.5487849250451329,1.0,0.0,0.0,0.0,0.0,1
3188,0.3122371859091032,-1.446463084715224,1.330431342423587,0.9767644117667437,0.6559737935346208,-0.31268754558889605,1.0,0.0,0.0,0.0,0.0,0
3189,0.3128783300280131,-1.4666348928261341,-1.6833229972595913,0.9767644117667437,-1.4520117773223713,-1.3133378051487068,0.0,0.0,0.0,0.0,1.0,1
3190,0.31351947414692294,1.2554435800182544,1.3270085713197237,0.9767644117667437,-0.7493499203700406,-0.9013053453299612,1.0,0.0,0.0,0.0,0.0,1
3191,0.3141606182658328,-0.9756753009680367,-0.7873790441133669,0.9767644117667437,-0.7493499203700406,0.7468244939450213,0.0,0.0,1.0,0.0,0.0,0
3192,0.31480176238474267,0.6199730608463394,-1.5870065100231279,0.9767644117667437,0.6559737935346208,-0.018378645718363482,0.0,0.0,1.0,0.0,0.0,1
3193,0.31544290650365253,0.17941364763945392,1.1945850649852954,0.9767644117667437,0.6559737935346208,0.5702391540227016,0.0,0.0,0.0,0.0,1.0,0
3194,0.3160840506225624,1.1944596700076957,1.2498734267013676,-1.023788323932921,-0.04668806341770988,0.09934491422984955,0.0,0.0,0.0,0.0,1.0,0
3195,0.31672519474147226,-1.2828369676120528,0.3294522341765562,-1.023788323932921,0.6559737935346208,0.8056862739191277,1.0,0.0,0.0,0.0,0.0,0
3196,0.3173663388603821,-1.266407903056106,0.25448944184428274,0.9767644117667437,0.6559737935346208,0.2759302541521691,0.0,0.0,0.0,1.0,0.0,0
3197,0.318007482979292,0.2282040561759582,1.0753520795867744,-1.023788323932921,-0.7493499203700406,-0.5481346654853221,0.0,0.0,0.0,0.0,1.0,0
3198,0.31864862709820185,1.5916542064502626,0.9831477996924484,0.9767644117667437,-1.4520117773223713,0.040483134255743035,0.0,1.0,0.0,0.0,0.0,1
3199,0.3192897712171117,-0.268164091239684,1.3401105429093985,0.9767644117667437,-0.7493499203700406,0.3347920341262756,0.0,0.0,1.0,0.0,0.0,0
3200,0.3199309153360216,-0.5763564363619033,0.1799084318583776,0.9767644117667437,0.6559737935346208,-0.19496398564068304,0.0,1.0,0.0,0.0,0.0,1
3201,0.32057205945493145,0.4027510341274518,1.606782575297213,0.9767644117667437,-0.04668806341770988,0.8056862739191277,0.0,0.0,1.0,0.0,0.0,0
3202,0.3212132035738413,1.5358994663290408,1.704795528573594,-1.023788323932921,-1.4520117773223713,-1.3133378051487068,0.0,0.0,1.0,0.0,0.0,0
3203,0.3218543476927512,1.2085793902331887,-1.3202291497468328,-1.023788323932921,-0.04668806341770988,1.6886129735307256,0.0,0.0,0.0,0.0,1.0,0
3204,0.32249549181166104,1.7635201863800771,1.2006154591230633,0.9767644117667437,1.3586356504869515,-0.4304111055371091,0.0,0.0,0.0,0.0,1.0,1
3205,0.3231366359305709,-1.6416552487313913,-0.0021056667704439703,-1.023788323932921,-0.04668806341770988,-0.4304111055371091,0.0,1.0,0.0,0.0,0.0,0
3206,0.3237777800494807,-1.3256443040937798,-0.3881630442281649,-1.023788323932921,-0.04668806341770988,0.6879627139709147,0.0,0.0,1.0,0.0,0.0,0
3207,0.3244189241683906,0.4124754971512356,0.38737061509110043,0.9767644117667437,0.6559737935346208,1.629751193556619,0.0,1.0,0.0,0.0,0.0,0
3208,0.32506006828730044,1.1513499694336797,-1.5285655149311244,0.9767644117667437,0.6559737935346208,1.4531658536342995,0.0,0.0,0.0,1.0,0.0,1
3209,0.3257012124062103,-0.7222974250871583,0.02072592453173981,-1.023788323932921,0.6559737935346208,0.15820669420395606,0.0,1.0,0.0,0.0,0.0,0
3210,0.32634235652512017,-0.8834125299128472,1.2740289032299426,-1.023788323932921,0.6559737935346208,-1.0190289052781742,1.0,0.0,0.0,0.0,0.0,0
3211,0.32698350064403003,1.0337486676415168,-0.9869239058043616,0.9767644117667437,0.6559737935346208,0.5113773740485952,0.0,1.0,0.0,0.0,0.0,1
3212,0.3276246447629399,-1.5233097454316025,-0.254645627348651,0.9767644117667437,-0.04668806341770988,1.27658051371198,1.0,0.0,0.0,0.0,0.0,0
3213,0.32826578888184976,-0.42781570554352183,1.5099166701800801,-1.023788323932921,1.3586356504869515,0.2759302541521691,1.0,0.0,0.0,0.0,0.0,0
3214,0.3289069330007596,0.049673498316932865,-0.2471692577153434,0.9767644117667437,0.6559737935346208,-0.8424435653558547,1.0,0.0,0.0,0.0,0.0,1
3215,0.3295480771196695,0.24056005687086532,-0.48857980537805024,0.9767644117667437,1.3586356504869515,-1.0778906852522807,0.0,0.0,0.0,1.0,0.0,1
3216,0.33018922123857936,0.8294880478587459,-0.20599377427767382,0.9767644117667437,1.3586356504869515,0.040483134255743035,0.0,1.0,0.0,0.0,0.0,1
3217,0.3308303653574892,-0.4786945342423115,0.06540527403983372,-1.023788323932921,-0.7493499203700406,-1.4899231450710264,0.0,1.0,0.0,0.0,0.0,0
3218,0.3314715094763991,0.42373344193063506,0.45243473627039227,-1.023788323932921,-0.7493499203700406,1.1588569537637667,0.0,0.0,0.0,1.0,0.0,0
3219,0.33211265359530895,0.3281529777316299,1.0326129780917115,0.9767644117667437,-1.4520117773223713,0.5702391540227016,0.0,0.0,1.0,0.0,0.0,1
3220,0.3327537977142188,0.1959964043930505,-0.1662188664276335,-1.023788323932921,-0.7493499203700406,0.8056862739191277,0.0,0.0,0.0,0.0,1.0,0
3221,0.3333949418331287,0.5210289854932175,1.0903487579349584,0.9767644117667437,0.6559737935346208,-0.31268754558889605,0.0,1.0,0.0,0.0,0.0,1
3222,0.33403608595203854,-0.8125798042887659,0.11447374266676838,-1.023788323932921,1.3586356504869515,-0.5481346654853221,0.0,0.0,0.0,0.0,1.0,0
3223,0.3346772300709484,-1.4243763855097238,-0.5569732601594775,-1.023788323932921,-1.4520117773223713,-1.6076467050192393,0.0,0.0,0.0,1.0,0.0,0
3224,0.33531837418985827,-1.3031971374982776,0.5417115455269116,-1.023788323932921,-0.7493499203700406,1.0411333938155538,0.0,0.0,1.0,0.0,0.0,0
3225,0.33595951830876813,-0.9346125903487127,0.747270417813654,0.9767644117667437,-0.04668806341770988,-1.1956142452004939,0.0,0.0,1.0,0.0,0.0,0
3226,0.336600662427678,0.030034150226006546,0.19814082458123528,0.9767644117667437,-1.4520117773223713,-0.4304111055371091,0.0,0.0,1.0,0.0,0.0,1
3227,0.33724180654658786,1.2208815040607548,-1.5263321201138937,0.9767644117667437,0.6559737935346208,-0.7835817853817482,0.0,0.0,0.0,1.0,0.0,1
3228,0.3378829506654977,0.7338624591470781,-1.1367944509997412,-1.023788323932921,1.3586356504869515,0.6879627139709147,1.0,0.0,0.0,0.0,0.0,0
3229,0.3385240947844076,1.0409754268705211,-0.739873265188062,0.9767644117667437,0.6559737935346208,0.2759302541521691,1.0,0.0,0.0,0.0,0.0,1
3230,0.33916523890331746,-0.4922397744652253,-0.7490628891346601,0.9767644117667437,0.6559737935346208,-0.31268754558889605,0.0,0.0,0.0,0.0,1.0,1
3231,0.3398063830222273,-0.3043678609894686,0.5949140572358474,0.9767644117667437,-0.04668806341770988,-1.666508484993346,1.0,0.0,0.0,0.0,0.0,1
3232,0.3404475271411372,-0.342769049486696,-1.6579331253899916,0.9767644117667437,-0.04668806341770988,-0.19496398564068304,1.0,0.0,0.0,0.0,0.0,1
3233,0.34108867126004705,-1.0490938710662268,0.8778163498498065,-1.023788323932921,1.3586356504869515,0.9234098338673408,0.0,0.0,1.0,0.0,0.0,0
3234,0.3417298153789569,-1.5063880653905193,-0.8085010044402184,0.9767644117667437,-0.7493499203700406,-1.2544760251746003,0.0,0.0,1.0,0.0,0.0,1
3235,0.3423709594978668,0.3475451681775401,-0.6548449563905013,0.9767644117667437,0.6559737935346208,1.6886129735307256,0.0,0.0,0.0,0.0,1.0,1
3236,0.34301210361677664,1.7415861157421006,0.09448980669784503,-1.023788323932921,-0.7493499203700406,1.0999951737896603,0.0,1.0,0.0,0.0,0.0,0
3237,0.3436532477356865,-1.1367453500075249,-0.9784497146847445,0.9767644117667437,1.3586356504869515,-1.5487849250451329,0.0,0.0,0.0,0.0,1.0,1
3238,0.34429439185459637,-1.557249093554594,1.3207342018382033,-1.023788323932921,0.6559737935346208,-0.25382576561478953,0.0,0.0,0.0,0.0,1.0,0
3239,0.34493553597350624,1.0076944640113987,-1.427445406033597,-1.023788323932921,-0.7493499203700406,0.09934491422984955,0.0,0.0,0.0,1.0,0.0,0
3240,0.3455766800924161,-0.836600688028874,-0.19276804562852767,-1.023788323932921,0.6559737935346208,-0.07724042569247,0.0,0.0,0.0,1.0,0.0,0
3241,0.34621782421132596,1.183085497363278,1.200197644638741,0.9767644117667437,-0.04668806341770988,-0.4892728855112156,0.0,0.0,0.0,0.0,1.0,1
3242,0.34685896833023583,0.7431140226638088,0.3969023232058975,-1.023788323932921,-0.04668806341770988,0.9822716138414473,0.0,0.0,0.0,0.0,1.0,0
3243,0.3475001124491457,1.5891863190587854,-0.7156903416373338,-1.023788323932921,-1.4520117773223713,-1.0190289052781742,0.0,0.0,0.0,0.0,1.0,1
3244,0.3481412565680555,-0.28941075091583573,-0.27400658583604537,-1.023788323932921,1.3586356504869515,-0.4304111055371091,1.0,0.0,0.0,0.0,0.0,0
3245,0.34878240068696537,0.5962312977244402,0.7093446470295336,0.9767644117667437,-0.7493499203700406,0.040483134255743035,0.0,0.0,0.0,1.0,0.0,1
3246,0.34942354480587523,-0.09366590456872546,1.626088383411787,-1.023788323932921,0.6559737935346208,1.2177187337378734,0.0,0.0,0.0,0.0,1.0,0
3247,0.3500646889247851,0.4863981763066497,1.3505421227424355,-1.023788323932921,-1.4520117773223713,0.6291009339968082,0.0,0.0,1.0,0.0,0.0,0
3248,0.35070583304369496,-0.1470610404839129,-0.5433809808938233,-1.023788323932921,1.3586356504869515,0.3347920341262756,0.0,0.0,1.0,0.0,0.0,0
3249,0.3513469771626048,-1.0604370635191964,1.711849253247294,0.9767644117667437,1.3586356504869515,1.3354422936860864,1.0,0.0,0.0,0.0,0.0,0
3250,0.3519881212815147,0.05698211695870626,-1.7089828608698694,-1.023788323932921,1.3586356504869515,0.5702391540227016,1.0,0.0,0.0,0.0,0.0,0
3251,0.35262926540042455,0.12938528845690211,-1.6260146761963348,-1.023788323932921,-0.7493499203700406,0.040483134255743035,0.0,1.0,0.0,0.0,0.0,0
3252,0.3532704095193344,1.1164461790844649,1.1122198790293307,0.9767644117667437,-0.04668806341770988,-0.9013053453299612,0.0,1.0,0.0,0.0,0.0,1
3253,0.3539115536382443,0.8536572765766691,-1.0350670358580736,0.9767644117667437,-1.4520117773223713,-0.9601671253040678,0.0,1.0,0.0,0.0,0.0,1
3254,0.35455269775715414,0.6026074925828107,-1.5120451556337842,0.9767644117667437,-0.7493499203700406,0.2759302541521691,1.0,0.0,0.0,0.0,0.0,1
3255,0.355193841876064,-1.3237929909213697,-0.9054638798299577,-1.023788323932921,0.6559737935346208,-0.3715493255630026,1.0,0.0,0.0,0.0,0.0,0
3256,0.3558349859949739,0.8014922397144804,-0.25564206984829985,-1.023788323932921,-0.7493499203700406,-0.018378645718363482,1.0,0.0,0.0,0.0,0.0,0
3257,0.35647613011388374,0.030409420143734205,0.7914420484735167,-1.023788323932921,0.6559737935346208,-0.018378645718363482,0.0,0.0,1.0,0.0,0.0,0
3258,0.3571172742327936,1.4086787555639304,0.426105747368561,-1.023788323932921,0.6559737935346208,-0.19496398564068304,1.0,0.0,0.0,0.0,0.0,0
3259,0.35775841835170347,1.4988779291791514,-0.9038366974261446,0.9767644117667437,1.3586356504869515,1.0999951737896603,0.0,0.0,1.0,0.0,0.0,1
3260,0.35839956247061333,-1.5275981326055144,0.009752944613288343,-1.023788323932921,-0.7493499203700406,0.5702391540227016,0.0,1.0,0.0,0.0,0.0,0
3261,0.3590407065895232,1.1515778911878725,1.4642911101785532,0.9767644117667437,-0.04668806341770988,-0.9601671253040678,0.0,1.0,0.0,0.0,0.0,1
3262,0.35968185070843306,-1.5887048458171475,1.0818433629653488,-1.023788323932921,0.6559737935346208,0.8645480538932343,0.0,1.0,0.0,0.0,0.0,0
3263,0.3603229948273429,-0.4355612203681993,-0.6095593280382389,-1.023788323932921,1.3586356504869515,0.9822716138414473,0.0,0.0,0.0,0.0,1.0,0
3264,0.3609641389462528,0.177390115191039,1.6570532570513148,-1.023788323932921,-0.04668806341770988,-1.1367524652263874,0.0,0.0,0.0,0.0,1.0,0
3265,0.36160528306516265,-1.2022959992763511,0.7159683891852937,0.9767644117667437,-0.7493499203700406,1.6886129735307256,0.0,0.0,0.0,1.0,0.0,0
3266,0.3622464271840725,0.8914328489755524,-1.5062671967631054,0.9767644117667437,-0.04668806341770988,0.9822716138414473,0.0,0.0,0.0,1.0,0.0,1
3267,0.3628875713029824,-1.6914034285228479,-1.6001150914899096,0.9767644117667437,-0.7493499203700406,0.8056862739191277,0.0,0.0,0.0,1.0,0.0,0
3268,0.36352871542189225,-1.130552697209765,-1.141866843836714,0.9767644117667437,0.6559737935346208,-0.25382576561478953,0.0,0.0,0.0,0.0,1.0,1
3269,0.3641698595408021,0.312128030272804,0.7821207508432979,-1.023788323932921,-1.4520117773223713,1.512027633608406,0.0,0.0,0.0,0.0,1.0,0
3270,0.364811003659712,0.7796918634118358,-1.089142348426186,-1.023788323932921,-1.4520117773223713,1.3943040736601928,0.0,0.0,0.0,1.0,0.0,0
3271,0.36545214777862184,1.4875806092635806,0.038009551436139474,-1.023788323932921,0.6559737935346208,-0.5481346654853221,0.0,0.0,0.0,1.0,0.0,0
3272,0.3660932918975317,0.7485739262634846,-1.4003064331421606,-1.023788323932921,-0.04668806341770988,-1.2544760251746003,1.0,0.0,0.0,0.0,0.0,0
3273,0.36673443601644157,0.6305640316855643,1.4459678584909887,-1.023788323932921,-0.7493499203700406,1.3943040736601928,0.0,0.0,0.0,1.0,0.0,0
3274,0.36737558013535143,-0.340461656631343,-0.5381267326356082,0.9767644117667437,-1.4520117773223713,0.9822716138414473,1.0,0.0,0.0,0.0,0.0,1
3275,0.3680167242542613,-1.7161492063978145,1.402105450948143,0.9767644117667437,-0.7493499203700406,-1.7253702649674525,0.0,0.0,1.0,0.0,0.0,0
3276,0.36865786837317116,-1.3000906088418052,1.5284696753760298,-1.023788323932921,0.6559737935346208,0.8056862739191277,0.0,0.0,0.0,0.0,1.0,0
3277,0.369299012492081,0.15028132339559905,-1.6999587639439764,-1.023788323932921,-0.04668806341770988,-1.43106136509692,0.0,0.0,0.0,1.0,0.0,0
3278,0.3699401566109909,0.6422910927085663,-0.12483644955037174,-1.023788323932921,-0.7493499203700406,-1.7253702649674525,0.0,0.0,0.0,0.0,1.0,0
3279,0.37058130072990075,-0.25958732031197773,-1.6362414764236803,-1.023788323932921,-0.04668806341770988,-0.4892728855112156,0.0,0.0,0.0,0.0,1.0,0
3280,0.3712224448488106,0.8367114818159587,1.4040337780571337,0.9767644117667437,-1.4520117773223713,1.2177187337378734,0.0,0.0,0.0,0.0,1.0,1
3281,0.3718635889677204,0.10585880474654166,0.061810670010214445,-1.023788323932921,-0.7493499203700406,1.3943040736601928,0.0,0.0,1.0,0.0,0.0,0
3282,0.3725047330866303,-1.461030046109366,-1.4632970393800064,-1.023788323932921,1.3586356504869515,-1.0190289052781742,0.0,1.0,0.0,0.0,0.0,0
3283,0.37314587720554016,-1.048593142088206,-1.3417849126118855,-1.023788323932921,-1.4520117773223713,0.45251559407448866,0.0,0.0,0.0,1.0,0.0,0
3284,0.37378702132445,1.2193256709135252,-0.4021164814774528,-1.023788323932921,-0.04668806341770988,1.0999951737896603,0.0,1.0,0.0,0.0,0.0,0
3285,0.3744281654433599,0.8165297156311871,1.5125073488289775,0.9767644117667437,0.6559737935346208,0.8645480538932343,0.0,1.0,0.0,0.0,0.0,0
3286,0.37506930956226975,1.4109973152422066,0.6619361068434461,-1.023788323932921,1.3586356504869515,0.6291009339968082,0.0,1.0,0.0,0.0,0.0,0
3287,0.3757104536811796,-1.3091975698518914,1.262777243544295,0.9767644117667437,-0.7493499203700406,0.5702391540227016,0.0,0.0,0.0,0.0,1.0,0
3288,0.3763515978000895,1.7451065668420709,-0.46076101818784654,0.9767644117667437,-1.4520117773223713,0.040483134255743035,1.0,0.0,0.0,0.0,0.0,1
3289,0.37699274191899934,-0.9877270071475648,-1.5724202066942554,-1.023788323932921,-0.7493499203700406,-0.9013053453299612,0.0,0.0,0.0,0.0,1.0,0
3290,0.3776338860379092,-1.6794154217439454,1.6297231286111844,-1.023788323932921,-0.7493499203700406,1.1588569537637667,0.0,0.0,0.0,0.0,1.0,0
3291,0.37827503015681907,1.770307781360266,-1.6619763550886129,-1.023788323932921,1.3586356504869515,-1.666508484993346,0.0,1.0,0.0,0.0,0.0,0
3292,0.37891617427572893,-0.7368939076746822,1.538016607043923,-1.023788323932921,1.3586356504869515,1.3354422936860864,0.0,0.0,0.0,0.0,1.0,0
3293,0.3795573183946388,0.6174047745517843,-0.45312358093451116,-1.023788323932921,1.3586356504869515,0.040483134255743035,0.0,1.0,0.0,0.0,0.0,0
3294,0.38019846251354866,-1.102261492775493,-1.6863339520101248,0.9767644117667437,1.3586356504869515,-0.25382576561478953,1.0,0.0,0.0,0.0,0.0,1
3295,0.3808396066324585,0.31013900434802116,0.6490329446551713,0.9767644117667437,0.6559737935346208,-1.666508484993346,0.0,0.0,0.0,1.0,0.0,1
3296,0.3814807507513684,1.4434525544115067,1.6511233937179022,0.9767644117667437,-0.04668806341770988,-1.1367524652263874,0.0,1.0,0.0,0.0,0.0,1
3297,0.38212189487027826,-0.6000195125062145,1.5998309172960024,0.9767644117667437,1.3586356504869515,0.15820669420395606,1.0,0.0,0.0,0.0,0.0,1
3298,0.3827630389891881,0.6252255445310213,-1.167560015932399,0.9767644117667437,-1.4520117773223713,-0.7247200054076417,0.0,0.0,0.0,1.0,0.0,1
3299,0.383404183108098,-1.0629873448667828,-1.0977095150618839,-1.023788323932921,-0.7493499203700406,-0.5481346654853221,0.0,0.0,1.0,0.0,0.0,0
3300,0.38404532722700785,0.4661217929760515,0.22389934331292938,-1.023788323932921,1.3586356504869515,1.6886129735307256,0.0,1.0,0.0,0.0,0.0,0
3301,0.3846864713459177,-0.5430778213375997,0.4707082406946153,0.9767644117667437,-1.4520117773223713,0.040483134255743035,0.0,1.0,0.0,0.0,0.0,1
3302,0.3853276154648276,-0.9814216512089226,0.8218835805485815,-1.023788323932921,0.6559737935346208,-0.25382576561478953,0.0,0.0,1.0,0.0,0.0,0
3303,0.38596875958373744,-0.6245162256459681,-1.0983885467654004,-1.023788323932921,-1.4520117773223713,-0.018378645718363482,0.0,0.0,1.0,0.0,0.0,0
3304,0.3866099037026473,-1.0947059128820462,1.5770688812510636,0.9767644117667437,-1.4520117773223713,0.5113773740485952,0.0,1.0,0.0,0.0,0.0,0
3305,0.38725104782155717,1.436036538406696,0.47564136344636543,0.9767644117667437,0.6559737935346208,-0.5481346654853221,0.0,0.0,1.0,0.0,0.0,1
3306,0.38789219194046703,-0.33050164619434436,1.1920286178147288,0.9767644117667437,0.6559737935346208,1.0999951737896603,0.0,0.0,0.0,0.0,1.0,0
3307,0.3885333360593769,-0.862173940031095,0.1362949071352407,-1.023788323932921,-0.7493499203700406,-0.8424435653558547,0.0,0.0,0.0,1.0,0.0,0
3308,0.38917448017828676,-0.15122973470380488,-0.29630339693549684,0.9767644117667437,1.3586356504869515,-1.3721995851228133,0.0,0.0,0.0,1.0,0.0,1
3309,0.38981562429719663,-0.5987770245936707,1.6395770266690313,0.9767644117667437,-1.4520117773223713,-0.4892728855112156,0.0,0.0,0.0,1.0,0.0,1
3310,0.3904567684161065,0.8848019462215564,0.28092777962064475,-1.023788323932921,-0.04668806341770988,-1.3721995851228133,0.0,0.0,0.0,0.0,1.0,0
3311,0.39109791253501636,1.6785979177921375,1.2602141524182222,-1.023788323932921,-0.04668806341770988,-1.666508484993346,0.0,0.0,1.0,0.0,0.0,0
3312,0.3917390566539262,-0.18753909019767573,1.5574155890333856,0.9767644117667437,-0.7493499203700406,0.39365381410038214,1.0,0.0,0.0,0.0,0.0,0
3313,0.3923802007728361,1.2929482022153727,0.6015646471715924,-1.023788323932921,-0.04668806341770988,-0.9601671253040678,0.0,0.0,1.0,0.0,0.0,0
3314,0.39302134489174595,0.2598603001557788,0.16680976045800688,0.9767644117667437,-0.7493499203700406,-1.3133378051487068,0.0,1.0,0.0,0.0,0.0,1
3315,0.3936624890106558,-1.170324221663093,-1.7089615819604769,-1.023788323932921,1.3586356504869515,-0.07724042569247,0.0,0.0,0.0,1.0,0.0,0
3316,0.3943036331295657,0.6965156570177112,-1.5834048387214361,0.9767644117667437,-0.7493499203700406,0.8056862739191277,0.0,0.0,1.0,0.0,0.0,1
3317,0.39494477724847554,0.07636174630640001,-1.030291769207712,-1.023788323932921,0.6559737935346208,-1.3721995851228133,1.0,0.0,0.0,0.0,0.0,0
3318,0.3955859213673854,0.5564600082636921,-1.0813373298220463,-1.023788323932921,0.6559737935346208,0.45251559407448866,0.0,1.0,0.0,0.0,0.0,0
3319,0.3962270654862952,1.3932364463681661,-0.8448991526450464,-1.023788323932921,0.6559737935346208,0.8645480538932343,0.0,0.0,0.0,0.0,1.0,0
3320,0.3968682096052051,-0.17913595837052496,-0.6723402866043049,0.9767644117667437,0.6559737935346208,-0.4892728855112156,0.0,0.0,0.0,0.0,1.0,1
3321,0.39750935372411494,1.4334518628514126,-0.4827407204330926,0.9767644117667437,0.6559737935346208,0.8056862739191277,1.0,0.0,0.0,0.0,0.0,1
3322,0.3981504978430248,0.906675933383719,-0.27477184260869225,0.9767644117667437,0.6559737935346208,-0.7835817853817482,0.0,1.0,0.0,0.0,0.0,1
3323,0.3987916419619347,-0.010541059884245233,-1.3810261855133428,-1.023788323932921,0.6559737935346208,-0.8424435653558547,0.0,0.0,0.0,1.0,0.0,0
3324,0.39943278608084454,0.39061597453254465,-1.5753495058029308,-1.023788323932921,0.6559737935346208,0.15820669420395606,0.0,0.0,1.0,0.0,0.0,0
3325,0.4000739301997544,-0.5811197854421312,0.5967149287936779,-1.023788323932921,0.6559737935346208,0.5113773740485952,0.0,1.0,0.0,0.0,0.0,0
3326,0.40071507431866427,1.721918429734275,0.12690314938215036,0.9767644117667437,1.3586356504869515,0.2759302541521691,0.0,0.0,0.0,0.0,1.0,1
3327,0.40135621843757413,0.6150657800911071,-0.19358709781496328,-1.023788323932921,0.6559737935346208,0.45251559407448866,1.0,0.0,0.0,0.0,0.0,0
3328,0.401997362556484,-1.56718190023521,0.4608556636936583,0.9767644117667437,-0.7493499203700406,0.09934491422984955,1.0,0.0,0.0,0.0,0.0,0
3329,0.40263850667539386,-0.5774771081963107,1.125422145757257,0.9767644117667437,1.3586356504869515,1.3354422936860864,0.0,0.0,1.0,0.0,0.0,0
3330,0.4032796507943037,0.4609384569618879,-0.2501644534027451,0.9767644117667437,-0.04668806341770988,-1.6076467050192393,1.0,0.0,0.0,0.0,0.0,1
3331,0.4039207949132136,-1.5234797602644574,0.48382709794712236,0.9767644117667437,-1.4520117773223713,1.3943040736601928,1.0,0.0,0.0,0.0,0.0,0
3332,0.40456193903212345,-1.6370506570510537,1.558377938807924,0.9767644117667437,1.3586356504869515,-1.6076467050192393,0.0,1.0,0.0,0.0,0.0,0
3333,0.4052030831510333,-0.14557238503788592,1.166502292118005,-1.023788323932921,0.6559737935346208,-1.3133378051487068,0.0,0.0,0.0,1.0,0.0,0
3334,0.4058442272699432,-0.5562383188003556,-0.2559837202748124,-1.023788323932921,1.3586356504869515,0.9234098338673408,0.0,0.0,1.0,0.0,0.0,0
3335,0.40648537138885305,-0.1866117679201078,0.49619875996147444,-1.023788323932921,-1.4520117773223713,0.040483134255743035,0.0,1.0,0.0,0.0,0.0,0
3336,0.4071265155077629,-0.8012254090148972,-1.112074164595692,-1.023788323932921,-1.4520117773223713,1.4531658536342995,0.0,0.0,0.0,1.0,0.0,0
3337,0.4077676596266728,-1.1441371440726604,0.20664639549162642,-1.023788323932921,0.6559737935346208,-1.2544760251746003,0.0,1.0,0.0,0.0,0.0,0
3338,0.40840880374558264,0.6913378504647658,1.6538333464538193,-1.023788323932921,0.6559737935346208,-1.4899231450710264,0.0,1.0,0.0,0.0,0.0,0
3339,0.4090499478644925,0.08033988157189376,0.06149279721633869,0.9767644117667437,-0.7493499203700406,-0.13610220566657652,1.0,0.0,0.0,0.0,0.0,1
3340,0.40969109198340237,-1.0201105082938389,1.469189030242531,-1.023788323932921,-1.4520117773223713,-0.9013053453299612,0.0,0.0,0.0,1.0,0.0,0
3341,0.41033223610231223,-0.6020905900758876,-0.32017725747420395,0.9767644117667437,0.6559737935346208,1.0999951737896603,0.0,0.0,1.0,0.0,0.0,1
3342,0.4109733802212221,0.3506664952067463,1.7140741604914436,0.9767644117667437,-1.4520117773223713,-0.19496398564068304,0.0,0.0,1.0,0.0,0.0,1
3343,0.41161452434013196,-1.467843957384894,0.2709498469166955,0.9767644117667437,-0.7493499203700406,0.6879627139709147,0.0,0.0,0.0,1.0,0.0,0
3344,0.4122556684590418,-1.2045632439550817,-1.57566912628628,0.9767644117667437,-0.04668806341770988,0.040483134255743035,1.0,0.0,0.0,0.0,0.0,1
3345,0.4128968125779517,-1.4642870903339098,0.29686251383688955,0.9767644117667437,-1.4520117773223713,1.6886129735307256,0.0,0.0,0.0,0.0,1.0,0
3346,0.41353795669686155,1.1224433268373075,-0.7767575125962751,-1.023788323932921,-0.7493499203700406,0.5702391540227016,0.0,1.0,0.0,0.0,0.0,0
3347,0.4141791008157714,0.9127666510575914,-1.6093297392812866,-1.023788323932921,-0.7493499203700406,-0.7247200054076417,1.0,0.0,0.0,0.0,0.0,0
3348,0.4148202449346813,0.9159295711640526,1.1019466155065998,-1.023788323932921,-0.7493499203700406,0.45251559407448866,0.0,0.0,0.0,1.0,0.0,0
3349,0.41546138905359115,0.7864740443496141,-0.7727786959174632,0.9767644117667437,1.3586356504869515,1.0999951737896603,0.0,1.0,0.0,0.0,0.0,1
3350,0.416102533172501,0.6221856354680199,1.0183605708590602,-1.023788323932921,0.6559737935346208,1.3943040736601928,0.0,0.0,1.0,0.0,0.0,0
3351,0.4167436772914109,-0.051186272428657136,-0.729831618412247,-1.023788323932921,-1.4520117773223713,-1.5487849250451329,0.0,0.0,0.0,0.0,1.0,1
3352,0.41738482141032074,0.5273109816622841,-1.0527313090807753,0.9767644117667437,1.3586356504869515,-0.5481346654853221,0.0,0.0,1.0,0.0,0.0,1
3353,0.4180259655292306,-1.586380289080318,1.6284091820582673,0.9767644117667437,-1.4520117773223713,0.9822716138414473,0.0,0.0,0.0,1.0,0.0,0
3354,0.41866710964814047,0.4544634697514108,-0.4773075401364836,-1.023788323932921,1.3586356504869515,0.6879627139709147,0.0,1.0,0.0,0.0,0.0,0
3355,0.41930825376705033,1.0019055931814014,0.3471467666541105,0.9767644117667437,0.6559737935346208,-0.4304111055371091,0.0,0.0,0.0,1.0,0.0,1
3356,0.41994939788596014,0.03059563276298074,0.3767410399432856,0.9767644117667437,-0.7493499203700406,0.8645480538932343,0.0,1.0,0.0,0.0,0.0,0
3357,0.42059054200487,-0.46935799122685035,0.2064789028100499,0.9767644117667437,-1.4520117773223713,-0.4892728855112156,1.0,0.0,0.0,0.0,0.0,1
3358,0.42123168612377987,-0.749658833110231,1.4246785124570565,-1.023788323932921,-0.7493499203700406,-1.7253702649674525,0.0,0.0,0.0,0.0,1.0,0
3359,0.42187283024268973,0.5291445703291232,0.5984228538749596,0.9767644117667437,0.6559737935346208,-0.31268754558889605,1.0,0.0,0.0,0.0,0.0,1
3360,0.4225139743615996,0.7041401941208796,-0.33256454542649944,0.9767644117667437,-1.4520117773223713,1.3943040736601928,1.0,0.0,0.0,0.0,0.0,1
3361,0.42315511848050946,1.3277176244945155,1.244761672487316,0.9767644117667437,-0.04668806341770988,1.3943040736601928,0.0,0.0,0.0,1.0,0.0,0
3362,0.4237962625994193,-0.5224849283438102,-1.0983454253338305,0.9767644117667437,-0.04668806341770988,0.6291009339968082,0.0,0.0,0.0,0.0,1.0,1
3363,0.4244374067183292,0.9735369259334271,0.15063946615398022,0.9767644117667437,-0.04668806341770988,-0.13610220566657652,0.0,1.0,0.0,0.0,0.0,1
3364,0.42507855083723906,0.24408505319042328,1.5479855405986431,-1.023788323932921,0.6559737935346208,1.629751193556619,0.0,1.0,0.0,0.0,0.0,0
3365,0.4257196949561489,1.3692584110004613,0.4297584084297892,-1.023788323932921,-0.04668806341770988,0.39365381410038214,0.0,0.0,1.0,0.0,0.0,0
3366,0.4263608390750588,0.1266829840153506,1.0885862810203528,0.9767644117667437,-1.4520117773223713,-1.1367524652263874,0.0,1.0,0.0,0.0,0.0,1
3367,0.42700198319396865,0.09104528863622341,0.5266136202246477,0.9767644117667437,-0.04668806341770988,-0.4892728855112156,0.0,0.0,0.0,1.0,0.0,1
3368,0.4276431273128785,0.3019089923405705,1.1656300296110877,-1.023788323932921,-1.4520117773223713,1.3943040736601928,1.0,0.0,0.0,0.0,0.0,0
3369,0.4282842714317884,0.9019381641870748,1.5271361296107586,-1.023788323932921,0.6559737935346208,1.4531658536342995,1.0,0.0,0.0,0.0,0.0,0
3370,0.42892541555069824,1.6557450843772379,-0.7824353283958588,0.9767644117667437,-0.7493499203700406,-0.31268754558889605,1.0,0.0,0.0,0.0,0.0,1
3371,0.4295665596696081,-1.4631749738253486,-1.1375572185524525,0.9767644117667437,1.3586356504869515,1.3354422936860864,0.0,0.0,0.0,0.0,1.0,0
3372,0.43020770378851797,-1.53362504326979,-0.05655152819365693,-1.023788323932921,-0.04668806341770988,-0.5481346654853221,0.0,1.0,0.0,0.0,0.0,0
3373,0.43084884790742783,1.560755347085172,0.6927271598410423,0.9767644117667437,1.3586356504869515,0.3347920341262756,0.0,0.0,0.0,1.0,0.0,0
3374,0.4314899920263377,0.13390523668638785,-0.939706206264519,0.9767644117667437,-0.7493499203700406,1.629751193556619,0.0,0.0,0.0,0.0,1.0,1
3375,0.43213113614524756,0.43149872461431793,-1.7069304614391543,-1.023788323932921,0.6559737935346208,-0.6069964454594287,0.0,0.0,1.0,0.0,0.0,0
3376,0.4327722802641574,-0.0321755223092112,-0.5416535040761392,-1.023788323932921,0.6559737935346208,-0.8424435653558547,0.0,0.0,0.0,1.0,0.0,0
3377,0.4334134243830673,-1.3928461904291123,1.6109515781739132,-1.023788323932921,-0.7493499203700406,-0.13610220566657652,0.0,0.0,0.0,1.0,0.0,0
3378,0.43405456850197716,0.9676467215321922,0.6690148016064437,-1.023788323932921,1.3586356504869515,1.512027633608406,0.0,0.0,0.0,1.0,0.0,0
3379,0.434695712620887,0.8946207373657724,-0.34084434365394517,0.9767644117667437,-0.04668806341770988,-0.07724042569247,1.0,0.0,0.0,0.0,0.0,1
3380,0.4353368567397969,-0.6296917366015918,-1.0587505858190038,0.9767644117667437,-1.4520117773223713,1.1588569537637667,0.0,0.0,0.0,1.0,0.0,1
3381,0.43597800085870675,-0.6488158509842943,-0.49641389304811606,0.9767644117667437,0.6559737935346208,-0.25382576561478953,0.0,1.0,0.0,0.0,0.0,1
3382,0.4366191449776166,1.2117767829424446,-1.136943851142402,0.9767644117667437,-0.7493499203700406,0.5702391540227016,0.0,0.0,0.0,1.0,0.0,1
3383,0.4372602890965265,-1.4673962778148215,-1.3554411895906846,-1.023788323932921,1.3586356504869515,-1.666508484993346,1.0,0.0,0.0,0.0,0.0,0
3384,0.43790143321543634,1.363198761209721,1.3973262129483435,-1.023788323932921,-0.04668806341770988,1.0999951737896603,0.0,0.0,0.0,1.0,0.0,0
3385,0.4385425773343462,-0.8223359105721384,1.709966214831825,0.9767644117667437,1.3586356504869515,-1.1956142452004939,0.0,0.0,1.0,0.0,0.0,0
3386,0.43918372145325607,0.35478540267503283,-1.1566325772848114,0.9767644117667437,-0.04668806341770988,-1.0190289052781742,0.0,0.0,1.0,0.0,0.0,1
3387,0.43982486557216594,1.5553088361095875,-1.533528105540449,0.9767644117667437,-1.4520117773223713,-0.9013053453299612,1.0,0.0,0.0,0.0,0.0,1
3388,0.4404660096910758,0.6527651640853458,-0.5870631803944345,-1.023788323932921,-1.4520117773223713,-1.2544760251746003,0.0,1.0,0.0,0.0,0.0,1
3389,0.44110715380998566,-0.2701518860471297,-0.1333516401652888,-1.023788323932921,-0.7493499203700406,-0.19496398564068304,0.0,1.0,0.0,0.0,0.0,0
3390,0.44174829792889553,0.6927058212909722,-1.0166385046550497,-1.023788323932921,-0.7493499203700406,-1.3133378051487068,0.0,0.0,0.0,0.0,1.0,0
3391,0.4423894420478054,-0.5167255357895478,-0.6844105238163516,0.9767644117667437,-0.04668806341770988,-1.43106136509692,1.0,0.0,0.0,0.0,0.0,1
3392,0.44303058616671526,-0.7502479429924949,-1.0302246395518924,0.9767644117667437,-0.04668806341770988,0.3347920341262756,0.0,0.0,0.0,1.0,0.0,0
3393,0.4436717302856251,1.7677189880936117,0.9417103477151282,0.9767644117667437,-0.04668806341770988,1.1588569537637667,1.0,0.0,0.0,0.0,0.0,0
3394,0.44431287440453493,0.9071001891431244,0.7295787057434767,-1.023788323932921,-0.04668806341770988,-0.3715493255630026,0.0,0.0,0.0,0.0,1.0,0
3395,0.4449540185234448,0.5358572620546783,0.46261501096527113,0.9767644117667437,-1.4520117773223713,-1.6076467050192393,1.0,0.0,0.0,0.0,0.0,1
3396,0.44559516264235466,-0.4771408273750808,-0.38936149992466007,-1.023788323932921,-0.7493499203700406,-0.25382576561478953,1.0,0.0,0.0,0.0,0.0,0
3397,0.4462363067612645,-1.548583130283095,1.4052311806745676,0.9767644117667437,-0.7493499203700406,0.3347920341262756,0.0,0.0,0.0,0.0,1.0,0
3398,0.4468774508801744,-1.6119464607876326,1.6132667894347559,0.9767644117667437,0.6559737935346208,-0.5481346654853221,0.0,1.0,0.0,0.0,0.0,0
3399,0.44751859499908425,0.2189742628937568,-1.1238757523397171,-1.023788323932921,-0.7493499203700406,-1.0190289052781742,0.0,0.0,0.0,1.0,0.0,0
3400,0.4481597391179941,0.9464485897895929,-0.9540767972266024,-1.023788323932921,-0.7493499203700406,1.27658051371198,0.0,0.0,0.0,0.0,1.0,0
3401,0.448800883236904,0.16016750444622452,0.08665282550095513,0.9767644117667437,1.3586356504869515,-1.1367524652263874,0.0,0.0,1.0,0.0,0.0,1
3402,0.44944202735581384,1.2220796193798655,-1.4072174446379082,-1.023788323932921,1.3586356504869515,-1.3133378051487068,0.0,1.0,0.0,0.0,0.0,0
3403,0.4500831714747237,-1.6036527272390373,-0.2200536012427392,-1.023788323932921,0.6559737935346208,1.5708894135825124,0.0,0.0,1.0,0.0,0.0,0
3404,0.4507243155936336,-0.4370226311531033,0.27979251768050034,-1.023788323932921,-0.04668806341770988,0.9234098338673408,0.0,1.0,0.0,0.0,0.0,0
3405,0.45136545971254344,-0.8909049091603246,0.07441843756215438,-1.023788323932921,0.6559737935346208,0.9234098338673408,0.0,0.0,0.0,1.0,0.0,0
3406,0.4520066038314533,-0.15520175802695674,-0.5830137434249828,-1.023788323932921,0.6559737935346208,1.0411333938155538,0.0,0.0,0.0,1.0,0.0,0
3407,0.45264774795036317,-1.467329304264248,0.14448023592843473,0.9767644117667437,-1.4520117773223713,-0.9601671253040678,1.0,0.0,0.0,0.0,0.0,1
3408,0.45328889206927303,1.6187894487515362,1.5763599745412307,0.9767644117667437,-0.7493499203700406,0.15820669420395606,0.0,0.0,1.0,0.0,0.0,1
3409,0.4539300361881829,-0.9392569888487431,-1.0125248212081635,0.9767644117667437,-1.4520117773223713,-1.666508484993346,0.0,1.0,0.0,0.0,0.0,1
3410,0.45457118030709276,1.507406805884552,0.5309834315248657,0.9767644117667437,-0.7493499203700406,1.27658051371198,0.0,0.0,0.0,1.0,0.0,0
3411,0.4552123244260026,-0.23003050707995581,-1.5717908731317238,-1.023788323932921,0.6559737935346208,-1.7253702649674525,0.0,0.0,0.0,0.0,1.0,0
3412,0.4558534685449125,1.7286622932496698,-1.4926241882772064,0.9767644117667437,-0.7493499203700406,-1.1367524652263874,0.0,0.0,0.0,1.0,0.0,1
3413,0.45649461266382235,0.21854421436396362,0.17674714676564857,-1.023788323932921,-0.04668806341770988,-1.43106136509692,0.0,0.0,0.0,0.0,1.0,0
3414,0.4571357567827322,1.5372443783091216,-1.3601411807999404,0.9767644117667437,-0.04668806341770988,0.09934491422984955,0.0,1.0,0.0,0.0,0.0,1
3415,0.4577769009016421,-1.7019233487838272,-1.644183237306824,0.9767644117667437,0.6559737935346208,-0.9013053453299612,0.0,0.0,0.0,1.0,0.0,1
3416,0.45841804502055195,0.8981702728761406,-1.1311883251452421,-1.023788323932921,1.3586356504869515,-1.0778906852522807,0.0,0.0,0.0,1.0,0.0,0
3417,0.4590591891394618,1.4400074151593703,0.22152725804209397,0.9767644117667437,-0.04668806341770988,0.39365381410038214,0.0,1.0,0.0,0.0,0.0,0
3418,0.4597003332583717,-1.231626576090778,0.6978119386849896,0.9767644117667437,0.6559737935346208,-0.07724042569247,0.0,0.0,0.0,1.0,0.0,0
3419,0.46034147737728154,-1.3842068624039991,-1.0246951847333867,0.9767644117667437,-1.4520117773223713,1.4531658536342995,0.0,0.0,0.0,0.0,1.0,1
3420,0.4609826214961914,-0.23465238769125063,0.5771637035029575,0.9767644117667437,1.3586356504869515,0.8056862739191277,0.0,0.0,0.0,1.0,0.0,0
3421,0.46162376561510127,1.547205445705009,-1.0934845160173894,0.9767644117667437,-0.04668806341770988,-0.4892728855112156,0.0,0.0,1.0,0.0,0.0,1
3422,0.46226490973401113,0.17769315876658234,0.38869506339358045,0.9767644117667437,0.6559737935346208,0.9234098338673408,1.0,0.0,0.0,0.0,0.0,0
3423,0.462906053852921,0.125438237935408,-0.3042723279949949,0.9767644117667437,0.6559737935346208,-0.9601671253040678,0.0,0.0,0.0,0.0,1.0,1
3424,0.46354719797183086,-1.2267071857088123,0.5274348173926103,-1.023788323932921,-1.4520117773223713,-0.6658582254335351,0.0,0.0,1.0,0.0,0.0,0
3425,0.4641883420907407,-1.7178813930986354,1.7010329024172757,0.9767644117667437,-1.4520117773223713,-1.4899231450710264,0.0,1.0,0.0,0.0,0.0,1
3426,0.4648294862096506,1.1148230407299147,1.5041943033510585,0.9767644117667437,1.3586356504869515,0.2759302541521691,0.0,0.0,0.0,0.0,1.0,1
3427,0.46547063032856045,-1.4141361342850485,-1.7063103693797428,0.9767644117667437,-0.04668806341770988,-0.31268754558889605,1.0,0.0,0.0,0.0,0.0,1
3428,0.4661117744474703,0.49781201025838867,1.3240613449892908,0.9767644117667437,0.6559737935346208,1.1588569537637667,1.0,0.0,0.0,0.0,0.0,0
3429,0.4667529185663802,1.4804873972167685,-1.492368352539404,0.9767644117667437,1.3586356504869515,0.45251559407448866,0.0,1.0,0.0,0.0,0.0,1
3430,0.46739406268529005,-0.9903687888457571,1.5565702274335826,0.9767644117667437,1.3586356504869515,-1.2544760251746003,0.0,1.0,0.0,0.0,0.0,0
3431,0.46803520680419985,0.6077916942653652,-0.7518139036386939,-1.023788323932921,-1.4520117773223713,1.629751193556619,0.0,0.0,0.0,0.0,1.0,0
3432,0.4686763509231097,-1.4452018384662448,-0.40718635666755404,0.9767644117667437,0.6559737935346208,-1.3721995851228133,0.0,0.0,0.0,1.0,0.0,1
3433,0.4693174950420196,0.39248148828112106,-1.405884332787939,0.9767644117667437,-0.7493499203700406,1.3354422936860864,0.0,1.0,0.0,0.0,0.0,1
3434,0.46995863916092945,-1.1468882130930913,-1.3349204004229671,-1.023788323932921,-1.4520117773223713,-0.7247200054076417,0.0,0.0,0.0,1.0,0.0,0
3435,0.4705997832798393,0.8551722560180847,0.7782851323369945,-1.023788323932921,0.6559737935346208,-1.666508484993346,0.0,0.0,1.0,0.0,0.0,0
3436,0.4712409273987492,-0.6663435376961208,1.526600856707725,0.9767644117667437,1.3586356504869515,1.27658051371198,1.0,0.0,0.0,0.0,0.0,0
3437,0.47188207151765904,-0.09878906573421914,0.37937882364381875,0.9767644117667437,1.3586356504869515,-1.1956142452004939,0.0,0.0,0.0,1.0,0.0,1
3438,0.4725232156365689,0.3773455026777391,0.7408316325316445,0.9767644117667437,-0.04668806341770988,0.8056862739191277,1.0,0.0,0.0,0.0,0.0,0
3439,0.47316435975547877,-1.121192504058264,0.8994411895277427,-1.023788323932921,-0.7493499203700406,-1.666508484993346,0.0,0.0,0.0,1.0,0.0,0
3440,0.47380550387438863,0.8750670006869948,-0.8171956939010218,-1.023788323932921,-1.4520117773223713,0.8645480538932343,0.0,0.0,1.0,0.0,0.0,0
3441,0.4744466479932985,-0.6614119165828284,-1.5654872522296508,0.9767644117667437,-0.04668806341770988,-1.3133378051487068,0.0,1.0,0.0,0.0,0.0,1
3442,0.47508779211220836,0.5976383581184967,-1.7145951671845985,0.9767644117667437,-0.04668806341770988,1.629751193556619,0.0,0.0,1.0,0.0,0.0,1
3443,0.4757289362311182,-1.166658401285373,-0.5151238462976909,-1.023788323932921,-0.7493499203700406,1.4531658536342995,0.0,1.0,0.0,0.0,0.0,0
3444,0.4763700803500281,0.6877479368906129,-0.8906202664705118,-1.023788323932921,-1.4520117773223713,-1.3721995851228133,0.0,1.0,0.0,0.0,0.0,1
3445,0.47701122446893796,-1.2719899837233848,-1.50671988532752,-1.023788323932921,-1.4520117773223713,0.2759302541521691,1.0,0.0,0.0,0.0,0.0,0
3446,0.4776523685878478,-0.23190879778128803,-1.1036230642409166,-1.023788323932921,1.3586356504869515,-0.4304111055371091,0.0,0.0,1.0,0.0,0.0,0
3447,0.4782935127067577,-0.8554303031456634,-1.2928736954966331,0.9767644117667437,-1.4520117773223713,-1.3133378051487068,0.0,0.0,0.0,1.0,0.0,1
3448,0.47893465682566755,0.8986478204324896,1.425306616513526,-1.023788323932921,-0.04668806341770988,-0.5481346654853221,0.0,0.0,1.0,0.0,0.0,0
3449,0.4795758009445774,-0.8035294594426877,-1.238645157353231,-1.023788323932921,1.3586356504869515,0.15820669420395606,1.0,0.0,0.0,0.0,0.0,0
3450,0.4802169450634873,1.3653412972557737,0.127981780301816,0.9767644117667437,-1.4520117773223713,0.9822716138414473,0.0,1.0,0.0,0.0,0.0,1
3451,0.48085808918239714,1.4007011827483105,0.31870467214608,-1.023788323932921,-0.7493499203700406,-1.7253702649674525,1.0,0.0,0.0,0.0,0.0,0
3452,0.481499233301307,-1.033105540732513,0.1480694400771929,0.9767644117667437,-0.04668806341770988,-1.0778906852522807,0.0,0.0,0.0,0.0,1.0,0
3453,0.48214037742021687,0.4277990106676974,-1.3803724304960439,-1.023788323932921,0.6559737935346208,-1.1367524652263874,0.0,0.0,0.0,0.0,1.0,0
3454,0.48278152153912673,-1.4136353627113918,-0.6246617946731994,0.9767644117667437,-0.7493499203700406,1.0411333938155538,0.0,0.0,0.0,1.0,0.0,0
3455,0.4834226656580366,-0.3502757419713039,-1.5447127807619243,-1.023788323932921,-0.7493499203700406,-0.018378645718363482,1.0,0.0,0.0,0.0,0.0,0
3456,0.48406380977694646,0.7759614792910263,-0.36029417784336343,0.9767644117667437,-1.4520117773223713,-1.5487849250451329,0.0,0.0,0.0,1.0,0.0,1
3457,0.4847049538958563,0.587318294716142,-1.072428388399607,0.9767644117667437,1.3586356504869515,0.21706847417806258,0.0,0.0,0.0,1.0,0.0,1
3458,0.4853460980147662,0.4657902430282358,0.21046497529871921,-1.023788323932921,1.3586356504869515,-0.4304111055371091,0.0,0.0,0.0,0.0,1.0,0
3459,0.48598724213367606,-0.731759524868226,0.6615895927269595,0.9767644117667437,-0.04668806341770988,0.09934491422984955,0.0,0.0,0.0,1.0,0.0,0
3460,0.4866283862525859,-0.39756789033265794,0.10896845532137647,0.9767644117667437,-1.4520117773223713,-1.6076467050192393,0.0,0.0,0.0,0.0,1.0,1
3461,0.4872695303714958,-1.360336027420294,-0.22765982779868216,-1.023788323932921,1.3586356504869515,-0.13610220566657652,0.0,1.0,0.0,0.0,0.0,0
3462,0.48791067449040565,0.7959151383946081,-0.38896406655023236,0.9767644117667437,0.6559737935346208,-1.5487849250451329,1.0,0.0,0.0,0.0,0.0,1
3463,0.4885518186093155,0.042952061626508796,1.1736118120580257,0.9767644117667437,-1.4520117773223713,1.5708894135825124,0.0,0.0,0.0,1.0,0.0,1
3464,0.4891929627282254,0.7600152664406972,-0.9666107962640269,-1.023788323932921,-1.4520117773223713,1.1588569537637667,0.0,0.0,0.0,0.0,1.0,0
3465,0.48983410684713524,-0.8493492729477732,0.8040018156930336,-1.023788323932921,1.3586356504869515,-1.0778906852522807,0.0,0.0,1.0,0.0,0.0,0
3466,0.4904752509660451,-0.5851199171290481,0.884008582053094,0.9767644117667437,-0.7493499203700406,-0.3715493255630026,0.0,0.0,0.0,1.0,0.0,1
3467,0.49111639508495497,-0.5509003098927152,-0.27937224422187196,0.9767644117667437,-1.4520117773223713,0.15820669420395606,0.0,1.0,0.0,0.0,0.0,1
3468,0.4917575392038648,-1.630546944429402,-0.6985943753543,0.9767644117667437,-0.7493499203700406,-1.6076467050192393,0.0,1.0,0.0,0.0,0.0,1
3469,0.49239868332277464,-0.5269866261424818,-0.10280465876087912,0.9767644117667437,-0.04668806341770988,-1.5487849250451329,0.0,0.0,1.0,0.0,0.0,1
3470,0.4930398274416845,1.0908989212637055,-1.4004652991139313,0.9767644117667437,-0.04668806341770988,-0.018378645718363482,0.0,0.0,0.0,0.0,1.0,1
3471,0.4936809715605944,1.4198750250098593,-1.5630785142869206,-1.023788323932921,1.3586356504869515,-1.43106136509692,0.0,0.0,0.0,1.0,0.0,0
3472,0.49432211567950424,0.09310497754005767,-1.3372230686954676,0.9767644117667437,-0.04668806341770988,1.0999951737896603,0.0,0.0,0.0,0.0,1.0,1
3473,0.4949632597984141,-0.12640144303418072,-1.0774284699119792,-1.023788323932921,1.3586356504869515,-0.018378645718363482,0.0,1.0,0.0,0.0,0.0,0
3474,0.49560440391732397,-1.612759354978863,0.012870033589192982,-1.023788323932921,1.3586356504869515,-1.3133378051487068,0.0,0.0,0.0,0.0,1.0,0
3475,0.49624554803623383,1.356545976576251,1.1992153281529099,-1.023788323932921,-0.7493499203700406,-0.7247200054076417,0.0,1.0,0.0,0.0,0.0,0
3476,0.4968866921551437,-1.6751092761044373,-0.9106422482925687,-1.023788323932921,-0.7493499203700406,-0.8424435653558547,0.0,0.0,0.0,0.0,1.0,0
3477,0.49752783627405356,1.5859542458972138,1.4950636956193284,0.9767644117667437,-0.04668806341770988,1.3354422936860864,0.0,0.0,1.0,0.0,0.0,0
3478,0.4981689803929634,-0.008401447115410451,1.5629714701716824,0.9767644117667437,-0.7493499203700406,-1.43106136509692,1.0,0.0,0.0,0.0,0.0,1
3479,0.4988101245118733,-0.5238834782902565,1.5767164374675304,0.9767644117667437,-1.4520117773223713,-0.3715493255630026,0.0,0.0,1.0,0.0,0.0,1
3480,0.49945126863078315,1.5140940603006963,1.1594117251347646,-1.023788323932921,0.6559737935346208,1.2177187337378734,0.0,0.0,1.0,0.0,0.0,0
3481,0.5000924127496931,-1.6352768649312972,-0.46981132697456063,-1.023788323932921,-1.4520117773223713,-0.13610220566657652,1.0,0.0,0.0,0.0,0.0,0
3482,0.5007335568686029,0.3143262402935091,-1.4710697157589572,0.9767644117667437,-1.4520117773223713,0.09934491422984955,1.0,0.0,0.0,0.0,0.0,1
3483,0.5013747009875128,0.20060385110150197,0.23517890533928562,-1.023788323932921,1.3586356504869515,-0.31268754558889605,0.0,0.0,0.0,1.0,0.0,0
3484,0.5020158451064226,-0.9530293784967506,0.20031593532294603,0.9767644117667437,0.6559737935346208,-0.13610220566657652,0.0,0.0,0.0,1.0,0.0,0
3485,0.5026569892253325,-0.21955062357497915,1.202101168782982,-1.023788323932921,1.3586356504869515,-0.5481346654853221,0.0,0.0,1.0,0.0,0.0,0
3486,0.5032981333442423,0.5622611514119383,1.7042597883326605,-1.023788323932921,-0.7493499203700406,-1.3133378051487068,0.0,0.0,1.0,0.0,0.0,0
3487,0.5039392774631521,0.824294229599058,0.026559254429023633,-1.023788323932921,-0.7493499203700406,0.3347920341262756,0.0,1.0,0.0,0.0,0.0,0
3488,0.5045804215820621,-1.718135674423607,-0.5338505173180603,-1.023788323932921,0.6559737935346208,-1.2544760251746003,0.0,1.0,0.0,0.0,0.0,0
3489,0.5052215657009719,1.5583161909338727,-1.081704349746135,-1.023788323932921,-0.04668806341770988,0.5702391540227016,0.0,0.0,0.0,1.0,0.0,0
3490,0.5058627098198818,-1.1448104496276552,-1.704528694247442,-1.023788323932921,-0.7493499203700406,-0.5481346654853221,0.0,0.0,0.0,1.0,0.0,0
3491,0.5065038539387916,-0.9031196610612077,0.02984834461951595,-1.023788323932921,-1.4520117773223713,1.2177187337378734,0.0,1.0,0.0,0.0,0.0,0
3492,0.5071449980577015,-0.7984949554458007,0.18943888322018648,0.9767644117667437,0.6559737935346208,-1.7253702649674525,0.0,1.0,0.0,0.0,0.0,0
3493,0.5077861421766113,-1.5882752377911227,1.1159958701212587,0.9767644117667437,0.6559737935346208,1.3354422936860864,0.0,0.0,0.0,0.0,1.0,0
3494,0.5084272862955213,-1.2899656626115759,0.014246174075542514,-1.023788323932921,-0.7493499203700406,1.3354422936860864,0.0,0.0,0.0,0.0,1.0,0
3495,0.5090684304144311,1.7315525341070823,1.4307746479378955,-1.023788323932921,-0.7493499203700406,-1.5487849250451329,0.0,1.0,0.0,0.0,0.0,0
3496,0.509709574533341,-0.6173948790913276,0.43899525700651887,0.9767644117667437,1.3586356504869515,-1.1956142452004939,0.0,0.0,0.0,0.0,1.0,0
3497,0.5103507186522508,-1.317094062602436,1.1689500328704936,-1.023788323932921,1.3586356504869515,-0.25382576561478953,1.0,0.0,0.0,0.0,0.0,0
3498,0.5109918627711607,-1.346178232689201,-1.2110137749175276,0.9767644117667437,-1.4520117773223713,0.5702391540227016,0.0,0.0,0.0,1.0,0.0,1
3499,0.5116330068900705,0.7974451415178968,1.2205359004796625,0.9767644117667437,0.6559737935346208,-1.6076467050192393,0.0,0.0,0.0,1.0,0.0,1
3500,0.5122741510089804,1.2703218069053168,0.6008397829148966,0.9767644117667437,-0.04668806341770988,0.8056862739191277,0.0,1.0,0.0,0.0,0.0,0
3501,0.5129152951278902,-0.8213187850412557,-1.135590231205227,0.9767644117667437,-0.04668806341770988,1.629751193556619,0.0,0.0,1.0,0.0,0.0,0
3502,0.5135564392468002,-1.6474619504494632,-1.0684231403996547,0.9767644117667437,0.6559737935346208,-1.2544760251746003,0.0,1.0,0.0,0.0,0.0,1
3503,0.51419758336571,-0.9398358234157101,1.4652764542672179,-1.023788323932921,-1.4520117773223713,0.09934491422984955,0.0,0.0,0.0,0.0,1.0,0
3504,0.5148387274846199,-1.5228413198656405,-1.6102444031379037,-1.023788323932921,1.3586356504869515,-1.6076467050192393,0.0,0.0,1.0,0.0,0.0,0
3505,0.5154798716035297,-1.3587652681952491,-0.13033982048643084,0.9767644117667437,1.3586356504869515,-1.5487849250451329,0.0,0.0,0.0,0.0,1.0,1
3506,0.5161210157224396,-0.2103782869967458,-0.6429682782472417,-1.023788323932921,1.3586356504869515,-1.43106136509692,1.0,0.0,0.0,0.0,0.0,0
3507,0.5167621598413494,-0.9159367805885064,0.5662205523185495,0.9767644117667437,-0.04668806341770988,-1.2544760251746003,0.0,0.0,0.0,0.0,1.0,0
3508,0.5174033039602594,0.08515151109380246,1.166519115103835,-1.023788323932921,-0.04668806341770988,-0.25382576561478953,1.0,0.0,0.0,0.0,0.0,0
3509,0.5180444480791692,-0.8334236003671558,-0.48166556690312634,-1.023788323932921,-1.4520117773223713,-1.666508484993346,1.0,0.0,0.0,0.0,0.0,0
3510,0.5186855921980791,1.571209636631579,-0.2528841548588738,-1.023788323932921,-0.04668806341770988,-1.666508484993346,0.0,0.0,0.0,0.0,1.0,0
3511,0.5193267363169889,1.4501339362686985,1.655860662811433,-1.023788323932921,-0.7493499203700406,1.1588569537637667,0.0,0.0,0.0,0.0,1.0,0
3512,0.5199678804358988,0.2631608839067661,0.9749179270829884,-1.023788323932921,-0.04668806341770988,-0.5481346654853221,1.0,0.0,0.0,0.0,0.0,0
3513,0.5206090245548086,-0.4801705825201233,1.3645234122455108,-1.023788323932921,1.3586356504869515,-0.4892728855112156,0.0,0.0,1.0,0.0,0.0,0
3514,0.5212501686737185,-0.38664121338769497,-0.21209617689123839,-1.023788323932921,-1.4520117773223713,-1.6076467050192393,1.0,0.0,0.0,0.0,0.0,1
3515,0.5218913127926283,-0.27917316671813147,-0.9160282918742676,-1.023788323932921,0.6559737935346208,0.2759302541521691,0.0,0.0,0.0,1.0,0.0,0
3516,0.5225324569115383,0.8258626554741293,-0.3046032176383591,0.9767644117667437,0.6559737935346208,1.1588569537637667,1.0,0.0,0.0,0.0,0.0,1
3517,0.5231736010304481,-0.13992078414903178,0.7416635545346266,0.9767644117667437,-1.4520117773223713,1.6886129735307256,0.0,0.0,1.0,0.0,0.0,1
3518,0.523814745149358,1.2778862352243527,-1.3446954888163178,-1.023788323932921,-0.7493499203700406,0.45251559407448866,0.0,0.0,0.0,1.0,0.0,0
3519,0.5244558892682678,1.583660734211853,-0.7908700977115786,-1.023788323932921,0.6559737935346208,0.15820669420395606,0.0,1.0,0.0,0.0,0.0,0
3520,0.5250970333871777,-0.5448425017967135,-1.560650975142366,-1.023788323932921,1.3586356504869515,1.5708894135825124,0.0,1.0,0.0,0.0,0.0,0
3521,0.5257381775060875,0.24177037180558508,-0.23415611129699992,0.9767644117667437,0.6559737935346208,-0.9013053453299612,0.0,0.0,1.0,0.0,0.0,1
3522,0.5263793216249975,-1.387949434700075,1.124618531120812,-1.023788323932921,0.6559737935346208,-1.1367524652263874,1.0,0.0,0.0,0.0,0.0,0
3523,0.5270204657439073,-1.01900858927378,-1.6362152273125006,-1.023788323932921,1.3586356504869515,-1.1956142452004939,0.0,0.0,0.0,0.0,1.0,0
3524,0.5276616098628171,-0.2735260192825577,0.6014576910102973,0.9767644117667437,-0.04668806341770988,0.3347920341262756,0.0,0.0,1.0,0.0,0.0,0
3525,0.528302753981727,-0.998940910868849,1.4858946329353626,0.9767644117667437,-0.7493499203700406,-0.9601671253040678,0.0,0.0,0.0,1.0,0.0,0
3526,0.5289438981006368,1.3472925865972214,-0.9062212061391619,0.9767644117667437,1.3586356504869515,-1.666508484993346,0.0,0.0,0.0,1.0,0.0,1
3527,0.5295850422195467,-1.1666471826158227,0.6644318117930627,-1.023788323932921,1.3586356504869515,0.8645480538932343,0.0,1.0,0.0,0.0,0.0,0
3528,0.5302261863384565,-0.1258445053080213,1.6324202769159581,0.9767644117667437,-1.4520117773223713,1.0411333938155538,0.0,0.0,0.0,1.0,0.0,1
3529,0.5308673304573664,0.3992857721849405,1.5883180288605376,-1.023788323932921,-0.7493499203700406,0.8056862739191277,0.0,0.0,1.0,0.0,0.0,0
3530,0.5315084745762763,0.700859703645856,-0.9130947921056963,0.9767644117667437,-0.04668806341770988,1.3943040736601928,0.0,0.0,0.0,1.0,0.0,1
3531,0.5321496186951862,-0.3799125601373311,-1.375988910506175,-1.023788323932921,1.3586356504869515,0.39365381410038214,0.0,0.0,1.0,0.0,0.0,0
3532,0.532790762814096,1.3211778176766757,-1.2110797946826606,-1.023788323932921,-0.04668806341770988,1.2177187337378734,0.0,0.0,0.0,0.0,1.0,0
3533,0.5334319069330059,0.2684565029025801,0.6933229522095328,-1.023788323932921,1.3586356504869515,-0.07724042569247,0.0,1.0,0.0,0.0,0.0,0
3534,0.5340730510519157,-0.18237969822669298,0.7749090201259174,0.9767644117667437,1.3586356504869515,0.2759302541521691,0.0,0.0,0.0,1.0,0.0,1
3535,0.5347141951708256,-1.485304317884567,0.5977195279945696,-1.023788323932921,-1.4520117773223713,1.3354422936860864,0.0,0.0,1.0,0.0,0.0,0
3536,0.5353553392897354,-0.09424449324200555,-0.5652343582448056,-1.023788323932921,0.6559737935346208,-0.6069964454594287,1.0,0.0,0.0,0.0,0.0,0
3537,0.5359964834086454,1.1519078701701884,-1.1371587715981397,-1.023788323932921,-0.7493499203700406,-0.5481346654853221,0.0,1.0,0.0,0.0,0.0,0
3538,0.5366376275275552,0.43023174751063764,0.27624966825859804,0.9767644117667437,-1.4520117773223713,0.21706847417806258,0.0,0.0,0.0,0.0,1.0,1
3539,0.5372787716464651,1.1919006963658587,-0.05761869125195975,-1.023788323932921,-0.04668806341770988,1.6886129735307256,0.0,0.0,1.0,0.0,0.0,0
3540,0.5379199157653749,0.008382395698186964,0.7854851333620384,-1.023788323932921,1.3586356504869515,1.0999951737896603,0.0,0.0,0.0,0.0,1.0,0
3541,0.5385610598842848,-1.3060319991945315,-0.20316192857243925,-1.023788323932921,1.3586356504869515,1.3354422936860864,0.0,0.0,0.0,0.0,1.0,0
3542,0.5392022040031946,-1.6729055802471005,-0.5564258121422085,-1.023788323932921,-0.7493499203700406,0.7468244939450213,0.0,0.0,0.0,1.0,0.0,0
3543,0.5398433481221045,-0.659384711466531,-0.7117386241891139,0.9767644117667437,-1.4520117773223713,0.15820669420395606,0.0,0.0,0.0,1.0,0.0,1
3544,0.5404844922410144,0.7223025042875276,-0.9937717935949038,-1.023788323932921,-1.4520117773223713,-0.6658582254335351,0.0,0.0,1.0,0.0,0.0,1
3545,0.5411256363599243,1.04524294191962,-0.8071119542397912,0.9767644117667437,-0.04668806341770988,-1.3133378051487068,1.0,0.0,0.0,0.0,0.0,1
3546,0.5417667804788341,-0.6855179953593472,-1.394905977576951,0.9767644117667437,-1.4520117773223713,0.040483134255743035,0.0,0.0,1.0,0.0,0.0,1
3547,0.542407924597744,0.01413022584464367,-0.5281657829707581,-1.023788323932921,-1.4520117773223713,-1.1367524652263874,1.0,0.0,0.0,0.0,0.0,1
3548,0.5430490687166538,-0.24674025090444945,-1.595269083405158,0.9767644117667437,0.6559737935346208,-1.3133378051487068,0.0,0.0,0.0,0.0,1.0,1
3549,0.5436902128355637,-0.2838263753777398,-1.0799430730892488,0.9767644117667437,-0.7493499203700406,-0.31268754558889605,0.0,1.0,0.0,0.0,0.0,1
3550,0.5443313569544735,-0.910930622335116,0.8471695416947567,0.9767644117667437,-1.4520117773223713,1.0999951737896603,0.0,0.0,1.0,0.0,0.0,0
3551,0.5449725010733835,-1.2433495994057837,-0.6017209577915098,-1.023788323932921,-0.04668806341770988,-0.6069964454594287,0.0,0.0,1.0,0.0,0.0,0
3552,0.5456136451922933,-1.0322401971053965,0.5770865984775927,0.9767644117667437,1.3586356504869515,0.45251559407448866,1.0,0.0,0.0,0.0,0.0,0
3553,0.5462547893112032,-1.5269828495478328,0.7443881944184138,0.9767644117667437,-1.4520117773223713,-1.3721995851228133,0.0,0.0,0.0,0.0,1.0,1
3554,0.546895933430113,-1.0271925947941218,0.27770870172660206,-1.023788323932921,-1.4520117773223713,1.3354422936860864,0.0,0.0,0.0,0.0,1.0,0
3555,0.5475370775490229,-1.6884417750600158,1.576005016876989,-1.023788323932921,1.3586356504869515,-1.0190289052781742,1.0,0.0,0.0,0.0,0.0,0
3556,0.5481782216679327,0.4747422309258564,-1.6473022162865694,0.9767644117667437,0.6559737935346208,0.5113773740485952,0.0,0.0,0.0,0.0,1.0,1
3557,0.5488193657868427,-0.6133395664019792,0.8192517776262775,0.9767644117667437,-0.7493499203700406,0.7468244939450213,0.0,0.0,0.0,1.0,0.0,0
3558,0.5494605099057525,1.685334662451711,1.5763107601743225,0.9767644117667437,0.6559737935346208,-1.1956142452004939,0.0,1.0,0.0,0.0,0.0,1
3559,0.5501016540246624,-1.0426403902408727,1.2443879983799842,-1.023788323932921,-0.04668806341770988,-1.3133378051487068,0.0,0.0,1.0,0.0,0.0,0
3560,0.5507427981435722,-0.5102543184306728,-1.143638855916449,0.9767644117667437,-1.4520117773223713,0.6879627139709147,0.0,1.0,0.0,0.0,0.0,1
3561,0.5513839422624821,-0.4682105946289766,-0.5970736650543333,-1.023788323932921,0.6559737935346208,1.3943040736601928,0.0,0.0,1.0,0.0,0.0,0
3562,0.5520250863813919,-1.6910646596088978,-1.1279595691888595,0.9767644117667437,-0.7493499203700406,0.7468244939450213,0.0,0.0,0.0,1.0,0.0,0
3563,0.5526662305003017,1.2165597472601113,0.34691343305676253,0.9767644117667437,-0.04668806341770988,-0.6069964454594287,0.0,0.0,0.0,0.0,1.0,1
3564,0.5533073746192116,-1.60866494258044,0.7282375967393008,-1.023788323932921,0.6559737935346208,-0.7835817853817482,1.0,0.0,0.0,0.0,0.0,0
3565,0.5539485187381215,1.5699585143031338,-0.6305928103164593,0.9767644117667437,-1.4520117773223713,-1.1367524652263874,0.0,0.0,0.0,1.0,0.0,1
3566,0.5545896628570314,1.4015906645579217,0.13437197402918657,-1.023788323932921,-0.7493499203700406,-0.8424435653558547,0.0,1.0,0.0,0.0,0.0,0
3567,0.5552308069759412,0.15366709604385345,0.6550972108518706,0.9767644117667437,-1.4520117773223713,0.39365381410038214,1.0,0.0,0.0,0.0,0.0,1
3568,0.5558719510948511,0.1819246765370359,-0.27201326318784086,-1.023788323932921,-1.4520117773223713,0.6879627139709147,0.0,0.0,0.0,0.0,1.0,0
3569,0.5565130952137609,0.5675598186906804,1.2159942485467254,-1.023788323932921,-0.04668806341770988,0.09934491422984955,0.0,0.0,0.0,1.0,0.0,0
3570,0.5571542393326708,-0.3659804235371337,0.9323882564774795,0.9767644117667437,-0.7493499203700406,-0.25382576561478953,1.0,0.0,0.0,0.0,0.0,1
3571,0.5577953834515806,0.5446152632529622,-1.4986455425787408,-1.023788323932921,1.3586356504869515,1.629751193556619,0.0,0.0,0.0,1.0,0.0,0
3572,0.5584365275704906,-1.5639565492905942,0.41506551002088654,0.9767644117667437,-1.4520117773223713,1.27658051371198,0.0,0.0,0.0,1.0,0.0,0
3573,0.5590776716894004,-1.531479473028363,-0.9117316844497628,-1.023788323932921,-0.7493499203700406,0.39365381410038214,0.0,0.0,0.0,0.0,1.0,0
3574,0.5597188158083103,-0.1203509558945163,0.1963156657542813,-1.023788323932921,-1.4520117773223713,1.27658051371198,0.0,0.0,1.0,0.0,0.0,0
3575,0.5603599599272201,0.2030180499681813,1.5697826891181461,-1.023788323932921,0.6559737935346208,-1.2544760251746003,1.0,0.0,0.0,0.0,0.0,0
3576,0.56100110404613,1.386692295741862,1.30213114138812,0.9767644117667437,0.6559737935346208,0.2759302541521691,0.0,0.0,0.0,0.0,1.0,1
3577,0.5616422481650398,-1.3543353630577195,-0.329870371534677,-1.023788323932921,-0.7493499203700406,-1.6076467050192393,0.0,0.0,0.0,1.0,0.0,0
3578,0.5622833922839497,1.1586001191132878,-0.7184954551336735,-1.023788323932921,-0.04668806341770988,0.040483134255743035,0.0,0.0,0.0,0.0,1.0,0
3579,0.5629245364028596,-0.9854848433346193,-0.9148949751410745,-1.023788323932921,1.3586356504869515,0.6879627139709147,0.0,0.0,1.0,0.0,0.0,0
3580,0.5635656805217695,-0.3413628918848894,0.11032692579128776,0.9767644117667437,0.6559737935346208,-1.3721995851228133,1.0,0.0,0.0,0.0,0.0,1
3581,0.5642068246406793,-0.6125449767009372,-1.3281258224020631,0.9767644117667437,-0.04668806341770988,-1.666508484993346,0.0,0.0,1.0,0.0,0.0,1
3582,0.5648479687595892,-0.3201123761449982,0.16796642576056714,-1.023788323932921,1.3586356504869515,-0.31268754558889605,0.0,1.0,0.0,0.0,0.0,0
3583,0.565489112878499,-1.1939146180710016,-1.7164491918348521,-1.023788323932921,0.6559737935346208,0.5702391540227016,1.0,0.0,0.0,0.0,0.0,0
3584,0.5661302569974089,0.04183654216739008,-0.6072900634475089,0.9767644117667437,1.3586356504869515,-1.0778906852522807,0.0,0.0,1.0,0.0,0.0,1
3585,0.5667714011163187,1.0850820247586168,-0.9646634199973839,-1.023788323932921,-1.4520117773223713,-0.018378645718363482,0.0,0.0,0.0,1.0,0.0,1
3586,0.5674125452352287,-0.17528795003403302,1.6190659370270488,-1.023788323932921,-0.7493499203700406,1.3943040736601928,1.0,0.0,0.0,0.0,0.0,0
3587,0.5680536893541385,-0.003510840889756942,0.7800107069510923,-1.023788323932921,0.6559737935346208,-0.018378645718363482,1.0,0.0,0.0,0.0,0.0,0
3588,0.5686948334730484,1.250018193226641,-0.5185488372119212,-1.023788323932921,0.6559737935346208,-0.07724042569247,0.0,0.0,0.0,0.0,1.0,0
3589,0.5693359775919582,0.7505390300508366,-1.4017337681401194,-1.023788323932921,-1.4520117773223713,0.6291009339968082,0.0,0.0,0.0,1.0,0.0,0
3590,0.5699771217108681,-0.004067922270669695,0.05628423610169508,-1.023788323932921,0.6559737935346208,-1.1367524652263874,0.0,1.0,0.0,0.0,0.0,0
3591,0.5706182658297779,-0.8187170854111252,-0.9869707970520247,0.9767644117667437,0.6559737935346208,1.2177187337378734,0.0,0.0,1.0,0.0,0.0,0
3592,0.5712594099486878,1.3765742492300757,0.12378982033026184,-1.023788323932921,0.6559737935346208,1.27658051371198,0.0,0.0,0.0,0.0,1.0,0
3593,0.5719005540675977,0.298910637130604,1.1518444348892354,-1.023788323932921,0.6559737935346208,-0.4304111055371091,0.0,0.0,1.0,0.0,0.0,0
3594,0.5725416981865076,-0.9466341983600611,0.39672575272790955,0.9767644117667437,0.6559737935346208,-0.7835817853817482,0.0,1.0,0.0,0.0,0.0,0
3595,0.5731828423054174,-0.7787330387713761,0.4586150270260983,0.9767644117667437,-0.04668806341770988,-1.0190289052781742,0.0,1.0,0.0,0.0,0.0,0
3596,0.5738239864243273,1.0902987300148497,0.13961215601774704,0.9767644117667437,0.6559737935346208,0.15820669420395606,1.0,0.0,0.0,0.0,0.0,1
3597,0.5744651305432371,-1.5661364250065122,1.4679073991709664,0.9767644117667437,-1.4520117773223713,-1.7253702649674525,0.0,1.0,0.0,0.0,0.0,1
3598,0.575106274662147,1.7516502980943698,1.4838546032174227,-1.023788323932921,0.6559737935346208,0.5702391540227016,0.0,0.0,1.0,0.0,0.0,0
3599,0.5757474187810568,-1.2644174199604836,0.04226174272763175,0.9767644117667437,1.3586356504869515,-1.0190289052781742,0.0,0.0,0.0,1.0,0.0,0
3600,0.5763885628999666,1.0655729548514332,-0.669503561241192,-1.023788323932921,1.3586356504869515,0.45251559407448866,0.0,0.0,0.0,1.0,0.0,0
3601,0.5770297070188766,-0.3389420722786819,-0.14047802071159773,0.9767644117667437,-1.4520117773223713,-1.6076467050192393,1.0,0.0,0.0,0.0,0.0,1
3602,0.5776708511377864,0.002098240232067647,-1.079447621556147,0.9767644117667437,-0.04668806341770988,-0.8424435653558547,0.0,0.0,1.0,0.0,0.0,1
3603,0.5783119952566963,1.361607775778195,0.467404963664261,0.9767644117667437,-1.4520117773223713,0.6879627139709147,0.0,0.0,1.0,0.0,0.0,1
3604,0.5789531393756061,-0.27546702372352705,-0.0011768461087840393,-1.023788323932921,-0.04668806341770988,-1.3721995851228133,0.0,1.0,0.0,0.0,0.0,0
3605,0.579594283494516,0.16056847255074633,-1.3657768140774844,0.9767644117667437,-0.7493499203700406,1.3943040736601928,0.0,0.0,1.0,0.0,0.0,1
3606,0.5802354276134258,-1.5480972177695307,-1.0413086464876335,0.9767644117667437,1.3586356504869515,1.3354422936860864,0.0,0.0,0.0,0.0,1.0,0
3607,0.5808765717323358,-1.7124285668830665,-0.0715417811810488,0.9767644117667437,1.3586356504869515,-1.6076467050192393,0.0,1.0,0.0,0.0,0.0,1
3608,0.5815177158512456,-0.8638519385508516,1.3314561510024392,-1.023788323932921,1.3586356504869515,-0.9601671253040678,0.0,0.0,0.0,0.0,1.0,0
3609,0.5821588599701555,0.6613771652294843,0.22682877453128328,-1.023788323932921,-0.04668806341770988,-0.8424435653558547,1.0,0.0,0.0,0.0,0.0,0
3610,0.5828000040890653,-1.2962209185259344,0.6228194610018636,0.9767644117667437,-1.4520117773223713,-1.5487849250451329,0.0,0.0,0.0,1.0,0.0,1
3611,0.5834411482079752,-1.3224809800046533,-0.5550885074867021,-1.023788323932921,-0.04668806341770988,0.040483134255743035,1.0,0.0,0.0,0.0,0.0,0
3612,0.584082292326885,-0.2822940047049694,0.2440952815841672,0.9767644117667437,1.3586356504869515,-1.0190289052781742,0.0,0.0,0.0,1.0,0.0,1
3613,0.5847234364457949,0.5467668893269009,-0.18245953198916431,-1.023788323932921,1.3586356504869515,-0.19496398564068304,1.0,0.0,0.0,0.0,0.0,0
3614,0.5853645805647048,0.7715874337937296,0.5457665145080814,0.9767644117667437,1.3586356504869515,1.6886129735307256,0.0,0.0,1.0,0.0,0.0,0
3615,0.5860057246836147,-1.0960722824162399,-1.5471021397331493,-1.023788323932921,1.3586356504869515,-1.7253702649674525,0.0,0.0,0.0,0.0,1.0,0
3616,0.5866468688025245,-1.442088365974869,-0.02453550613430456,0.9767644117667437,-0.7493499203700406,-0.31268754558889605,0.0,0.0,0.0,1.0,0.0,1
3617,0.5872880129214344,1.5707187054965597,-0.7030926062380941,-1.023788323932921,1.3586356504869515,0.39365381410038214,0.0,1.0,0.0,0.0,0.0,0
3618,0.5879291570403442,-0.8083195980410425,-0.5992583249799883,-1.023788323932921,-0.04668806341770988,1.1588569537637667,0.0,0.0,0.0,0.0,1.0,0
3619,0.5885703011592541,1.2660442585413016,1.5836387147590798,0.9767644117667437,1.3586356504869515,0.8056862739191277,0.0,1.0,0.0,0.0,0.0,0
3620,0.5892114452781639,1.3015513103100453,-1.0927331397102433,0.9767644117667437,0.6559737935346208,-1.1367524652263874,0.0,0.0,0.0,0.0,1.0,1
3621,0.5898525893970739,0.9831628444720276,-0.6506375608768481,-1.023788323932921,-0.7493499203700406,-1.2544760251746003,0.0,0.0,0.0,0.0,1.0,0
3622,0.5904937335159837,-1.1297317499931514,0.03252698841154046,0.9767644117667437,1.3586356504869515,-1.3721995851228133,1.0,0.0,0.0,0.0,0.0,0
3623,0.5911348776348936,1.15563750495555,1.246985258190304,0.9767644117667437,0.6559737935346208,-0.9601671253040678,0.0,0.0,0.0,1.0,0.0,1
3624,0.5917760217538034,0.9717108219952768,-0.28807286200890453,0.9767644117667437,-0.04668806341770988,-0.018378645718363482,0.0,0.0,0.0,1.0,0.0,1
3625,0.5924171658727133,0.36786914654060093,0.8371784437047147,0.9767644117667437,-0.7493499203700406,-0.3715493255630026,0.0,0.0,0.0,0.0,1.0,1
3626,0.5930583099916231,-0.5404469505925868,1.2241055578496083,-1.023788323932921,1.3586356504869515,-1.6076467050192393,0.0,0.0,1.0,0.0,0.0,0
3627,0.593699454110533,-0.8018718735055127,-0.6548638383097544,0.9767644117667437,-0.04668806341770988,1.0411333938155538,0.0,0.0,1.0,0.0,0.0,0
3628,0.5943405982294429,-1.2940358204310045,-0.3703353723521939,-1.023788323932921,0.6559737935346208,0.5113773740485952,0.0,1.0,0.0,0.0,0.0,0
3629,0.5949817423483528,0.06349084318332672,-0.49480938929716245,-1.023788323932921,-0.7493499203700406,-0.19496398564068304,0.0,1.0,0.0,0.0,0.0,0
3630,0.5956228864672626,0.3277520654456061,1.1432242177060463,0.9767644117667437,1.3586356504869515,-1.7253702649674525,1.0,0.0,0.0,0.0,0.0,1
3631,0.5962640305861725,-0.46296822488464134,-1.568523167607882,0.9767644117667437,-0.04668806341770988,0.45251559407448866,0.0,0.0,0.0,0.0,1.0,1
3632,0.5969051747050823,-0.05690119378438674,-0.6603500932418053,-1.023788323932921,-0.7493499203700406,-0.25382576561478953,0.0,1.0,0.0,0.0,0.0,0
3633,0.5975463188239922,-0.44835420746559235,0.615506449245762,0.9767644117667437,0.6559737935346208,-1.43106136509692,0.0,1.0,0.0,0.0,0.0,1
3634,0.598187462942902,0.5228586455237186,0.2235712030614339,0.9767644117667437,1.3586356504869515,1.6886129735307256,0.0,0.0,0.0,0.0,1.0,0
3635,0.598828607061812,1.4337374066010116,-0.22060055131843184,-1.023788323932921,-0.7493499203700406,0.6879627139709147,1.0,0.0,0.0,0.0,0.0,0
3636,0.5994697511807218,-1.146928318945091,0.13589085598475323,-1.023788323932921,0.6559737935346208,-1.0778906852522807,0.0,1.0,0.0,0.0,0.0,0
3637,0.6001108952996316,-0.3857244731606795,-1.0415259803132848,-1.023788323932921,0.6559737935346208,1.3943040736601928,1.0,0.0,0.0,0.0,0.0,0
3638,0.6007520394185415,-1.2276084787392962,-0.23976565643502204,0.9767644117667437,-0.04668806341770988,1.2177187337378734,0.0,0.0,0.0,1.0,0.0,0
3639,0.6013931835374513,0.46664108974577495,0.004362306731371378,0.9767644117667437,0.6559737935346208,0.45251559407448866,1.0,0.0,0.0,0.0,0.0,0
3640,0.6020343276563612,0.8303817751653318,1.37822812546699,-1.023788323932921,0.6559737935346208,0.9234098338673408,0.0,0.0,1.0,0.0,0.0,0
3641,0.602675471775271,1.5410238876377844,-0.8240020226474547,-1.023788323932921,-1.4520117773223713,0.2759302541521691,0.0,0.0,1.0,0.0,0.0,1
3642,0.603316615894181,-0.7446007033462517,1.2634981989775196,0.9767644117667437,0.6559737935346208,-1.1956142452004939,1.0,0.0,0.0,0.0,0.0,0
3643,0.6039577600130908,1.6050680332301133,0.4945636928939307,0.9767644117667437,1.3586356504869515,-1.2544760251746003,0.0,0.0,1.0,0.0,0.0,1
3644,0.6045989041320007,-1.4992270746400176,-1.6510818903240487,0.9767644117667437,-0.7493499203700406,-0.4304111055371091,0.0,0.0,0.0,1.0,0.0,1
3645,0.6052400482509105,0.3898870273201489,0.7710313219231709,-1.023788323932921,1.3586356504869515,-0.018378645718363482,0.0,0.0,0.0,0.0,1.0,0
3646,0.6058811923698204,-1.5206817371784616,-1.5987698452946701,0.9767644117667437,1.3586356504869515,1.27658051371198,0.0,0.0,1.0,0.0,0.0,0
3647,0.6065223364887302,1.4075400454420561,1.709040374038874,0.9767644117667437,-0.04668806341770988,1.2177187337378734,0.0,0.0,1.0,0.0,0.0,0
3648,0.6071634806076401,0.13367224897627297,1.2800339460785668,-1.023788323932921,-1.4520117773223713,-0.4892728855112156,1.0,0.0,0.0,0.0,0.0,0
3649,0.60780462472655,0.622055881328243,-0.6984459847377229,0.9767644117667437,-1.4520117773223713,0.9822716138414473,0.0,0.0,0.0,1.0,0.0,1
3650,0.6084457688454599,1.1898408654306878,-0.8357772096437928,-1.023788323932921,1.3586356504869515,-1.2544760251746003,0.0,0.0,0.0,0.0,1.0,0
3651,0.6090869129643697,-1.1945616774699168,-0.409228306124469,0.9767644117667437,-0.7493499203700406,-0.6658582254335351,1.0,0.0,0.0,0.0,0.0,1
3652,0.6097280570832796,-1.5855752704759596,-0.49614808099132296,-1.023788323932921,-1.4520117773223713,-1.3133378051487068,1.0,0.0,0.0,0.0,0.0,0
3653,0.6103692012021894,1.3554148147450618,-0.44053518183663515,-1.023788323932921,-1.4520117773223713,1.3943040736601928,0.0,0.0,0.0,1.0,0.0,0
3654,0.6110103453210993,-0.6183871558907088,-0.6264563617217512,-1.023788323932921,1.3586356504869515,-1.5487849250451329,0.0,0.0,0.0,0.0,1.0,0
3655,0.6116514894400091,-1.2692220828929732,0.41509339326850303,0.9767644117667437,-1.4520117773223713,-1.4899231450710264,0.0,0.0,0.0,1.0,0.0,1
3656,0.612292633558919,-0.0810434082932094,-1.1561193831960757,0.9767644117667437,-0.04668806341770988,-0.6658582254335351,0.0,0.0,0.0,0.0,1.0,1
3657,0.6129337776778289,0.37340990190929163,1.188363840537696,0.9767644117667437,1.3586356504869515,0.9234098338673408,0.0,0.0,0.0,1.0,0.0,0
3658,0.6135749217967388,-1.6122484125233856,1.0728835453479972,0.9767644117667437,-1.4520117773223713,-0.7247200054076417,1.0,0.0,0.0,0.0,0.0,1
3659,0.6142160659156486,-0.7585175303528044,-0.08237058677123284,-1.023788323932921,-1.4520117773223713,1.5708894135825124,1.0,0.0,0.0,0.0,0.0,0
3660,0.6148572100345585,-1.6058460156014995,1.2115730837370062,0.9767644117667437,-1.4520117773223713,-0.07724042569247,0.0,1.0,0.0,0.0,0.0,1
3661,0.6154983541534683,-0.24948253236578932,-0.8710833822703078,0.9767644117667437,1.3586356504869515,-0.6658582254335351,0.0,0.0,1.0,0.0,0.0,1
3662,0.6161394982723782,1.4121804529930784,-1.6606266353994694,-1.023788323932921,-0.7493499203700406,-1.43106136509692,0.0,0.0,0.0,1.0,0.0,0
3663,0.616780642391288,1.71861134725487,0.40847150228185297,-1.023788323932921,0.6559737935346208,-1.4899231450710264,0.0,1.0,0.0,0.0,0.0,0
3664,0.617421786510198,0.5090039926750485,-0.14624742192114062,-1.023788323932921,-1.4520117773223713,1.629751193556619,0.0,0.0,1.0,0.0,0.0,0
3665,0.6180629306291078,-1.1549172441399824,0.22949002489757866,-1.023788323932921,0.6559737935346208,0.7468244939450213,0.0,0.0,0.0,1.0,0.0,0
3666,0.6187040747480177,1.4498029161647112,1.3718668099238538,0.9767644117667437,0.6559737935346208,1.512027633608406,0.0,0.0,0.0,0.0,1.0,0
3667,0.6193452188669275,0.08620830902552534,1.6146184590470156,-1.023788323932921,-1.4520117773223713,-1.4899231450710264,0.0,0.0,1.0,0.0,0.0,0
3668,0.6199863629858374,-1.1825263598028268,0.46090105472519727,0.9767644117667437,-1.4520117773223713,1.6886129735307256,1.0,0.0,0.0,0.0,0.0,0
3669,0.6206275071047472,1.5053729509957823,0.9066145836168225,0.9767644117667437,0.6559737935346208,-1.3133378051487068,0.0,1.0,0.0,0.0,0.0,1
3670,0.6212686512236572,0.9304758710895303,-1.4328115642339332,-1.023788323932921,-0.7493499203700406,-0.19496398564068304,0.0,0.0,1.0,0.0,0.0,0
3671,0.621909795342567,0.8403033673470914,-1.168321519301762,-1.023788323932921,0.6559737935346208,0.39365381410038214,0.0,0.0,1.0,0.0,0.0,0
3672,0.6225509394614769,0.7614680049236114,0.8005161865854273,-1.023788323932921,-0.7493499203700406,0.7468244939450213,1.0,0.0,0.0,0.0,0.0,0
3673,0.6231920835803867,-1.0194608790108168,-0.23753426004366096,-1.023788323932921,-0.04668806341770988,1.629751193556619,0.0,0.0,0.0,1.0,0.0,0
3674,0.6238332276992965,-0.9821271296631913,-0.1873242939392343,-1.023788323932921,-0.7493499203700406,0.8645480538932343,0.0,0.0,0.0,0.0,1.0,0
3675,0.6244743718182064,0.6883616192687665,-0.6597083851699044,0.9767644117667437,1.3586356504869515,0.45251559407448866,1.0,0.0,0.0,0.0,0.0,1
3676,0.6251155159371162,-0.9516211685827292,0.36771307214387233,-1.023788323932921,-1.4520117773223713,0.39365381410038214,0.0,0.0,0.0,0.0,1.0,0
3677,0.6257566600560261,-0.1853059676411818,-1.0842378054381976,0.9767644117667437,-0.04668806341770988,-0.7247200054076417,0.0,0.0,0.0,1.0,0.0,1
3678,0.626397804174936,1.0163398982464655,0.4349811692467426,-1.023788323932921,0.6559737935346208,-0.25382576561478953,0.0,0.0,1.0,0.0,0.0,0
3679,0.6270389482938459,1.0231672675518744,-1.1233270655946945,0.9767644117667437,-0.7493499203700406,0.6879627139709147,0.0,0.0,0.0,0.0,1.0,1
3680,0.6276800924127557,-0.13424110992815144,-1.5015326838436518,0.9767644117667437,-0.04668806341770988,-0.8424435653558547,0.0,1.0,0.0,0.0,0.0,1
3681,0.6283212365316656,1.0519980082055325,-0.5849083146889644,0.9767644117667437,1.3586356504869515,-0.4892728855112156,0.0,1.0,0.0,0.0,0.0,1
3682,0.6289623806505754,1.2145082146791712,-0.9261249636571839,-1.023788323932921,-0.7493499203700406,0.9234098338673408,1.0,0.0,0.0,0.0,0.0,0
3683,0.6296035247694853,0.5710521899822838,1.3362799727509143,-1.023788323932921,0.6559737935346208,-0.4304111055371091,0.0,0.0,0.0,1.0,0.0,0
3684,0.6302446688883951,-0.9211605538575302,-1.5320462220838806,-1.023788323932921,0.6559737935346208,0.9822716138414473,1.0,0.0,0.0,0.0,0.0,0
3685,0.6308858130073051,-0.7616110782276335,-1.1136466140617458,0.9767644117667437,-0.7493499203700406,-1.6076467050192393,1.0,0.0,0.0,0.0,0.0,1
3686,0.6315269571262149,-0.6187094054959875,0.16605635054060683,0.9767644117667437,1.3586356504869515,-1.6076467050192393,1.0,0.0,0.0,0.0,0.0,0
3687,0.6321681012451248,-1.311833543680597,-0.06660589070022865,-1.023788323932921,-1.4520117773223713,-1.0778906852522807,0.0,1.0,0.0,0.0,0.0,0
3688,0.6328092453640346,-0.76459361449216,-1.5633468103748103,-1.023788323932921,-1.4520117773223713,-0.4304111055371091,0.0,1.0,0.0,0.0,0.0,0
3689,0.6334503894829445,-0.9873332240194654,-1.696093989306032,0.9767644117667437,0.6559737935346208,0.9822716138414473,1.0,0.0,0.0,0.0,0.0,0
3690,0.6340915336018543,-0.1270067471431598,1.6770115622162658,0.9767644117667437,1.3586356504869515,-1.1367524652263874,0.0,1.0,0.0,0.0,0.0,1
3691,0.6347326777207642,1.4588613964654609,0.5447512551514493,-1.023788323932921,0.6559737935346208,0.6879627139709147,0.0,0.0,0.0,1.0,0.0,0
3692,0.6353738218396741,-1.354966468062519,-0.4643738275357001,-1.023788323932921,-1.4520117773223713,1.27658051371198,1.0,0.0,0.0,0.0,0.0,0
3693,0.636014965958584,0.8002729659328508,-0.10318033858037637,-1.023788323932921,0.6559737935346208,0.9822716138414473,0.0,1.0,0.0,0.0,0.0,0
3694,0.6366561100774938,0.6848266684157159,-0.8043478113275074,0.9767644117667437,-0.7493499203700406,1.1588569537637667,0.0,0.0,0.0,0.0,1.0,1
3695,0.6372972541964037,-1.3855076377691946,-0.5349862652158729,0.9767644117667437,-0.7493499203700406,1.5708894135825124,1.0,0.0,0.0,0.0,0.0,0
3696,0.6379383983153135,1.5083330014745429,0.5110818350422361,-1.023788323932921,1.3586356504869515,0.9234098338673408,1.0,0.0,0.0,0.0,0.0,0
3697,0.6385795424342234,0.268992177405923,1.3150269937085153,-1.023788323932921,-1.4520117773223713,-0.07724042569247,0.0,0.0,0.0,1.0,0.0,0
3698,0.6392206865531332,-0.4476154901754799,-1.087797332723968,-1.023788323932921,1.3586356504869515,1.5708894135825124,0.0,0.0,1.0,0.0,0.0,0
3699,0.6398618306720432,0.927219261768458,1.1690369287349476,-1.023788323932921,1.3586356504869515,-1.43106136509692,0.0,0.0,1.0,0.0,0.0,0
3700,0.640502974790953,-0.8198727404494982,-1.3029924007092817,-1.023788323932921,-1.4520117773223713,0.9234098338673408,0.0,0.0,0.0,1.0,0.0,0
3701,0.6411441189098629,0.7066204087949866,-0.9816596764748002,0.9767644117667437,-0.04668806341770988,-0.8424435653558547,0.0,0.0,0.0,1.0,0.0,1
3702,0.6417852630287727,-1.5816565420141446,-1.593186802516409,-1.023788323932921,-0.04668806341770988,0.21706847417806258,0.0,0.0,0.0,1.0,0.0,0
3703,0.6424264071476826,1.2172600376686185,-1.236772065722562,0.9767644117667437,0.6559737935346208,1.2177187337378734,0.0,0.0,1.0,0.0,0.0,1
3704,0.6430675512665924,-0.15205920706870202,1.4336455830665389,0.9767644117667437,-0.04668806341770988,0.39365381410038214,0.0,0.0,0.0,1.0,0.0,0
3705,0.6437086953855023,0.5077627655657466,-0.1409878965541526,0.9767644117667437,-0.7493499203700406,-1.1367524652263874,0.0,1.0,0.0,0.0,0.0,1
3706,0.6443498395044122,-0.9463184669425142,-1.4539363756148775,0.9767644117667437,1.3586356504869515,-1.1367524652263874,1.0,0.0,0.0,0.0,0.0,1
3707,0.6449909836233221,0.6490944322910978,1.5795441653236548,0.9767644117667437,0.6559737935346208,1.3354422936860864,1.0,0.0,0.0,0.0,0.0,0
3708,0.6456321277422319,0.982174746811111,1.3018914483591328,0.9767644117667437,1.3586356504869515,-0.31268754558889605,0.0,0.0,0.0,0.0,1.0,1
3709,0.6462732718611418,-0.06441171666464347,0.8743798253200906,0.9767644117667437,-1.4520117773223713,1.629751193556619,0.0,0.0,0.0,0.0,1.0,1
3710,0.6469144159800516,0.44138232901014385,1.4892543326674095,0.9767644117667437,-0.04668806341770988,-0.6658582254335351,1.0,0.0,0.0,0.0,0.0,1
3711,0.6475555600989614,-0.12351666593336647,-0.9639924308939636,-1.023788323932921,-1.4520117773223713,0.09934491422984955,0.0,1.0,0.0,0.0,0.0,1
3712,0.6481967042178713,1.4086501718228297,1.155307380686125,-1.023788323932921,0.6559737935346208,1.1588569537637667,0.0,0.0,1.0,0.0,0.0,0
3713,0.6488378483367812,0.021883572709132586,0.6519010178886656,-1.023788323932921,-0.7493499203700406,1.629751193556619,0.0,0.0,1.0,0.0,0.0,0
3714,0.6494789924556911,1.225662320616556,1.2701381987432465,-1.023788323932921,-0.04668806341770988,-1.3133378051487068,0.0,1.0,0.0,0.0,0.0,0
3715,0.6501201365746009,1.084065172405584,1.0196089980607894,-1.023788323932921,-1.4520117773223713,1.4531658536342995,0.0,0.0,1.0,0.0,0.0,0
3716,0.6507612806935108,-0.283889245387009,-0.5294105511809775,0.9767644117667437,-0.04668806341770988,-1.0778906852522807,0.0,0.0,0.0,1.0,0.0,1
3717,0.6514024248124206,-0.9153553617407222,0.9421848330721826,0.9767644117667437,1.3586356504869515,0.6291009339968082,1.0,0.0,0.0,0.0,0.0,0
3718,0.6520435689313305,-0.299368532677139,-0.818426787686053,0.9767644117667437,-0.7493499203700406,0.2759302541521691,1.0,0.0,0.0,0.0,0.0,1
3719,0.6526847130502403,1.1710930894982643,-0.590980103274635,0.9767644117667437,-0.04668806341770988,-1.43106136509692,0.0,1.0,0.0,0.0,0.0,1
3720,0.6533258571691503,-0.923937139421803,-1.349939015431295,0.9767644117667437,-0.7493499203700406,-0.5481346654853221,0.0,0.0,1.0,0.0,0.0,1
3721,0.6539670012880601,0.11486790972527088,1.4947700159658015,-1.023788323932921,1.3586356504869515,1.3354422936860864,0.0,0.0,0.0,0.0,1.0,0
3722,0.65460814540697,1.100671453862987,-0.7202510894047353,-1.023788323932921,1.3586356504869515,-0.25382576561478953,0.0,0.0,0.0,0.0,1.0,0
3723,0.6552492895258798,-0.48348336510237044,0.06942796430825066,0.9767644117667437,-1.4520117773223713,1.512027633608406,0.0,0.0,1.0,0.0,0.0,1
3724,0.6558904336447897,0.5270711408099038,-0.3752097459838949,-1.023788323932921,0.6559737935346208,-1.7253702649674525,0.0,0.0,0.0,0.0,1.0,0
3725,0.6565315777636995,-0.8609410081049624,1.5802363926169225,-1.023788323932921,-1.4520117773223713,-0.7835817853817482,0.0,1.0,0.0,0.0,0.0,0
3726,0.6571727218826094,-1.3381696518919493,-0.5687739198291255,-1.023788323932921,-0.7493499203700406,0.2759302541521691,0.0,1.0,0.0,0.0,0.0,0
3727,0.6578138660015193,1.0596779508084149,0.9564476866392393,-1.023788323932921,-1.4520117773223713,-0.19496398564068304,0.0,0.0,1.0,0.0,0.0,0
3728,0.6584550101204292,-1.374257240898816,1.22081111075531,-1.023788323932921,-0.04668806341770988,1.1588569537637667,0.0,0.0,0.0,0.0,1.0,0
3729,0.659096154239339,-0.7708173533650162,-0.22294896948544218,0.9767644117667437,-1.4520117773223713,1.1588569537637667,0.0,1.0,0.0,0.0,0.0,1
3730,0.6597372983582489,1.272214444685564,-0.42047158756920566,-1.023788323932921,0.6559737935346208,-1.666508484993346,0.0,1.0,0.0,0.0,0.0,0
3731,0.6603784424771587,-0.5080118276260549,0.8505239413857218,-1.023788323932921,0.6559737935346208,0.3347920341262756,0.0,0.0,0.0,1.0,0.0,0
3732,0.6610195865960686,1.68498689853102,1.4184889781302061,0.9767644117667437,-0.7493499203700406,-1.7253702649674525,0.0,0.0,0.0,1.0,0.0,1
3733,0.6616607307149784,1.708398160200967,0.8752368866707668,0.9767644117667437,1.3586356504869515,-1.1956142452004939,0.0,1.0,0.0,0.0,0.0,1
3734,0.6623018748338884,-0.781686077862165,-0.939929360046371,0.9767644117667437,0.6559737935346208,0.040483134255743035,0.0,0.0,1.0,0.0,0.0,1
3735,0.6629430189527982,-1.5772220260141339,1.3339280147159152,0.9767644117667437,-0.7493499203700406,1.5708894135825124,1.0,0.0,0.0,0.0,0.0,0
3736,0.6635841630717081,0.7470571513096228,-0.38811032606008644,0.9767644117667437,0.6559737935346208,0.39365381410038214,1.0,0.0,0.0,0.0,0.0,1
3737,0.6642253071906179,-0.14220449097986512,0.26066484589764183,0.9767644117667437,0.6559737935346208,-1.4899231450710264,0.0,1.0,0.0,0.0,0.0,1
3738,0.6648664513095278,-1.3680125187815504,1.1383400693326118,0.9767644117667437,1.3586356504869515,0.6291009339968082,0.0,1.0,0.0,0.0,0.0,0
3739,0.6655075954284376,0.7556654543501592,-1.0731305248128622,0.9767644117667437,-0.04668806341770988,0.9234098338673408,0.0,1.0,0.0,0.0,0.0,1
3740,0.6661487395473475,-1.6115333483141279,0.9769594559149577,-1.023788323932921,-0.7493499203700406,1.3354422936860864,0.0,0.0,1.0,0.0,0.0,0
3741,0.6667898836662574,1.3250194632202403,0.32921740697458174,0.9767644117667437,0.6559737935346208,-1.0190289052781742,0.0,0.0,0.0,1.0,0.0,1
3742,0.6674310277851673,-1.2353646788037265,1.351239993238813,0.9767644117667437,0.6559737935346208,0.8645480538932343,0.0,1.0,0.0,0.0,0.0,0
3743,0.6680721719040771,-1.2750566384854136,-1.1296152743428607,-1.023788323932921,-1.4520117773223713,1.6886129735307256,0.0,1.0,0.0,0.0,0.0,0
3744,0.668713316022987,-1.105796521305501,-0.2742747336346281,0.9767644117667437,-0.04668806341770988,-0.3715493255630026,0.0,0.0,0.0,0.0,1.0,1
3745,0.6693544601418968,1.6402607867097418,1.1431804871879596,0.9767644117667437,1.3586356504869515,-0.19496398564068304,0.0,0.0,1.0,0.0,0.0,1
3746,0.6699956042608067,0.7054287495265489,-1.6548962717732392,0.9767644117667437,-0.7493499203700406,-1.7253702649674525,0.0,1.0,0.0,0.0,0.0,1
3747,0.6706367483797165,1.0841333420386903,-1.3351659219047982,0.9767644117667437,0.6559737935346208,1.0999951737896603,0.0,0.0,0.0,0.0,1.0,1
3748,0.6712778924986265,-0.32893331074942506,1.685599882715349,-1.023788323932921,-0.7493499203700406,-0.6069964454594287,1.0,0.0,0.0,0.0,0.0,0
3749,0.6719190366175363,-0.5435595025894298,-0.756736952108447,-1.023788323932921,1.3586356504869515,-1.3133378051487068,0.0,1.0,0.0,0.0,0.0,0
3750,0.6725601807364461,-0.8999571823237559,1.6339379186924816,0.9767644117667437,-0.04668806341770988,-1.6076467050192393,0.0,1.0,0.0,0.0,0.0,0
3751,0.673201324855356,-0.03838997922796239,-1.0932946101885626,-1.023788323932921,-1.4520117773223713,1.0999951737896603,0.0,0.0,0.0,0.0,1.0,0
3752,0.6738424689742658,0.2107405018688182,-0.4792020782776941,-1.023788323932921,-0.04668806341770988,0.09934491422984955,0.0,0.0,1.0,0.0,0.0,0
3753,0.6744836130931757,0.4905496553972834,0.8681445059723548,-1.023788323932921,-1.4520117773223713,1.6886129735307256,0.0,1.0,0.0,0.0,0.0,0
3754,0.6751247572120855,-0.8207370739654647,0.5411185758772425,-1.023788323932921,-0.7493499203700406,0.8056862739191277,1.0,0.0,0.0,0.0,0.0,0
3755,0.6757659013309955,1.5996181393324367,0.2774922362288561,-1.023788323932921,-0.04668806341770988,1.5708894135825124,0.0,1.0,0.0,0.0,0.0,0
3756,0.6764070454499053,-1.1264946553727277,0.10133133827918443,-1.023788323932921,-0.04668806341770988,1.5708894135825124,1.0,0.0,0.0,0.0,0.0,0
3757,0.6770481895688152,1.6591144932841109,1.1796256517470136,0.9767644117667437,-0.04668806341770988,-0.31268754558889605,0.0,0.0,0.0,1.0,0.0,1
3758,0.677689333687725,-1.668648645851689,-0.9130281777492586,0.9767644117667437,1.3586356504869515,-0.31268754558889605,0.0,0.0,0.0,1.0,0.0,1
3759,0.6783304778066349,-0.0367181702975514,-0.19934162950397147,-1.023788323932921,-0.7493499203700406,1.1588569537637667,1.0,0.0,0.0,0.0,0.0,0
3760,0.6789716219255447,-0.5538665332351841,-1.1864224176781062,-1.023788323932921,-1.4520117773223713,-0.9601671253040678,0.0,0.0,1.0,0.0,0.0,1
3761,0.6796127660444546,-0.14872524948061908,0.32845667441003,-1.023788323932921,-0.04668806341770988,0.7468244939450213,0.0,1.0,0.0,0.0,0.0,0
3762,0.6802539101633645,0.27666543508438135,-0.8593927223052475,0.9767644117667437,-0.7493499203700406,-0.19496398564068304,0.0,1.0,0.0,0.0,0.0,1
3763,0.6808950542822744,-0.1960947673509392,-0.5729252590966073,0.9767644117667437,1.3586356504869515,1.0411333938155538,0.0,0.0,0.0,1.0,0.0,1
3764,0.6815361984011842,-0.2686922652687824,-0.10036555623401544,0.9767644117667437,1.3586356504869515,0.09934491422984955,1.0,0.0,0.0,0.0,0.0,1
3765,0.6821773425200941,0.8438668383387491,-1.6289694331415905,0.9767644117667437,-0.7493499203700406,-0.19496398564068304,0.0,1.0,0.0,0.0,0.0,1
3766,0.6828184866390039,0.6799031550446039,-1.404853534002728,0.9767644117667437,-1.4520117773223713,-1.5487849250451329,0.0,1.0,0.0,0.0,0.0,1
3767,0.6834596307579138,1.195781564483822,0.6379315481900886,0.9767644117667437,-0.7493499203700406,1.1588569537637667,0.0,0.0,1.0,0.0,0.0,0
3768,0.6841007748768236,-0.8457952037474852,-0.24577249870097387,-1.023788323932921,-0.7493499203700406,0.5113773740485952,0.0,0.0,0.0,0.0,1.0,0
3769,0.6847419189957336,0.41268810781140125,1.2530493025785059,0.9767644117667437,0.6559737935346208,-1.1367524652263874,0.0,0.0,0.0,1.0,0.0,1
3770,0.6853830631146434,0.32752075188119517,0.6679987007155037,0.9767644117667437,1.3586356504869515,1.0411333938155538,0.0,0.0,0.0,1.0,0.0,0
3771,0.6860242072335533,-0.4265726439433905,-1.693175880851847,0.9767644117667437,-1.4520117773223713,1.0411333938155538,0.0,0.0,0.0,0.0,1.0,1
3772,0.6866653513524631,-0.019456832681501387,0.39988894751785453,-1.023788323932921,0.6559737935346208,-1.6076467050192393,0.0,1.0,0.0,0.0,0.0,0
3773,0.687306495471373,-0.6224159182916587,-1.3987081336843898,0.9767644117667437,-0.7493499203700406,-0.31268754558889605,0.0,0.0,1.0,0.0,0.0,1
3774,0.6879476395902828,-1.2241932281494734,0.9646580092222488,-1.023788323932921,1.3586356504869515,1.4531658536342995,0.0,0.0,1.0,0.0,0.0,0
3775,0.6885887837091927,-0.972346391335638,1.6888411338675224,-1.023788323932921,0.6559737935346208,-0.3715493255630026,0.0,0.0,0.0,1.0,0.0,0
3776,0.6892299278281026,-1.3513498431450335,0.1058008334092068,0.9767644117667437,0.6559737935346208,-1.2544760251746003,0.0,0.0,1.0,0.0,0.0,0
3777,0.6898710719470125,0.6700797837631425,0.627099399227564,0.9767644117667437,-1.4520117773223713,-1.3133378051487068,0.0,0.0,0.0,0.0,1.0,1
3778,0.6905122160659223,0.5918827702151084,-0.9048926906571578,0.9767644117667437,-0.7493499203700406,0.5113773740485952,0.0,1.0,0.0,0.0,0.0,1
3779,0.6911533601848322,1.6064511021986676,-0.21610090910933685,-1.023788323932921,-1.4520117773223713,0.040483134255743035,0.0,0.0,0.0,0.0,1.0,1
3780,0.691794504303742,0.8332094171660172,1.2231468586283891,0.9767644117667437,0.6559737935346208,1.5708894135825124,1.0,0.0,0.0,0.0,0.0,0
3781,0.6924356484226519,-1.5384856772212365,-1.1452543445275847,-1.023788323932921,0.6559737935346208,1.6886129735307256,0.0,0.0,0.0,1.0,0.0,0
3782,0.6930767925415617,1.374188763051767,-0.8078368116461386,-1.023788323932921,-1.4520117773223713,-0.7835817853817482,0.0,0.0,1.0,0.0,0.0,1
3783,0.6937179366604717,1.2986943267888376,-0.18915249345225052,0.9767644117667437,0.6559737935346208,0.7468244939450213,1.0,0.0,0.0,0.0,0.0,1
3784,0.6943590807793815,-0.16903591352484715,0.7284470707935337,0.9767644117667437,-0.04668806341770988,0.040483134255743035,0.0,0.0,1.0,0.0,0.0,1
3785,0.6950002248982914,0.3298596611977152,-0.42833972586970154,0.9767644117667437,1.3586356504869515,-1.5487849250451329,0.0,1.0,0.0,0.0,0.0,1
3786,0.6956413690172012,1.6956022542123093,1.4695122372626,-1.023788323932921,-0.7493499203700406,-1.5487849250451329,0.0,1.0,0.0,0.0,0.0,0
3787,0.696282513136111,0.1424057530372179,-1.3961900882842988,0.9767644117667437,1.3586356504869515,0.39365381410038214,0.0,1.0,0.0,0.0,0.0,1
3788,0.6969236572550209,1.4479564652115982,-0.44580943055882516,-1.023788323932921,-0.7493499203700406,-1.3133378051487068,0.0,0.0,1.0,0.0,0.0,0
3789,0.6975648013739307,-1.430011325773396,0.7171160901191947,0.9767644117667437,0.6559737935346208,0.6879627139709147,1.0,0.0,0.0,0.0,0.0,0
3790,0.6982059454928407,-1.051968453072603,-0.9438485383189401,-1.023788323932921,-1.4520117773223713,1.0999951737896603,0.0,1.0,0.0,0.0,0.0,0
3791,0.6988470896117505,-0.17801466256604534,0.53642328925213,0.9767644117667437,-1.4520117773223713,-1.43106136509692,1.0,0.0,0.0,0.0,0.0,1
3792,0.6994882337306604,0.32598784441394874,-1.1562800072445563,0.9767644117667437,0.6559737935346208,-1.2544760251746003,0.0,0.0,1.0,0.0,0.0,1
3793,0.7001293778495702,1.1361300346862107,-1.5285148654995722,-1.023788323932921,-0.7493499203700406,0.6879627139709147,1.0,0.0,0.0,0.0,0.0,0
3794,0.7007705219684801,1.7382451534202568,-1.3048526443944113,-1.023788323932921,0.6559737935346208,-1.3133378051487068,0.0,0.0,1.0,0.0,0.0,0
3795,0.7014116660873899,-0.35967527794257387,1.4772587823064833,0.9767644117667437,-0.7493499203700406,0.09934491422984955,0.0,0.0,1.0,0.0,0.0,1
3796,0.7020528102062998,-1.5546912571142357,0.17648116370275174,-1.023788323932921,0.6559737935346208,-0.9013053453299612,0.0,0.0,0.0,1.0,0.0,0
3797,0.7026939543252096,1.0834332350339742,1.0176631986215252,-1.023788323932921,0.6559737935346208,-0.7247200054076417,0.0,0.0,1.0,0.0,0.0,0
3798,0.7033350984441196,0.39467098417487706,-0.5770093878340447,-1.023788323932921,0.6559737935346208,-0.4304111055371091,0.0,0.0,1.0,0.0,0.0,0
3799,0.7039762425630294,-1.0257501966431672,0.3171663456532537,-1.023788323932921,-1.4520117773223713,-1.4899231450710264,0.0,0.0,0.0,0.0,1.0,0
3800,0.7046173866819393,0.011241123973055121,-0.01885442554768849,0.9767644117667437,-0.7493499203700406,1.1588569537637667,0.0,1.0,0.0,0.0,0.0,0
3801,0.7052585308008491,0.8774204761209541,1.531435256443252,-1.023788323932921,0.6559737935346208,-0.19496398564068304,0.0,0.0,0.0,1.0,0.0,0
3802,0.705899674919759,0.9757750869715284,0.8499352224514736,0.9767644117667437,1.3586356504869515,0.15820669420395606,0.0,0.0,0.0,1.0,0.0,1
3803,0.7065408190386688,0.028005834070708585,0.7913607522175895,0.9767644117667437,1.3586356504869515,-1.666508484993346,0.0,0.0,0.0,1.0,0.0,1
3804,0.7071819631575788,-0.6524023252253196,-1.5616229665859143,0.9767644117667437,-1.4520117773223713,1.6886129735307256,0.0,0.0,0.0,0.0,1.0,1
3805,0.7078231072764886,1.6874271929012725,0.16932369710364367,-1.023788323932921,-0.04668806341770988,0.6879627139709147,0.0,0.0,1.0,0.0,0.0,0
3806,0.7084642513953985,0.6011059591124035,-0.11501351247830663,0.9767644117667437,-1.4520117773223713,0.45251559407448866,0.0,1.0,0.0,0.0,0.0,1
3807,0.7091053955143083,-0.29182473909706164,1.469890491030637,0.9767644117667437,-0.04668806341770988,1.6886129735307256,1.0,0.0,0.0,0.0,0.0,0
3808,0.7097465396332182,-0.7390312049682278,-0.8360153386247006,0.9767644117667437,-1.4520117773223713,-0.13610220566657652,0.0,0.0,1.0,0.0,0.0,1
3809,0.710387683752128,0.8381953701428841,-0.7930561585529978,0.9767644117667437,1.3586356504869515,-0.3715493255630026,0.0,0.0,0.0,0.0,1.0,1
3810,0.7110288278710379,-0.8730093614348857,-0.30638196791237493,0.9767644117667437,0.6559737935346208,1.2177187337378734,0.0,0.0,1.0,0.0,0.0,0
3811,0.7116699719899477,-1.1196644921703198,-0.8840671454816765,-1.023788323932921,-0.7493499203700406,-0.5481346654853221,0.0,0.0,1.0,0.0,0.0,0
3812,0.7123111161088577,0.1337591599050883,-1.276761526391059,0.9767644117667437,0.6559737935346208,0.040483134255743035,0.0,0.0,0.0,0.0,1.0,1
3813,0.7129522602277675,-0.705696881319922,1.2276847776695319,-1.023788323932921,1.3586356504869515,-1.1367524652263874,0.0,0.0,0.0,1.0,0.0,0
3814,0.7135934043466774,0.4805057899597852,0.1989233836082413,0.9767644117667437,-0.7493499203700406,1.1588569537637667,0.0,0.0,0.0,1.0,0.0,0
3815,0.7142345484655872,-1.3078625903637633,1.2412618365577068,0.9767644117667437,-0.04668806341770988,-0.13610220566657652,0.0,1.0,0.0,0.0,0.0,0
3816,0.7148756925844971,0.5716309218567664,1.1373054079627571,-1.023788323932921,-0.04668806341770988,1.0411333938155538,0.0,1.0,0.0,0.0,0.0,0
3817,0.7155168367034069,-0.7291147207909954,-0.7510687380470195,-1.023788323932921,1.3586356504869515,0.5702391540227016,0.0,0.0,0.0,1.0,0.0,0
3818,0.7161579808223169,-1.7197943961451139,0.16267861686147994,0.9767644117667437,-0.7493499203700406,-1.5487849250451329,1.0,0.0,0.0,0.0,0.0,0
3819,0.7167991249412267,-1.2763720017473912,-1.4348431360577316,0.9767644117667437,0.6559737935346208,0.7468244939450213,0.0,0.0,1.0,0.0,0.0,0
3820,0.7174402690601366,1.5469830984361101,1.4265911255973418,0.9767644117667437,1.3586356504869515,0.6879627139709147,1.0,0.0,0.0,0.0,0.0,0
3821,0.7180814131790464,1.3150723627437964,-0.33074282568897045,0.9767644117667437,-0.04668806341770988,-0.8424435653558547,0.0,0.0,1.0,0.0,0.0,1
3822,0.7187225572979563,-0.903019569511012,-0.3671507806752323,0.9767644117667437,1.3586356504869515,-1.0778906852522807,0.0,0.0,0.0,1.0,0.0,1
3823,0.7193637014168661,1.0036352759148053,-0.6798349660626646,-1.023788323932921,0.6559737935346208,-0.4892728855112156,0.0,1.0,0.0,0.0,0.0,0
3824,0.7200048455357759,0.40933892649569975,-0.13677502695016058,0.9767644117667437,-1.4520117773223713,0.2759302541521691,0.0,1.0,0.0,0.0,0.0,1
3825,0.7206459896546858,1.6774947250670227,-0.8552143667088286,0.9767644117667437,-1.4520117773223713,0.7468244939450213,1.0,0.0,0.0,0.0,0.0,1
3826,0.7212871337735957,-0.4130352816088268,-0.4318877654636013,-1.023788323932921,0.6559737935346208,1.512027633608406,0.0,1.0,0.0,0.0,0.0,0
3827,0.7219282778925056,0.6644484593258432,1.0300482742357324,-1.023788323932921,-0.7493499203700406,-0.8424435653558547,0.0,0.0,0.0,1.0,0.0,0
3828,0.7225694220114154,-1.498271405151524,1.148037884289965,0.9767644117667437,1.3586356504869515,-0.3715493255630026,1.0,0.0,0.0,0.0,0.0,0
3829,0.7232105661303253,-0.33379000821738536,-0.6749270271980156,-1.023788323932921,0.6559737935346208,0.2759302541521691,0.0,0.0,1.0,0.0,0.0,0
3830,0.7238517102492351,1.652690247003044,-0.10805632871135705,-1.023788323932921,-1.4520117773223713,-0.13610220566657652,0.0,1.0,0.0,0.0,0.0,1
3831,0.724492854368145,0.16577335375331953,1.2841026854390931,-1.023788323932921,-0.04668806341770988,1.5708894135825124,0.0,0.0,0.0,0.0,1.0,0
3832,0.7251339984870548,-0.7130744350556985,-1.5398877500759478,0.9767644117667437,0.6559737935346208,0.6879627139709147,0.0,1.0,0.0,0.0,0.0,0
3833,0.7257751426059648,-1.2996996465848527,1.3368072647211615,0.9767644117667437,0.6559737935346208,-0.07724042569247,0.0,0.0,1.0,0.0,0.0,0
3834,0.7264162867248746,0.7416848900777809,-0.9672426224972923,0.9767644117667437,0.6559737935346208,-0.5481346654853221,1.0,0.0,0.0,0.0,0.0,1
3835,0.7270574308437845,0.5363334894237514,0.6125168087385102,-1.023788323932921,-1.4520117773223713,1.0411333938155538,0.0,0.0,1.0,0.0,0.0,0
3836,0.7276985749626943,-0.41186960166282216,0.28240770477560945,0.9767644117667437,-1.4520117773223713,1.629751193556619,0.0,0.0,0.0,0.0,1.0,1
3837,0.7283397190816042,1.607623523847758,0.180573208559569,0.9767644117667437,0.6559737935346208,-0.31268754558889605,0.0,0.0,0.0,1.0,0.0,1
3838,0.728980863200514,-1.642935434270886,1.234375093618283,-1.023788323932921,0.6559737935346208,0.5113773740485952,0.0,1.0,0.0,0.0,0.0,0
3839,0.729622007319424,-0.657619658349086,-1.3717206980150443,0.9767644117667437,-0.7493499203700406,0.040483134255743035,1.0,0.0,0.0,0.0,0.0,1
3840,0.7302631514383338,1.5030728283103392,-0.5275776503373998,-1.023788323932921,-0.04668806341770988,-0.9013053453299612,0.0,0.0,0.0,1.0,0.0,0
3841,0.7309042955572437,-0.5973795854449815,0.13005995723151695,-1.023788323932921,1.3586356504869515,0.9822716138414473,0.0,0.0,1.0,0.0,0.0,0
3842,0.7315454396761535,-0.8377667836309971,1.0690536795173962,-1.023788323932921,1.3586356504869515,0.6879627139709147,1.0,0.0,0.0,0.0,0.0,0
3843,0.7321865837950634,0.1491118608369991,-0.9766700497256288,-1.023788323932921,1.3586356504869515,0.2759302541521691,0.0,0.0,0.0,1.0,0.0,0
3844,0.7328277279139732,1.1626384664448406,1.0403063449675756,0.9767644117667437,-1.4520117773223713,0.45251559407448866,1.0,0.0,0.0,0.0,0.0,1
3845,0.7334688720328831,-1.3596338763977118,-0.34664594338615046,0.9767644117667437,-1.4520117773223713,1.629751193556619,0.0,0.0,0.0,0.0,1.0,1
3846,0.7341100161517929,1.5799014972010583,-1.0713453347595485,0.9767644117667437,-0.7493499203700406,1.1588569537637667,0.0,0.0,0.0,0.0,1.0,1
3847,0.7347511602707029,1.0620882278920127,0.8891813601719228,-1.023788323932921,-1.4520117773223713,-0.4892728855112156,0.0,1.0,0.0,0.0,0.0,0
3848,0.7353923043896127,-1.086273825487122,-1.4084268592704967,0.9767644117667437,0.6559737935346208,-1.4899231450710264,0.0,1.0,0.0,0.0,0.0,1
3849,0.7360334485085226,0.7713633269071223,0.04929182249585332,0.9767644117667437,-0.04668806341770988,1.0411333938155538,0.0,0.0,0.0,0.0,1.0,0
3850,0.7366745926274324,-0.3732998776944532,-1.5013615924008694,-1.023788323932921,-0.04668806341770988,-1.0190289052781742,1.0,0.0,0.0,0.0,0.0,0
3851,0.7373157367463423,-0.312624517633385,-0.4952852501007295,-1.023788323932921,-0.04668806341770988,0.09934491422984955,0.0,0.0,0.0,0.0,1.0,0
3852,0.7379568808652521,1.0208487962386574,0.3461170625575743,0.9767644117667437,-0.04668806341770988,-1.6076467050192393,0.0,1.0,0.0,0.0,0.0,1
3853,0.738598024984162,1.6490752896115395,0.1914915848964237,-1.023788323932921,1.3586356504869515,-0.9013053453299612,0.0,0.0,0.0,0.0,1.0,0
3854,0.7392391691030719,-1.277352640819801,-0.32939228819315514,0.9767644117667437,1.3586356504869515,1.4531658536342995,0.0,0.0,0.0,0.0,1.0,0
3855,0.7398803132219818,-0.24845057370554505,-0.24550420467577697,-1.023788323932921,0.6559737935346208,-0.19496398564068304,1.0,0.0,0.0,0.0,0.0,0
3856,0.7405214573408916,-0.03736245822231184,-0.9411564668102721,-1.023788323932921,-0.7493499203700406,1.27658051371198,0.0,0.0,0.0,1.0,0.0,0
3857,0.7411626014598015,-0.40356380618438914,-0.15321781826383596,0.9767644117667437,-1.4520117773223713,-0.19496398564068304,0.0,1.0,0.0,0.0,0.0,1
3858,0.7418037455787113,-0.44949286616877215,1.5572864836534306,-1.023788323932921,-1.4520117773223713,-0.018378645718363482,1.0,0.0,0.0,0.0,0.0,0
3859,0.7424448896976212,-1.537705782622907,1.2037421293562542,-1.023788323932921,1.3586356504869515,-1.43106136509692,0.0,0.0,0.0,0.0,1.0,0
3860,0.743086033816531,0.6787213736375913,-1.2215678576051336,-1.023788323932921,-0.04668806341770988,-0.31268754558889605,0.0,0.0,0.0,0.0,1.0,0
3861,0.7437271779354409,-0.1939063779308633,-1.6186171011853707,0.9767644117667437,0.6559737935346208,-0.13610220566657652,0.0,0.0,0.0,1.0,0.0,1
3862,0.7443683220543508,-1.0388717887642716,1.4894315168470098,0.9767644117667437,-0.7493499203700406,-0.4892728855112156,0.0,1.0,0.0,0.0,0.0,0
3863,0.7450094661732606,1.1354498166493814,0.09050020243541118,0.9767644117667437,1.3586356504869515,-1.5487849250451329,0.0,1.0,0.0,0.0,0.0,1
3864,0.7456506102921705,1.0882955532469472,0.1286330020965765,-1.023788323932921,0.6559737935346208,-0.9013053453299612,0.0,0.0,1.0,0.0,0.0,0
3865,0.7462917544110803,-0.01828754035656985,0.96391797338684,-1.023788323932921,0.6559737935346208,-0.25382576561478953,0.0,1.0,0.0,0.0,0.0,0
3866,0.7469328985299902,-0.6760756778296089,-0.6387943189570008,-1.023788323932921,1.3586356504869515,-0.7247200054076417,0.0,0.0,0.0,1.0,0.0,0
3867,0.7475740426489,0.5126620665214547,-0.06371576139642282,-1.023788323932921,0.6559737935346208,-1.2544760251746003,0.0,0.0,1.0,0.0,0.0,0
3868,0.74821518676781,-0.7121202291179296,1.6102760655905985,0.9767644117667437,-0.04668806341770988,1.27658051371198,0.0,0.0,1.0,0.0,0.0,0
3869,0.7488563308867198,-0.8946234924758236,0.5905391544919885,0.9767644117667437,0.6559737935346208,-1.5487849250451329,0.0,0.0,0.0,0.0,1.0,0
3870,0.7494974750056297,0.8361362351471688,-1.1922938263619722,-1.023788323932921,-0.7493499203700406,1.0411333938155538,0.0,0.0,0.0,0.0,1.0,0
3871,0.7501386191245395,-1.5795074466358563,-1.26285789954657,0.9767644117667437,0.6559737935346208,1.1588569537637667,0.0,1.0,0.0,0.0,0.0,0
3872,0.7507797632434494,-1.3889576569509268,-1.0185523153984302,0.9767644117667437,-1.4520117773223713,-1.4899231450710264,0.0,0.0,1.0,0.0,0.0,1
3873,0.7514209073623592,-1.6968862403093383,0.9157490777955801,0.9767644117667437,0.6559737935346208,0.8645480538932343,0.0,0.0,0.0,0.0,1.0,0
3874,0.7520620514812691,-1.1853477769941267,-0.705209778740407,-1.023788323932921,1.3586356504869515,-1.43106136509692,0.0,0.0,0.0,1.0,0.0,0
3875,0.752703195600179,-1.4791815554180583,-1.6474776781012563,0.9767644117667437,-1.4520117773223713,1.629751193556619,0.0,0.0,0.0,0.0,1.0,1
3876,0.7533443397190889,1.7646358271446585,1.5260579210276977,0.9767644117667437,1.3586356504869515,1.3943040736601928,0.0,0.0,0.0,0.0,1.0,0
3877,0.7539854838379987,-0.7098178278645387,-1.1373772336901982,0.9767644117667437,-0.7493499203700406,1.2177187337378734,0.0,0.0,1.0,0.0,0.0,0
3878,0.7546266279569086,-1.1982107827144992,-1.688164296669602,0.9767644117667437,-0.04668806341770988,-1.0778906852522807,0.0,0.0,1.0,0.0,0.0,1
3879,0.7552677720758184,-0.8771644848841827,-0.9055205244542599,0.9767644117667437,-0.7493499203700406,0.040483134255743035,1.0,0.0,0.0,0.0,0.0,1
3880,0.7559089161947283,1.5557687063257002,-0.9127522798088417,-1.023788323932921,-1.4520117773223713,0.9822716138414473,0.0,0.0,0.0,1.0,0.0,0
3881,0.7565500603136381,0.09990159918671405,-0.26972477990098526,0.9767644117667437,-0.04668806341770988,-1.2544760251746003,0.0,0.0,1.0,0.0,0.0,1
3882,0.7571912044325481,-0.44379150757472086,1.4442609512532671,0.9767644117667437,0.6559737935346208,-1.3721995851228133,0.0,1.0,0.0,0.0,0.0,1
3883,0.7578323485514579,1.3362010599900978,1.30255385012584,-1.023788323932921,-1.4520117773223713,-0.07724042569247,0.0,0.0,0.0,1.0,0.0,0
3884,0.7584734926703678,-0.3381897400589067,-0.14973758169813572,0.9767644117667437,-0.04668806341770988,-0.9601671253040678,0.0,0.0,0.0,1.0,0.0,1
3885,0.7591146367892776,-0.5481240175961664,-0.30791698140962015,-1.023788323932921,1.3586356504869515,1.2177187337378734,0.0,0.0,1.0,0.0,0.0,0
3886,0.7597557809081875,-0.9951616177463821,0.18768639473411441,-1.023788323932921,-0.04668806341770988,-0.6069964454594287,0.0,0.0,0.0,1.0,0.0,0
3887,0.7603969250270973,-0.39836632330145616,-0.8837772357536408,-1.023788323932921,1.3586356504869515,1.0411333938155538,0.0,0.0,1.0,0.0,0.0,0
3888,0.7610380691460072,-0.6122582548246671,-1.5415671911947118,-1.023788323932921,1.3586356504869515,1.4531658536342995,0.0,0.0,0.0,0.0,1.0,0
3889,0.761679213264917,0.6499002891021383,1.5090336804179925,0.9767644117667437,-0.04668806341770988,0.09934491422984955,1.0,0.0,0.0,0.0,0.0,1
3890,0.762320357383827,-0.7071132779290424,-1.0789624609540132,0.9767644117667437,-0.7493499203700406,1.6886129735307256,0.0,0.0,0.0,0.0,1.0,0
3891,0.7629615015027368,0.299538338685778,-1.0387191957009696,-1.023788323932921,-0.7493499203700406,1.512027633608406,0.0,0.0,1.0,0.0,0.0,0
3892,0.7636026456216467,-1.4900239218090576,-0.09620559987973411,0.9767644117667437,1.3586356504869515,-0.4892728855112156,0.0,0.0,1.0,0.0,0.0,1
3893,0.7642437897405565,-1.0511379517396535,-0.03033679618173228,-1.023788323932921,-1.4520117773223713,0.3347920341262756,0.0,0.0,0.0,0.0,1.0,0
3894,0.7648849338594664,-0.29473758293520336,-1.657638918659917,0.9767644117667437,-0.04668806341770988,0.8056862739191277,0.0,1.0,0.0,0.0,0.0,1
3895,0.7655260779783762,1.5586515716206029,-1.2122071229337905,0.9767644117667437,-1.4520117773223713,-0.7247200054076417,0.0,1.0,0.0,0.0,0.0,1
3896,0.7661672220972862,-0.4002732417690035,-0.4205300378460236,-1.023788323932921,-0.7493499203700406,1.629751193556619,0.0,1.0,0.0,0.0,0.0,0
3897,0.766808366216196,0.6035962251005903,0.6303706315954545,0.9767644117667437,-1.4520117773223713,0.5702391540227016,0.0,0.0,1.0,0.0,0.0,1
3898,0.7674495103351059,-0.8278465027779258,-0.9354857515665053,-1.023788323932921,0.6559737935346208,1.0999951737896603,0.0,0.0,0.0,1.0,0.0,0
3899,0.7680906544540157,-1.2760306904231535,-0.26625407359123654,0.9767644117667437,0.6559737935346208,-0.31268754558889605,0.0,0.0,1.0,0.0,0.0,1
3900,0.7687317985729255,-1.5157681937926246,0.19572001682001333,0.9767644117667437,-0.7493499203700406,0.040483134255743035,0.0,0.0,0.0,1.0,0.0,0
3901,0.7693729426918354,-0.6517059413313754,1.3349072838025329,0.9767644117667437,-1.4520117773223713,1.512027633608406,0.0,0.0,0.0,0.0,1.0,0
3902,0.7700140868107452,-1.16883546757872,-0.5996523026724068,-1.023788323932921,-0.04668806341770988,0.2759302541521691,1.0,0.0,0.0,0.0,0.0,0
3903,0.7706552309296552,-1.111612949744602,-1.2617177821823735,-1.023788323932921,-0.7493499203700406,-0.25382576561478953,0.0,0.0,0.0,1.0,0.0,0
3904,0.771296375048565,0.9419916810575947,-0.038388097563274326,-1.023788323932921,0.6559737935346208,-1.5487849250451329,0.0,1.0,0.0,0.0,0.0,0
3905,0.7719375191674749,-1.6652118537343281,0.8470015668064146,0.9767644117667437,-0.7493499203700406,0.6879627139709147,0.0,0.0,1.0,0.0,0.0,0
3906,0.7725786632863847,0.23167520758840093,-1.3432189110855424,-1.023788323932921,-1.4520117773223713,1.0411333938155538,0.0,0.0,0.0,0.0,1.0,0
3907,0.7732198074052946,-0.3925404213773447,-0.2605140884353933,-1.023788323932921,-1.4520117773223713,-0.6069964454594287,0.0,1.0,0.0,0.0,0.0,1
3908,0.7738609515242044,0.05226619824312627,-1.6598711186213548,-1.023788323932921,-1.4520117773223713,0.21706847417806258,0.0,0.0,0.0,0.0,1.0,1
3909,0.7745020956431143,0.24924545761708988,-1.60562289106454,0.9767644117667437,1.3586356504869515,-1.0778906852522807,1.0,0.0,0.0,0.0,0.0,1
3910,0.7751432397620241,-0.6238664776909063,-0.060119188156084864,0.9767644117667437,-1.4520117773223713,-0.8424435653558547,0.0,0.0,1.0,0.0,0.0,1
3911,0.7757843838809341,-0.6877718879074175,-0.6955105536977977,0.9767644117667437,0.6559737935346208,1.6886129735307256,0.0,0.0,1.0,0.0,0.0,0
3912,0.7764255279998439,0.8462413381242433,1.1853581049181352,0.9767644117667437,0.6559737935346208,0.6879627139709147,1.0,0.0,0.0,0.0,0.0,0
3913,0.7770666721187538,1.3288004747623547,0.34982269852764813,-1.023788323932921,1.3586356504869515,-1.4899231450710264,0.0,0.0,1.0,0.0,0.0,0
3914,0.7777078162376636,-1.0466143226551536,-0.15992274542694646,0.9767644117667437,0.6559737935346208,0.8056862739191277,0.0,0.0,0.0,1.0,0.0,0
3915,0.7783489603565735,-1.3789817232716228,-0.3181122584419553,-1.023788323932921,0.6559737935346208,0.2759302541521691,0.0,0.0,0.0,0.0,1.0,0
3916,0.7789901044754833,1.4216155983742518,-0.010967417594938154,0.9767644117667437,-0.7493499203700406,0.8056862739191277,0.0,1.0,0.0,0.0,0.0,0
3917,0.7796312485943933,-0.49602030528539603,-1.5819632080643686,-1.023788323932921,-1.4520117773223713,-0.19496398564068304,1.0,0.0,0.0,0.0,0.0,1
3918,0.7802723927133031,0.20895081609443525,1.3493543944450548,-1.023788323932921,-0.7493499203700406,-1.7253702649674525,0.0,0.0,0.0,1.0,0.0,0
3919,0.780913536832213,-0.46225369156933116,1.71221130763952,0.9767644117667437,-0.7493499203700406,0.21706847417806258,0.0,1.0,0.0,0.0,0.0,1
3920,0.7815546809511228,-1.2803399947452903,-1.096886477970571,-1.023788323932921,0.6559737935346208,0.7468244939450213,0.0,1.0,0.0,0.0,0.0,0
3921,0.7821958250700327,0.3419996448329409,-1.3070287306878952,-1.023788323932921,-0.04668806341770988,0.09934491422984955,1.0,0.0,0.0,0.0,0.0,0
3922,0.7828369691889425,0.11733366074888685,-1.2272609342679557,-1.023788323932921,-1.4520117773223713,0.8056862739191277,0.0,0.0,0.0,1.0,0.0,0
3923,0.7834781133078524,-1.0101728697646113,0.5522909549377207,-1.023788323932921,-0.04668806341770988,0.5113773740485952,0.0,1.0,0.0,0.0,0.0,0
3924,0.7841192574267623,-0.13911561860436314,0.5537139792733161,0.9767644117667437,0.6559737935346208,0.15820669420395606,0.0,1.0,0.0,0.0,0.0,1
3925,0.7847604015456722,1.0686493554781256,1.1950455303400729,0.9767644117667437,1.3586356504869515,0.040483134255743035,0.0,0.0,0.0,1.0,0.0,1
3926,0.785401545664582,0.3458302178390993,0.8645573499833623,-1.023788323932921,-0.7493499203700406,-1.0190289052781742,0.0,0.0,1.0,0.0,0.0,0
3927,0.7860426897834919,-1.3814367208279716,-0.17451576456903467,0.9767644117667437,0.6559737935346208,0.8645480538932343,0.0,1.0,0.0,0.0,0.0,0
3928,0.7866838339024017,0.19741528108929463,0.38662451191124947,-1.023788323932921,0.6559737935346208,-1.666508484993346,0.0,0.0,0.0,0.0,1.0,0
3929,0.7873249780213116,0.7389197690118565,0.6460321340910988,-1.023788323932921,-0.04668806341770988,-0.018378645718363482,0.0,0.0,0.0,1.0,0.0,0
3930,0.7879661221402214,1.0537951301401325,0.042307376642391446,0.9767644117667437,1.3586356504869515,-1.1956142452004939,0.0,1.0,0.0,0.0,0.0,1
3931,0.7886072662591314,0.4812493020164719,-0.08523267178415246,-1.023788323932921,-0.7493499203700406,-0.4304111055371091,1.0,0.0,0.0,0.0,0.0,0
3932,0.7892484103780412,-1.1863453458083073,0.4975077017135392,0.9767644117667437,1.3586356504869515,0.15820669420395606,0.0,0.0,0.0,0.0,1.0,0
3933,0.7898895544969511,0.7649419469989965,0.19616532388060523,-1.023788323932921,1.3586356504869515,0.5113773740485952,0.0,1.0,0.0,0.0,0.0,0
3934,0.7905306986158609,0.6500328917862523,0.4935350788032577,0.9767644117667437,1.3586356504869515,0.8645480538932343,0.0,0.0,0.0,0.0,1.0,0
3935,0.7911718427347708,-1.63515125152637,0.3866224910996002,0.9767644117667437,-1.4520117773223713,1.512027633608406,0.0,0.0,0.0,0.0,1.0,0
3936,0.7918129868536806,-0.2795393182374271,0.7523406771104016,-1.023788323932921,1.3586356504869515,1.6886129735307256,0.0,0.0,1.0,0.0,0.0,0
3937,0.7924541309725904,-0.555328090616793,0.48961866341170224,0.9767644117667437,0.6559737935346208,-0.07724042569247,0.0,0.0,0.0,0.0,1.0,1
3938,0.7930952750915004,0.6222788767674946,0.06640164476977045,-1.023788323932921,-1.4520117773223713,-0.018378645718363482,0.0,0.0,1.0,0.0,0.0,0
3939,0.7937364192104102,-0.9641753507429608,0.6237198509131816,0.9767644117667437,-1.4520117773223713,0.21706847417806258,0.0,0.0,0.0,1.0,0.0,1
3940,0.7943775633293201,0.34739057492525843,-0.17523009016675106,-1.023788323932921,1.3586356504869515,1.27658051371198,0.0,0.0,1.0,0.0,0.0,0
3941,0.7950187074482299,1.4755507121404736,-0.8899083840332649,0.9767644117667437,0.6559737935346208,0.5113773740485952,1.0,0.0,0.0,0.0,0.0,1
3942,0.7956598515671398,1.0716413702878045,-1.7161583120181951,0.9767644117667437,-0.7493499203700406,-0.7835817853817482,0.0,1.0,0.0,0.0,0.0,1
3943,0.7963009956860496,1.5044316921807377,0.2047272575873226,0.9767644117667437,1.3586356504869515,-0.4892728855112156,0.0,0.0,0.0,1.0,0.0,1
3944,0.7969421398049595,1.7040989070496944,0.31027641443301496,-1.023788323932921,-1.4520117773223713,-1.4899231450710264,0.0,0.0,0.0,1.0,0.0,0
3945,0.7975832839238693,-1.6832995132443211,1.6219209767742446,0.9767644117667437,-0.7493499203700406,-1.1367524652263874,1.0,0.0,0.0,0.0,0.0,0
3946,0.7982244280427793,0.4589324221274151,-0.4778818451266835,-1.023788323932921,-0.7493499203700406,-0.4892728855112156,0.0,0.0,1.0,0.0,0.0,0
3947,0.7988655721616891,-0.2757182931253604,-0.36557891723754,0.9767644117667437,-1.4520117773223713,0.09934491422984955,0.0,1.0,0.0,0.0,0.0,1
3948,0.799506716280599,1.288822051397535,-1.027030262652496,0.9767644117667437,-0.7493499203700406,-0.3715493255630026,0.0,0.0,1.0,0.0,0.0,1
3949,0.8001478603995088,-0.8393002328606356,-1.478462421898367,-1.023788323932921,0.6559737935346208,-1.1367524652263874,0.0,0.0,0.0,0.0,1.0,0
3950,0.8007890045184187,1.712931164237898,0.9367027835798095,0.9767644117667437,0.6559737935346208,-1.1367524652263874,0.0,0.0,1.0,0.0,0.0,1
3951,0.8014301486373285,0.4273161003956926,-0.8623618884105617,-1.023788323932921,1.3586356504869515,-0.7835817853817482,0.0,0.0,0.0,1.0,0.0,0
3952,0.8020712927562385,1.0567140944254088,0.3730384143247246,-1.023788323932921,1.3586356504869515,0.09934491422984955,0.0,1.0,0.0,0.0,0.0,0
3953,0.8027124368751483,-1.4210486147200676,0.6442725796838967,-1.023788323932921,-0.7493499203700406,-0.6658582254335351,0.0,0.0,1.0,0.0,0.0,0
3954,0.8033535809940582,-1.0785471848927677,-0.1004138042649417,-1.023788323932921,-1.4520117773223713,-0.19496398564068304,0.0,1.0,0.0,0.0,0.0,0
3955,0.803994725112968,0.9337470230861664,1.2928116006414376,-1.023788323932921,0.6559737935346208,0.09934491422984955,0.0,1.0,0.0,0.0,0.0,0
3956,0.8046358692318779,-1.6436924465524512,-0.19478857997210017,0.9767644117667437,-0.04668806341770988,-0.31268754558889605,0.0,0.0,0.0,0.0,1.0,1
3957,0.8052770133507877,1.138405485644605,-0.7412114048219429,-1.023788323932921,1.3586356504869515,-0.13610220566657652,0.0,0.0,0.0,0.0,1.0,0
3958,0.8059181574696976,-1.6718234838822927,1.360435691276834,0.9767644117667437,0.6559737935346208,0.5702391540227016,0.0,0.0,0.0,1.0,0.0,0
3959,0.8065593015886074,0.5792529317889388,1.2419550362476173,-1.023788323932921,-0.7493499203700406,1.27658051371198,1.0,0.0,0.0,0.0,0.0,0
3960,0.8072004457075174,-0.4428261315411829,-1.156888763210794,-1.023788323932921,0.6559737935346208,-0.19496398564068304,0.0,1.0,0.0,0.0,0.0,0
3961,0.8078415898264272,0.41957025329421543,-1.6317536021123225,0.9767644117667437,0.6559737935346208,-0.9601671253040678,1.0,0.0,0.0,0.0,0.0,1
3962,0.8084827339453371,0.7154458331991164,-1.4115679285822502,0.9767644117667437,-0.7493499203700406,0.6879627139709147,0.0,0.0,0.0,1.0,0.0,1
3963,0.8091238780642469,-0.5219909537453817,-0.7355755205003726,-1.023788323932921,1.3586356504869515,1.5708894135825124,0.0,1.0,0.0,0.0,0.0,0
3964,0.8097650221831568,-1.3427791055254608,1.622646062511936,-1.023788323932921,1.3586356504869515,0.5113773740485952,0.0,1.0,0.0,0.0,0.0,0
3965,0.8104061663020666,-1.4768860670956083,0.19974748669260523,0.9767644117667437,-0.04668806341770988,-1.666508484993346,1.0,0.0,0.0,0.0,0.0,0
3966,0.8110473104209766,0.34061497752955416,-0.43735776651539204,0.9767644117667437,-0.04668806341770988,-0.7835817853817482,0.0,0.0,1.0,0.0,0.0,1
3967,0.8116884545398864,0.10163454284796306,1.3353323543735713,-1.023788323932921,1.3586356504869515,-1.7253702649674525,0.0,0.0,0.0,0.0,1.0,0
3968,0.8123295986587963,0.8770381517264778,-0.16266242269495146,-1.023788323932921,1.3586356504869515,0.8645480538932343,0.0,0.0,1.0,0.0,0.0,0
3969,0.8129707427777061,0.06341539464586898,-0.6369040116370513,-1.023788323932921,1.3586356504869515,0.09934491422984955,1.0,0.0,0.0,0.0,0.0,0
3970,0.813611886896616,-0.24209618835883798,1.515896000267795,0.9767644117667437,1.3586356504869515,-0.6658582254335351,0.0,0.0,0.0,0.0,1.0,1
3971,0.8142530310155258,-0.3273506496112861,1.2005257218981795,-1.023788323932921,0.6559737935346208,-0.9601671253040678,0.0,0.0,1.0,0.0,0.0,0
3972,0.8148941751344357,-1.6280812391204231,1.1804095278748046,0.9767644117667437,-0.04668806341770988,0.040483134255743035,0.0,0.0,0.0,0.0,1.0,0
3973,0.8155353192533455,-0.5462038218261668,0.0407538493760222,0.9767644117667437,-0.7493499203700406,1.629751193556619,0.0,1.0,0.0,0.0,0.0,0
3974,0.8161764633722554,1.695398643518316,0.9939081598388381,-1.023788323932921,-1.4520117773223713,-0.7247200054076417,0.0,0.0,1.0,0.0,0.0,0
3975,0.8168176074911653,1.3367754695208864,-1.1042246740624202,-1.023788323932921,-0.7493499203700406,1.27658051371198,0.0,0.0,0.0,0.0,1.0,0
3976,0.8174587516100751,-0.5678306206394039,0.2503254015460912,0.9767644117667437,-1.4520117773223713,-0.9601671253040678,0.0,0.0,0.0,0.0,1.0,1
3977,0.818099895728985,0.336622848136001,1.6624916898159636,-1.023788323932921,0.6559737935346208,0.9822716138414473,0.0,0.0,0.0,0.0,1.0,0
3978,0.8187410398478948,1.2448702951782742,-0.7204056172977429,-1.023788323932921,-0.04668806341770988,-0.9601671253040678,0.0,0.0,1.0,0.0,0.0,0
3979,0.8193821839668047,-0.17619680048552247,1.010807572404236,0.9767644117667437,-1.4520117773223713,-0.3715493255630026,0.0,0.0,0.0,1.0,0.0,1
3980,0.8200233280857145,-1.6577926380949382,-0.034239940426074214,-1.023788323932921,1.3586356504869515,-1.4899231450710264,0.0,0.0,1.0,0.0,0.0,0
3981,0.8206644722046245,-1.4598601236560587,-1.5841406562914546,0.9767644117667437,0.6559737935346208,-0.8424435653558547,1.0,0.0,0.0,0.0,0.0,1
3982,0.8213056163235343,0.0657156160049378,0.9030510336301245,0.9767644117667437,-1.4520117773223713,-1.4899231450710264,0.0,0.0,1.0,0.0,0.0,1
3983,0.8219467604424442,1.6723660907664017,-1.1413124796056715,-1.023788323932921,1.3586356504869515,1.3943040736601928,0.0,0.0,0.0,0.0,1.0,0
3984,0.822587904561354,0.7055693852823495,0.45065405841202316,0.9767644117667437,0.6559737935346208,-1.0190289052781742,0.0,1.0,0.0,0.0,0.0,1
3985,0.8232290486802639,-1.472439969643664,-1.4264294504137687,0.9767644117667437,-1.4520117773223713,-0.8424435653558547,0.0,0.0,1.0,0.0,0.0,1
3986,0.8238701927991737,-1.0578868810733675,1.5353194873202032,-1.023788323932921,1.3586356504869515,-0.9013053453299612,0.0,0.0,1.0,0.0,0.0,0
3987,0.8245113369180836,0.9789648080475671,-0.7177731486217521,0.9767644117667437,-0.04668806341770988,0.040483134255743035,0.0,0.0,0.0,0.0,1.0,1
3988,0.8251524810369935,1.2243710091626416,-0.9422049112815051,-1.023788323932921,0.6559737935346208,-1.4899231450710264,0.0,1.0,0.0,0.0,0.0,0
3989,0.8257936251559034,0.4412691473567208,-1.2769249300750705,0.9767644117667437,-1.4520117773223713,-0.5481346654853221,0.0,1.0,0.0,0.0,0.0,1
3990,0.8264347692748132,0.5348184432087716,1.53234397877308,0.9767644117667437,1.3586356504869515,-0.018378645718363482,1.0,0.0,0.0,0.0,0.0,1
3991,0.8270759133937231,-1.6214643746495692,0.7272600734940131,0.9767644117667437,-0.04668806341770988,-0.4304111055371091,0.0,0.0,1.0,0.0,0.0,0
3992,0.8277170575126329,1.179188118250598,0.8295973569856412,0.9767644117667437,1.3586356504869515,0.45251559407448866,0.0,1.0,0.0,0.0,0.0,0
3993,0.8283582016315428,1.038296562129118,-0.00354215907595903,0.9767644117667437,-0.04668806341770988,-0.07724042569247,0.0,1.0,0.0,0.0,0.0,1
3994,0.8289993457504526,-0.8140288871067662,-0.0884076300090487,0.9767644117667437,-1.4520117773223713,-1.0190289052781742,0.0,0.0,0.0,1.0,0.0,1
3995,0.8296404898693626,0.7597040755923816,-1.3426635476061495,0.9767644117667437,1.3586356504869515,0.09934491422984955,0.0,0.0,0.0,1.0,0.0,1
3996,0.8302816339882724,-0.968659535575768,0.20430407310410145,-1.023788323932921,1.3586356504869515,1.0411333938155538,0.0,1.0,0.0,0.0,0.0,0
3997,0.8309227781071823,-1.5794902221162792,-0.8718694703018462,0.9767644117667437,-0.7493499203700406,0.6879627139709147,1.0,0.0,0.0,0.0,0.0,0
3998,0.8315639222260921,-1.0166723760244278,1.6394478072864649,-1.023788323932921,0.6559737935346208,-0.19496398564068304,0.0,1.0,0.0,0.0,0.0,0
3999,0.832205066345002,-1.095448578095456,1.0184719488797864,0.9767644117667437,1.3586356504869515,0.21706847417806258,0.0,0.0,0.0,0.0,1.0,0
4000,0.8328462104639118,-0.5385361003537772,-0.3007218868958505,0.9767644117667437,-0.04668806341770988,0.8645480538932343,0.0,0.0,1.0,0.0,0.0,1
4001,0.8334873545828217,-0.2560831017867527,-1.2005606012670267,-1.023788323932921,0.6559737935346208,1.0999951737896603,1.0,0.0,0.0,0.0,0.0,0
4002,0.8341284987017316,0.059227263280530115,0.9797848529929589,-1.023788323932921,-1.4520117773223713,0.15820669420395606,0.0,0.0,0.0,0.0,1.0,0
4003,0.8347696428206415,-0.05201940532766955,-1.3012827035746621,-1.023788323932921,0.6559737935346208,-1.5487849250451329,1.0,0.0,0.0,0.0,0.0,0
4004,0.8354107869395513,-0.7732910955333435,-1.0699012740820821,0.9767644117667437,-0.7493499203700406,-0.7247200054076417,0.0,0.0,0.0,0.0,1.0,1
4005,0.8360519310584612,-1.6185481342434307,-0.9935991595780885,-1.023788323932921,-1.4520117773223713,-1.43106136509692,0.0,0.0,1.0,0.0,0.0,0
4006,0.836693075177371,0.3971941250893429,0.19415720675318293,0.9767644117667437,1.3586356504869515,-0.13610220566657652,0.0,0.0,1.0,0.0,0.0,1
4007,0.8373342192962809,-0.3355488035801047,0.9857171426928162,0.9767644117667437,-1.4520117773223713,0.8056862739191277,0.0,0.0,0.0,1.0,0.0,1
4008,0.8379753634151907,-0.6753004471739432,-0.6400808630603186,-1.023788323932921,-1.4520117773223713,1.5708894135825124,0.0,0.0,0.0,0.0,1.0,0
4009,0.8386165075341007,1.3136247872933655,-1.4298492045678322,0.9767644117667437,-0.7493499203700406,1.629751193556619,0.0,0.0,0.0,1.0,0.0,1
4010,0.8392576516530105,0.8929360702869581,-0.12344954896241078,-1.023788323932921,-0.04668806341770988,-0.19496398564068304,0.0,0.0,0.0,0.0,1.0,0
4011,0.8398987957719203,1.2815108128459611,0.8517772126424874,-1.023788323932921,-1.4520117773223713,-0.25382576561478953,0.0,0.0,0.0,1.0,0.0,0
4012,0.8405399398908302,0.011781302982982057,-0.9587154260528497,-1.023788323932921,-0.04668806341770988,1.512027633608406,0.0,0.0,1.0,0.0,0.0,0
4013,0.84118108400974,-1.2623889326986815,-0.9646970053598368,-1.023788323932921,0.6559737935346208,-0.6069964454594287,1.0,0.0,0.0,0.0,0.0,0
4014,0.8418222281286499,0.7161109298565549,1.536556284076368,0.9767644117667437,-0.7493499203700406,-1.0190289052781742,0.0,0.0,0.0,1.0,0.0,1
4015,0.8424633722475597,-0.9993921831454065,1.5603777766241735,0.9767644117667437,1.3586356504869515,-0.13610220566657652,0.0,0.0,0.0,0.0,1.0,0
4016,0.8431045163664697,-0.1763531360427495,1.685257760389247,-1.023788323932921,-1.4520117773223713,0.21706847417806258,0.0,0.0,0.0,0.0,1.0,0
4017,0.8437456604853795,-1.49314371321496,1.0565723808967,-1.023788323932921,-0.04668806341770988,1.0999951737896603,0.0,0.0,1.0,0.0,0.0,0
4018,0.8443868046042894,1.1679117081415937,-1.0738547895265043,0.9767644117667437,-1.4520117773223713,-0.4304111055371091,0.0,0.0,0.0,0.0,1.0,1
4019,0.8450279487231992,-1.2798559321513239,-0.9920137320006356,0.9767644117667437,-0.7493499203700406,-1.1956142452004939,0.0,1.0,0.0,0.0,0.0,1
4020,0.8456690928421091,1.44017140266511,-0.5509729856336476,-1.023788323932921,1.3586356504869515,1.2177187337378734,1.0,0.0,0.0,0.0,0.0,0
4021,0.8463102369610189,1.3041383209704438,-0.6269516404639974,0.9767644117667437,0.6559737935346208,-0.018378645718363482,0.0,0.0,0.0,1.0,0.0,1
4022,0.8469513810799288,-0.09461795428382458,1.5685422341953559,0.9767644117667437,0.6559737935346208,-0.4892728855112156,1.0,0.0,0.0,0.0,0.0,1
4023,0.8475925251988387,0.884623274364052,0.9926549033479327,0.9767644117667437,-0.04668806341770988,-1.4899231450710264,0.0,0.0,1.0,0.0,0.0,1
4024,0.8482336693177486,0.44739580519114647,0.7688903391578901,0.9767644117667437,0.6559737935346208,1.3354422936860864,0.0,0.0,0.0,1.0,0.0,0
4025,0.8488748134366584,1.0900976685238555,-1.0814928031723117,-1.023788323932921,-0.04668806341770988,0.8056862739191277,0.0,0.0,0.0,1.0,0.0,0
4026,0.8495159575555683,-0.20933886200373442,1.4068978221633588,0.9767644117667437,1.3586356504869515,1.1588569537637667,0.0,1.0,0.0,0.0,0.0,0
4027,0.8501571016744781,1.0296630972509286,1.1260789152771518,-1.023788323932921,-1.4520117773223713,-1.2544760251746003,0.0,0.0,1.0,0.0,0.0,0
4028,0.850798245793388,-0.10205871074227008,-1.1582578817567677,-1.023788323932921,-0.7493499203700406,0.7468244939450213,0.0,0.0,0.0,0.0,1.0,0
4029,0.8514393899122978,1.5727093282588094,1.2749910276257064,-1.023788323932921,1.3586356504869515,-1.5487849250451329,0.0,1.0,0.0,0.0,0.0,0
4030,0.8520805340312078,-0.01835588523453117,-0.7847539274798759,0.9767644117667437,1.3586356504869515,0.6879627139709147,0.0,1.0,0.0,0.0,0.0,1
4031,0.8527216781501176,-0.10149012323755019,-1.4429179537664427,0.9767644117667437,0.6559737935346208,-1.7253702649674525,1.0,0.0,0.0,0.0,0.0,1
4032,0.8533628222690275,1.0270849384325798,0.5378304665294845,-1.023788323932921,0.6559737935346208,0.21706847417806258,1.0,0.0,0.0,0.0,0.0,0
4033,0.8540039663879373,1.1548543249757852,0.527452528842324,0.9767644117667437,-0.7493499203700406,0.6291009339968082,1.0,0.0,0.0,0.0,0.0,0
4034,0.8546451105068472,0.22005176035244298,-1.394556667477601,-1.023788323932921,-1.4520117773223713,1.4531658536342995,0.0,1.0,0.0,0.0,0.0,0
4035,0.855286254625757,-1.0913573321364012,-0.6244779853865888,-1.023788323932921,1.3586356504869515,-0.25382576561478953,0.0,0.0,0.0,0.0,1.0,0
4036,0.855927398744667,-0.08350391012038909,1.6933352374923656,0.9767644117667437,0.6559737935346208,-0.7247200054076417,0.0,0.0,0.0,1.0,0.0,1
4037,0.8565685428635768,1.6675820742442191,0.6121296464313114,0.9767644117667437,1.3586356504869515,-0.8424435653558547,1.0,0.0,0.0,0.0,0.0,1
4038,0.8572096869824867,0.914785994345496,0.7897531018448715,0.9767644117667437,-1.4520117773223713,-0.4304111055371091,0.0,0.0,0.0,0.0,1.0,1
4039,0.8578508311013965,1.118401808151867,-0.9887955595574661,-1.023788323932921,-0.04668806341770988,0.9234098338673408,0.0,0.0,1.0,0.0,0.0,0
4040,0.8584919752203064,-1.6057563304186655,-1.4500976399078414,-1.023788323932921,-1.4520117773223713,0.3347920341262756,1.0,0.0,0.0,0.0,0.0,0
4041,0.8591331193392162,-0.08314960207848167,-0.7687479096831178,0.9767644117667437,1.3586356504869515,-0.25382576561478953,0.0,0.0,0.0,1.0,0.0,1
4042,0.8597742634581261,0.5425112559444424,-0.865053586630404,-1.023788323932921,1.3586356504869515,-1.666508484993346,0.0,0.0,1.0,0.0,0.0,0
4043,0.8604154075770359,1.1844465604698242,-0.9144191562625883,-1.023788323932921,-0.7493499203700406,0.8056862739191277,0.0,0.0,1.0,0.0,0.0,0
4044,0.8610565516959459,-1.5481882479358269,-1.0581376569068734,-1.023788323932921,1.3586356504869515,1.27658051371198,0.0,0.0,0.0,1.0,0.0,0
4045,0.8616976958148557,1.2628676419954792,0.2555965972523873,0.9767644117667437,0.6559737935346208,-1.4899231450710264,1.0,0.0,0.0,0.0,0.0,1
4046,0.8623388399337656,0.19874330879105281,-0.5926607388655308,0.9767644117667437,-0.7493499203700406,-0.07724042569247,0.0,1.0,0.0,0.0,0.0,1
4047,0.8629799840526754,-1.0300512713583119,1.1001985654338313,0.9767644117667437,1.3586356504869515,-1.5487849250451329,0.0,0.0,0.0,1.0,0.0,0
4048,0.8636211281715852,-0.6102602592468904,-1.0884253272031672,-1.023788323932921,-1.4520117773223713,0.9822716138414473,0.0,0.0,0.0,1.0,0.0,0
4049,0.8642622722904951,-0.7338990994900839,-0.12314482098846971,0.9767644117667437,1.3586356504869515,0.2759302541521691,0.0,0.0,0.0,1.0,0.0,1
4050,0.8649034164094049,0.1373471399281275,-1.674065260800537,-1.023788323932921,-1.4520117773223713,-0.4892728855112156,0.0,0.0,1.0,0.0,0.0,1
4051,0.8655445605283149,-1.5397462231240409,-0.06449040230163683,-1.023788323932921,-1.4520117773223713,1.0999951737896603,0.0,0.0,0.0,0.0,1.0,0
4052,0.8661857046472247,-1.165772531049557,-1.5290034352768405,-1.023788323932921,1.3586356504869515,-1.3133378051487068,0.0,1.0,0.0,0.0,0.0,0
4053,0.8668268487661346,1.123758303664269,1.6414362128638738,0.9767644117667437,-1.4520117773223713,0.8056862739191277,1.0,0.0,0.0,0.0,0.0,1
4054,0.8674679928850444,-1.2565343942270575,0.9978759320201694,-1.023788323932921,-0.04668806341770988,-0.5481346654853221,1.0,0.0,0.0,0.0,0.0,0
4055,0.8681091370039543,-0.9037642325946212,-0.03550184496421471,0.9767644117667437,-0.7493499203700406,-1.3133378051487068,0.0,0.0,0.0,0.0,1.0,1
4056,0.8687502811228641,-0.1338601971924451,-1.423254612724507,-1.023788323932921,1.3586356504869515,1.629751193556619,0.0,0.0,0.0,1.0,0.0,0
4057,0.869391425241774,0.08926401184827865,0.3164331088460744,0.9767644117667437,-0.04668806341770988,1.27658051371198,0.0,1.0,0.0,0.0,0.0,0
4058,0.8700325693606838,0.9519707007555709,0.888415511760071,0.9767644117667437,-1.4520117773223713,1.27658051371198,1.0,0.0,0.0,0.0,0.0,1
4059,0.8706737134795938,-0.1549936549051529,-1.0651433050211205,0.9767644117667437,-1.4520117773223713,-1.4899231450710264,1.0,0.0,0.0,0.0,0.0,1
4060,0.8713148575985036,1.0438594627833442,0.23307972035433933,0.9767644117667437,-0.7493499203700406,-0.5481346654853221,0.0,0.0,0.0,1.0,0.0,1
4061,0.8719560017174135,0.4435501521614096,1.0791028316479592,0.9767644117667437,-0.04668806341770988,-0.19496398564068304,0.0,0.0,0.0,0.0,1.0,1
4062,0.8725971458363233,-1.3247987293497625,0.9210318636450134,0.9767644117667437,-0.04668806341770988,0.45251559407448866,0.0,1.0,0.0,0.0,0.0,0
4063,0.8732382899552332,-1.1734889898743273,1.040520175061323,0.9767644117667437,1.3586356504869515,-1.4899231450710264,0.0,0.0,0.0,0.0,1.0,0
4064,0.873879434074143,-0.19103882164977287,1.3030301874488728,0.9767644117667437,-1.4520117773223713,-0.5481346654853221,0.0,0.0,0.0,0.0,1.0,1
4065,0.874520578193053,-0.3315428641874228,1.5037304981052475,-1.023788323932921,0.6559737935346208,-1.3133378051487068,0.0,1.0,0.0,0.0,0.0,0
4066,0.8751617223119628,0.8817395260327199,-0.32641494612682964,-1.023788323932921,1.3586356504869515,-0.4892728855112156,0.0,1.0,0.0,0.0,0.0,0
4067,0.8758028664308727,0.3119191167427607,0.23500822627193382,-1.023788323932921,1.3586356504869515,-0.7247200054076417,1.0,0.0,0.0,0.0,0.0,0
4068,0.8764440105497825,-0.36218971203782535,0.9981077172281605,-1.023788323932921,1.3586356504869515,-1.5487849250451329,1.0,0.0,0.0,0.0,0.0,0
4069,0.8770851546686924,-1.122988434988581,0.6764857041427702,-1.023788323932921,-0.7493499203700406,-1.5487849250451329,0.0,1.0,0.0,0.0,0.0,0
4070,0.8777262987876022,-0.9267211344440177,1.7026405902480741,0.9767644117667437,-0.7493499203700406,0.39365381410038214,0.0,0.0,1.0,0.0,0.0,0
4071,0.8783674429065121,0.2935928382725678,-1.673997116484592,0.9767644117667437,1.3586356504869515,-0.9013053453299612,1.0,0.0,0.0,0.0,0.0,1
4072,0.879008587025422,-0.23862066404002305,-0.4997032326072592,0.9767644117667437,0.6559737935346208,0.45251559407448866,0.0,0.0,1.0,0.0,0.0,1
4073,0.8796497311443319,0.08158724569739399,-0.7545574415004097,0.9767644117667437,-0.04668806341770988,-0.19496398564068304,0.0,1.0,0.0,0.0,0.0,1
4074,0.8802908752632417,-1.123278401194209,-0.8189098165308861,0.9767644117667437,-0.04668806341770988,-0.5481346654853221,1.0,0.0,0.0,0.0,0.0,1
4075,0.8809320193821516,0.5995087167109988,-0.9557373889045049,-1.023788323932921,-1.4520117773223713,1.0411333938155538,0.0,0.0,0.0,0.0,1.0,0
4076,0.8815731635010614,1.2632171324571113,0.7176997622282604,-1.023788323932921,-0.04668806341770988,0.9234098338673408,0.0,1.0,0.0,0.0,0.0,0
4077,0.8822143076199713,-0.817863587126997,-1.4295408598623773,0.9767644117667437,-0.04668806341770988,0.9234098338673408,0.0,0.0,0.0,1.0,0.0,0
4078,0.8828554517388811,-0.0003585912658547489,0.8294183363164155,-1.023788323932921,0.6559737935346208,1.0411333938155538,0.0,0.0,1.0,0.0,0.0,0
4079,0.8834965958577911,1.6936737575142267,0.6637130479648248,-1.023788323932921,-0.04668806341770988,1.6886129735307256,0.0,1.0,0.0,0.0,0.0,0
4080,0.8841377399767009,-0.5543078711952925,-0.8584995642561511,0.9767644117667437,0.6559737935346208,1.3943040736601928,0.0,1.0,0.0,0.0,0.0,1
4081,0.8847788840956108,0.36200093520955967,-0.8515194280063286,0.9767644117667437,-0.7493499203700406,1.512027633608406,1.0,0.0,0.0,0.0,0.0,1
4082,0.8854200282145206,-1.404962227211332,0.44166779825336616,-1.023788323932921,0.6559737935346208,-1.5487849250451329,1.0,0.0,0.0,0.0,0.0,0
4083,0.8860611723334305,0.40039093043817586,0.9001336862455628,-1.023788323932921,-0.7493499203700406,-1.1367524652263874,1.0,0.0,0.0,0.0,0.0,0
4084,0.8867023164523403,-1.4069359556026584,1.2932707183732624,0.9767644117667437,0.6559737935346208,-0.6658582254335351,0.0,0.0,0.0,1.0,0.0,0
4085,0.8873434605712502,1.636652584401568,1.2095426444822772,-1.023788323932921,1.3586356504869515,1.5708894135825124,1.0,0.0,0.0,0.0,0.0,0
4086,0.88798460469016,0.784154642937219,1.5972766120499675,0.9767644117667437,-0.7493499203700406,-0.6658582254335351,0.0,1.0,0.0,0.0,0.0,1
4087,0.8886257488090699,1.0378925952284126,0.2783949796128545,-1.023788323932921,-0.7493499203700406,-0.19496398564068304,1.0,0.0,0.0,0.0,0.0,0
4088,0.8892668929279798,0.7437009460621631,1.4039058271184253,-1.023788323932921,-0.04668806341770988,0.5702391540227016,0.0,0.0,0.0,0.0,1.0,0
4089,0.8899080370468896,0.34339050268940047,1.0595082283226789,0.9767644117667437,-0.7493499203700406,0.6879627139709147,1.0,0.0,0.0,0.0,0.0,0
4090,0.8905491811657995,-0.1459624864742975,1.3558001565136784,-1.023788323932921,0.6559737935346208,-0.13610220566657652,0.0,0.0,0.0,1.0,0.0,0
4091,0.8911903252847093,1.2836382057370666,-1.6810508461957174,0.9767644117667437,1.3586356504869515,-1.4899231450710264,0.0,0.0,0.0,0.0,1.0,1
4092,0.8918314694036192,1.6282534641641602,1.6007844683818606,-1.023788323932921,1.3586356504869515,1.0411333938155538,0.0,1.0,0.0,0.0,0.0,0
4093,0.892472613522529,0.02596801349392077,-0.09252635242891209,-1.023788323932921,-0.04668806341770988,-0.31268754558889605,0.0,1.0,0.0,0.0,0.0,0
4094,0.893113757641439,1.539702006134041,1.02398152961825,0.9767644117667437,0.6559737935346208,-1.6076467050192393,0.0,0.0,1.0,0.0,0.0,1
4095,0.8937549017603488,0.32100423994471655,-1.2835702168311731,-1.023788323932921,0.6559737935346208,-0.25382576561478953,0.0,0.0,0.0,0.0,1.0,0
4096,0.8943960458792587,0.16368496397337193,-0.35936156152123416,0.9767644117667437,-1.4520117773223713,-1.1956142452004939,0.0,0.0,1.0,0.0,0.0,1
4097,0.8950371899981685,-0.1299677825109377,-0.7874600499114011,0.9767644117667437,-0.7493499203700406,-0.3715493255630026,0.0,0.0,0.0,0.0,1.0,1
4098,0.8956783341170784,-0.9881433372960721,-0.7179970902598464,-1.023788323932921,-0.04668806341770988,-0.07724042569247,0.0,0.0,0.0,0.0,1.0,0
4099,0.8963194782359882,-1.7076259508638212,-1.2971494323031512,0.9767644117667437,1.3586356504869515,0.8645480538932343,0.0,0.0,0.0,1.0,0.0,0
4100,0.8969606223548982,-0.8753796081106798,1.0500526746374148,0.9767644117667437,-1.4520117773223713,-1.3721995851228133,0.0,0.0,1.0,0.0,0.0,1
4101,0.897601766473808,0.06337221058902283,-1.6892506050742244,0.9767644117667437,0.6559737935346208,0.8056862739191277,0.0,0.0,0.0,1.0,0.0,1
4102,0.8982429105927179,-0.3907954344641563,-0.6463036138505899,-1.023788323932921,-0.7493499203700406,-0.4304111055371091,0.0,0.0,0.0,0.0,1.0,0
4103,0.8988840547116277,-0.1509588824107943,-1.1212234266464274,0.9767644117667437,1.3586356504869515,0.9234098338673408,0.0,1.0,0.0,0.0,0.0,1
4104,0.8995251988305376,1.711596731453355,0.30471787339961776,0.9767644117667437,-1.4520117773223713,-0.19496398564068304,0.0,0.0,0.0,0.0,1.0,1
4105,0.9001663429494474,-0.4947011412309044,-0.8466406785655104,-1.023788323932921,0.6559737935346208,0.6879627139709147,0.0,0.0,0.0,1.0,0.0,0
4106,0.9008074870683573,-0.13801699589007835,-0.8303186140897751,0.9767644117667437,1.3586356504869515,-1.2544760251746003,0.0,0.0,1.0,0.0,0.0,1
4107,0.9014486311872671,-1.2533439575544187,-0.041600482364890154,0.9767644117667437,1.3586356504869515,0.8056862739191277,0.0,0.0,1.0,0.0,0.0,0
4108,0.9020897753061771,-1.552793935208989,0.5236158193813785,0.9767644117667437,0.6559737935346208,1.512027633608406,0.0,0.0,0.0,1.0,0.0,0
4109,0.9027309194250869,0.9932669937815071,-1.303858791427826,-1.023788323932921,0.6559737935346208,-1.6076467050192393,0.0,0.0,1.0,0.0,0.0,0
4110,0.9033720635439968,0.2767305208843905,-1.1174373088220286,-1.023788323932921,-0.04668806341770988,-1.0190289052781742,1.0,0.0,0.0,0.0,0.0,0
4111,0.9040132076629066,0.9418009243784652,-0.8709813289933147,-1.023788323932921,1.3586356504869515,-1.43106136509692,0.0,1.0,0.0,0.0,0.0,0
4112,0.9046543517818165,-1.1961290475588116,1.6277648355919865,-1.023788323932921,0.6559737935346208,1.6886129735307256,0.0,1.0,0.0,0.0,0.0,0
4113,0.9052954959007263,0.28074007528983236,-0.3551954426799383,-1.023788323932921,-1.4520117773223713,0.45251559407448866,0.0,1.0,0.0,0.0,0.0,0
4114,0.9059366400196363,-0.8329030807244119,0.3389407001272559,-1.023788323932921,-0.7493499203700406,-0.5481346654853221,0.0,0.0,1.0,0.0,0.0,0
4115,0.9065777841385461,-0.9224346676240132,-0.8903500078275929,0.9767644117667437,-0.04668806341770988,-0.6658582254335351,0.0,0.0,1.0,0.0,0.0,1
4116,0.907218928257456,-1.6803039324745732,-0.034304877357360174,-1.023788323932921,0.6559737935346208,-0.31268754558889605,0.0,0.0,0.0,0.0,1.0,0
4117,0.9078600723763658,-1.264455766164636,-1.4661337264547643,-1.023788323932921,-0.7493499203700406,0.5113773740485952,0.0,0.0,0.0,0.0,1.0,0
4118,0.9085012164952757,-0.6382149035927975,-1.6015545792293642,-1.023788323932921,-0.04668806341770988,-1.5487849250451329,0.0,1.0,0.0,0.0,0.0,0
4119,0.9091423606141855,-1.311572260765255,-0.10902237984137318,-1.023788323932921,1.3586356504869515,-0.4892728855112156,1.0,0.0,0.0,0.0,0.0,0
4120,0.9097835047330954,1.7298323589617057,-0.3500134757722087,0.9767644117667437,-0.7493499203700406,-1.4899231450710264,0.0,0.0,0.0,0.0,1.0,1
4121,0.9104246488520052,-0.6404390062674372,-1.2502929647202587,0.9767644117667437,-0.04668806341770988,-1.7253702649674525,0.0,0.0,0.0,0.0,1.0,1
4122,0.9110657929709152,-1.2645144847298728,0.6436824103295338,-1.023788323932921,0.6559737935346208,1.1588569537637667,0.0,0.0,1.0,0.0,0.0,0
4123,0.911706937089825,-1.0238621228441667,1.6936414143504244,0.9767644117667437,0.6559737935346208,-0.7835817853817482,1.0,0.0,0.0,0.0,0.0,0
4124,0.9123480812087348,0.3363002321721993,-0.36037359623218995,-1.023788323932921,-0.04668806341770988,-1.2544760251746003,0.0,1.0,0.0,0.0,0.0,0
4125,0.9129892253276447,-1.4964941142849693,0.42687303890401085,0.9767644117667437,1.3586356504869515,-1.2544760251746003,0.0,0.0,0.0,0.0,1.0,0
4126,0.9136303694465545,1.2978507187018526,1.5907181034211566,-1.023788323932921,-0.04668806341770988,1.3354422936860864,1.0,0.0,0.0,0.0,0.0,0
4127,0.9142715135654644,1.64457737488643,1.1386817530347018,-1.023788323932921,-1.4520117773223713,-0.3715493255630026,1.0,0.0,0.0,0.0,0.0,0
4128,0.9149126576843742,-0.8570355760915034,-0.12684131053200481,-1.023788323932921,-0.04668806341770988,-1.1956142452004939,0.0,1.0,0.0,0.0,0.0,0
4129,0.9155538018032842,-0.14532378530013268,0.8152515532531268,-1.023788323932921,-0.04668806341770988,-0.6069964454594287,1.0,0.0,0.0,0.0,0.0,0
4130,0.916194945922194,-1.643174699216635,-1.2803687029336523,0.9767644117667437,0.6559737935346208,-0.7835817853817482,1.0,0.0,0.0,0.0,0.0,1
4131,0.9168360900411039,0.5218232397054129,0.040131762028036116,-1.023788323932921,1.3586356504869515,-1.0190289052781742,1.0,0.0,0.0,0.0,0.0,0
4132,0.9174772341600137,-0.27191501243418936,-0.76132434921695,0.9767644117667437,-0.04668806341770988,-0.07724042569247,0.0,0.0,0.0,0.0,1.0,1
4133,0.9181183782789236,-0.7754475678553956,-1.1667804560628903,0.9767644117667437,-0.7493499203700406,0.3347920341262756,0.0,1.0,0.0,0.0,0.0,0
4134,0.9187595223978334,-0.996720547077589,-0.25502044785199857,0.9767644117667437,0.6559737935346208,-0.4304111055371091,1.0,0.0,0.0,0.0,0.0,1
4135,0.9194006665167433,0.5684178533057161,-1.2704658158579853,-1.023788323932921,0.6559737935346208,-0.19496398564068304,1.0,0.0,0.0,0.0,0.0,0
4136,0.9200418106356532,-0.2638966709631318,0.6828318233859154,0.9767644117667437,-0.04668806341770988,-0.7247200054076417,0.0,0.0,0.0,0.0,1.0,1
4137,0.9206829547545631,-1.0918421638972318,-0.15198849883501042,0.9767644117667437,-0.7493499203700406,-0.7247200054076417,0.0,1.0,0.0,0.0,0.0,1
4138,0.9213240988734729,0.6912178871943507,0.10561456692967343,0.9767644117667437,-0.04668806341770988,1.3943040736601928,0.0,0.0,1.0,0.0,0.0,0
4139,0.9219652429923828,0.25709255540234394,-1.2176367468803355,-1.023788323932921,-0.7493499203700406,-1.2544760251746003,0.0,0.0,0.0,0.0,1.0,0
4140,0.9226063871112926,1.284683560488354,-1.2403494028631759,0.9767644117667437,0.6559737935346208,-1.6076467050192393,0.0,1.0,0.0,0.0,0.0,1
4141,0.9232475312302025,-1.309482293436358,0.2853781740990127,-1.023788323932921,-0.7493499203700406,-1.3721995851228133,1.0,0.0,0.0,0.0,0.0,0
4142,0.9238886753491123,1.0291665131622836,1.666494180041323,0.9767644117667437,-0.04668806341770988,1.629751193556619,0.0,1.0,0.0,0.0,0.0,0
4143,0.9245298194680223,0.6366452911470155,-1.3900219837269505,0.9767644117667437,-1.4520117773223713,-0.9013053453299612,0.0,1.0,0.0,0.0,0.0,1
4144,0.9251709635869321,-1.3181095917904384,-0.7383817086747887,-1.023788323932921,-1.4520117773223713,-0.018378645718363482,0.0,1.0,0.0,0.0,0.0,0
4145,0.925812107705842,0.7112084970871836,1.2691060164677608,-1.023788323932921,-0.7493499203700406,-1.2544760251746003,0.0,0.0,1.0,0.0,0.0,0
4146,0.9264532518247518,-0.1752414756514667,-1.4724862695672094,0.9767644117667437,-0.04668806341770988,1.6886129735307256,0.0,1.0,0.0,0.0,0.0,1
4147,0.9270943959436617,1.5867757080545637,1.2912076412056708,-1.023788323932921,1.3586356504869515,0.6291009339968082,0.0,0.0,1.0,0.0,0.0,0
4148,0.9277355400625715,-1.2250088861402104,0.08202710595511939,0.9767644117667437,-1.4520117773223713,-0.19496398564068304,1.0,0.0,0.0,0.0,0.0,1
4149,0.9283766841814814,0.5292542617419687,-0.316972536596332,0.9767644117667437,0.6559737935346208,0.3347920341262756,0.0,0.0,1.0,0.0,0.0,1
4150,0.9290178283003913,-0.3837251646487058,-0.6560186529072313,-1.023788323932921,-0.04668806341770988,-0.7247200054076417,1.0,0.0,0.0,0.0,0.0,0
4151,0.9296589724193012,1.628179975417692,-0.6992252444388116,-1.023788323932921,-0.04668806341770988,0.040483134255743035,1.0,0.0,0.0,0.0,0.0,0
4152,0.930300116538211,-0.5657417384050843,-0.6693553529249902,-1.023788323932921,-1.4520117773223713,-0.7835817853817482,0.0,0.0,1.0,0.0,0.0,1
4153,0.9309412606571209,1.6469791616199592,1.3218751772725497,0.9767644117667437,1.3586356504869515,1.3943040736601928,0.0,0.0,0.0,0.0,1.0,0
4154,0.9315824047760307,1.4345306518383716,0.7681558818487227,0.9767644117667437,0.6559737935346208,1.3354422936860864,0.0,0.0,0.0,1.0,0.0,0
4155,0.9322235488949406,-0.7743108846902513,0.582197043741984,0.9767644117667437,1.3586356504869515,-1.43106136509692,0.0,1.0,0.0,0.0,0.0,0
4156,0.9328646930138504,1.091729126220988,1.0259285984716522,-1.023788323932921,0.6559737935346208,0.5113773740485952,0.0,0.0,0.0,1.0,0.0,0
4157,0.9335058371327604,1.763942251759491,-0.8367971287105299,-1.023788323932921,-1.4520117773223713,-0.31268754558889605,0.0,1.0,0.0,0.0,0.0,1
4158,0.9341469812516702,-0.8363312059754333,0.40446458263448193,-1.023788323932921,-0.04668806341770988,0.6879627139709147,0.0,1.0,0.0,0.0,0.0,0
4159,0.9347881253705801,-0.19193676092997486,-0.1388298985779235,0.9767644117667437,0.6559737935346208,0.6879627139709147,1.0,0.0,0.0,0.0,0.0,1
4160,0.9354292694894899,0.09997339601230339,0.9698457119495532,-1.023788323932921,-0.04668806341770988,1.6886129735307256,0.0,1.0,0.0,0.0,0.0,0
4161,0.9360704136083997,-0.6883939182772902,-0.6574783848470959,-1.023788323932921,-0.7493499203700406,0.45251559407448866,0.0,1.0,0.0,0.0,0.0,0
4162,0.9367115577273096,-1.667218147277163,0.4909086911006574,0.9767644117667437,-0.7493499203700406,0.45251559407448866,0.0,0.0,1.0,0.0,0.0,0
4163,0.9373527018462194,-0.9501984506260281,1.3129656521439592,-1.023788323932921,-1.4520117773223713,0.040483134255743035,0.0,0.0,0.0,1.0,0.0,0
4164,0.9379938459651294,-0.7338734356290988,-0.3380069895995009,-1.023788323932921,-1.4520117773223713,1.2177187337378734,0.0,0.0,1.0,0.0,0.0,0
4165,0.9386349900840392,-0.1680580894152128,-1.4919168278461732,0.9767644117667437,-1.4520117773223713,-0.07724042569247,0.0,1.0,0.0,0.0,0.0,1
4166,0.9392761342029491,-1.1217907621712138,0.0537057070753285,0.9767644117667437,-0.7493499203700406,0.5702391540227016,1.0,0.0,0.0,0.0,0.0,0
4167,0.9399172783218589,1.3357212095561928,-0.5312077310337576,0.9767644117667437,0.6559737935346208,-1.2544760251746003,0.0,0.0,1.0,0.0,0.0,1
4168,0.9405584224407688,0.7465246253981443,0.5908029101667931,0.9767644117667437,1.3586356504869515,-1.7253702649674525,0.0,0.0,1.0,0.0,0.0,1
4169,0.9411995665596786,-1.422445366999801,1.5496450795453636,0.9767644117667437,-1.4520117773223713,-0.8424435653558547,0.0,0.0,0.0,0.0,1.0,1
4170,0.9418407106785885,0.5546607702226408,-0.05098857941189679,0.9767644117667437,1.3586356504869515,0.45251559407448866,0.0,1.0,0.0,0.0,0.0,1
4171,0.9424818547974984,0.5671347591542756,-0.11776898710953349,-1.023788323932921,1.3586356504869515,-0.4304111055371091,1.0,0.0,0.0,0.0,0.0,0
4172,0.9431229989164083,1.6261027526712013,0.5301354975047087,-1.023788323932921,-0.7493499203700406,1.6886129735307256,0.0,0.0,1.0,0.0,0.0,0
4173,0.9437641430353181,-1.7100716944720873,-1.3650992261480197,0.9767644117667437,0.6559737935346208,-1.3133378051487068,0.0,0.0,1.0,0.0,0.0,1
4174,0.944405287154228,-0.8528880071899297,-0.8492069690686515,0.9767644117667437,-0.7493499203700406,0.9822716138414473,1.0,0.0,0.0,0.0,0.0,0
4175,0.9450464312731378,1.5265996164149196,1.4394101046361552,-1.023788323932921,-1.4520117773223713,-1.0778906852522807,0.0,1.0,0.0,0.0,0.0,0
4176,0.9456875753920477,1.5417980212658333,0.5829522853044167,0.9767644117667437,-0.7493499203700406,-1.1956142452004939,0.0,0.0,0.0,0.0,1.0,1
4177,0.9463287195109575,0.8013876910226368,-1.6748005106665604,0.9767644117667437,-0.7493499203700406,-0.8424435653558547,0.0,0.0,1.0,0.0,0.0,1
4178,0.9469698636298675,0.9595055856706953,-1.0173117893861658,-1.023788323932921,-0.7493499203700406,0.9822716138414473,0.0,0.0,0.0,0.0,1.0,0
4179,0.9476110077487773,-1.400456861095296,0.6272980607038315,-1.023788323932921,-1.4520117773223713,0.7468244939450213,0.0,0.0,0.0,1.0,0.0,0
4180,0.9482521518676872,0.07790641576885286,0.907796296103679,0.9767644117667437,-1.4520117773223713,-0.3715493255630026,0.0,1.0,0.0,0.0,0.0,1
4181,0.948893295986597,-0.9101106555645772,1.1673107406895658,0.9767644117667437,-0.7493499203700406,0.5113773740485952,0.0,0.0,0.0,1.0,0.0,0
4182,0.9495344401055069,-1.0863865663706203,-0.7162155324008094,-1.023788323932921,-0.7493499203700406,-1.3133378051487068,0.0,0.0,0.0,1.0,0.0,0
4183,0.9501755842244167,1.1153942654961124,1.4808485419083515,0.9767644117667437,1.3586356504869515,-1.1367524652263874,0.0,0.0,0.0,1.0,0.0,1
4184,0.9508167283433266,-1.2480149514139771,0.1805943430586098,-1.023788323932921,0.6559737935346208,0.6291009339968082,0.0,1.0,0.0,0.0,0.0,0
4185,0.9514578724622365,-0.08037701392613224,0.674419532359787,-1.023788323932921,1.3586356504869515,-0.25382576561478953,0.0,1.0,0.0,0.0,0.0,0
4186,0.9520990165811464,1.5643529760142585,0.33119854163325035,0.9767644117667437,0.6559737935346208,-1.3721995851228133,1.0,0.0,0.0,0.0,0.0,1
4187,0.9527401607000562,-1.0702376533507443,-1.2989225038653378,-1.023788323932921,0.6559737935346208,-0.9013053453299612,0.0,0.0,0.0,0.0,1.0,0
4188,0.9533813048189661,1.7023050201779681,1.5911951627100125,-1.023788323932921,-0.7493499203700406,-0.9013053453299612,0.0,0.0,0.0,0.0,1.0,0
4189,0.9540224489378759,1.7593355323562405,-1.2984564214432357,-1.023788323932921,1.3586356504869515,1.0411333938155538,1.0,0.0,0.0,0.0,0.0,0
4190,0.9546635930567858,0.22399987012481473,-0.8444755910681849,0.9767644117667437,0.6559737935346208,-1.6076467050192393,1.0,0.0,0.0,0.0,0.0,1
4191,0.9553047371756956,-1.1251498192046827,1.0770977840484937,0.9767644117667437,0.6559737935346208,-0.8424435653558547,0.0,0.0,0.0,1.0,0.0,0
4192,0.9559458812946056,-0.614286376913538,0.40637034825114504,0.9767644117667437,-1.4520117773223713,-0.9013053453299612,1.0,0.0,0.0,0.0,0.0,1
4193,0.9565870254135154,-0.2349315962471261,1.161428508741609,-1.023788323932921,0.6559737935346208,-0.31268754558889605,0.0,0.0,1.0,0.0,0.0,0
4194,0.9572281695324253,-0.6380185101544753,0.05262365487670646,-1.023788323932921,-0.7493499203700406,0.15820669420395606,0.0,0.0,0.0,0.0,1.0,0
4195,0.9578693136513351,-0.7384279649284262,-0.42452481837802586,0.9767644117667437,-0.04668806341770988,-0.9601671253040678,1.0,0.0,0.0,0.0,0.0,1
4196,0.958510457770245,1.6821321802592542,1.449267113883463,-1.023788323932921,-1.4520117773223713,-0.3715493255630026,0.0,0.0,1.0,0.0,0.0,0
4197,0.9591516018891548,-1.1838720454741223,-1.5963609744077902,-1.023788323932921,-0.04668806341770988,1.3943040736601928,0.0,0.0,1.0,0.0,0.0,0
4198,0.9597927460080646,0.8459825480253202,1.2232668417427688,0.9767644117667437,-0.7493499203700406,-1.1367524652263874,0.0,0.0,1.0,0.0,0.0,1
4199,0.9604338901269746,-1.7192086583009107,-0.9272342632061021,-1.023788323932921,-0.04668806341770988,-1.6076467050192393,0.0,0.0,1.0,0.0,0.0,0
4200,0.9610750342458844,0.36597803916150284,1.1978386344818845,-1.023788323932921,0.6559737935346208,-1.2544760251746003,0.0,0.0,0.0,1.0,0.0,0
4201,0.9617161783647943,1.4851302832189859,-1.2423270393124155,-1.023788323932921,-0.04668806341770988,-1.43106136509692,0.0,0.0,1.0,0.0,0.0,0
4202,0.9623573224837041,-0.7128833689254194,0.27438524439578316,-1.023788323932921,1.3586356504869515,0.040483134255743035,0.0,0.0,0.0,1.0,0.0,0
4203,0.962998466602614,-1.0713089258824633,1.3332407882555914,-1.023788323932921,-0.7493499203700406,1.4531658536342995,0.0,0.0,0.0,1.0,0.0,0
4204,0.9636396107215238,0.5602164289928844,-0.09249373598944145,-1.023788323932921,1.3586356504869515,-0.8424435653558547,0.0,0.0,1.0,0.0,0.0,0
4205,0.9642807548404337,0.7734403716904639,0.8464687570303251,0.9767644117667437,-0.04668806341770988,-1.1367524652263874,0.0,0.0,0.0,0.0,1.0,1
4206,0.9649218989593435,0.6874429484330498,1.0462964581284966,0.9767644117667437,1.3586356504869515,1.1588569537637667,0.0,0.0,1.0,0.0,0.0,0
4207,0.9655630430782535,-0.6030444943022935,0.8118287177792312,-1.023788323932921,-1.4520117773223713,-0.7835817853817482,0.0,0.0,1.0,0.0,0.0,0
4208,0.9662041871971633,-0.8379432931585141,1.4612496937904758,0.9767644117667437,-0.04668806341770988,1.0999951737896603,0.0,0.0,1.0,0.0,0.0,0
4209,0.9668453313160732,1.6250444532271426,-0.18433586834028617,0.9767644117667437,1.3586356504869515,-1.6076467050192393,0.0,0.0,0.0,0.0,1.0,1
4210,0.967486475434983,1.5108778429501688,-1.1256430056069464,0.9767644117667437,0.6559737935346208,1.6886129735307256,0.0,1.0,0.0,0.0,0.0,1
4211,0.9681276195538929,-0.12004929234425794,-1.556609491707993,-1.023788323932921,-0.04668806341770988,-0.6658582254335351,0.0,1.0,0.0,0.0,0.0,0
4212,0.9687687636728027,1.2410102481338634,-0.8734398430072721,0.9767644117667437,-1.4520117773223713,-0.3715493255630026,0.0,0.0,0.0,1.0,0.0,1
4213,0.9694099077917127,-0.13752511585388139,-1.2285676466018682,-1.023788323932921,0.6559737935346208,1.4531658536342995,0.0,0.0,0.0,1.0,0.0,0
4214,0.9700510519106225,-0.23529494446298055,0.19779611090692717,0.9767644117667437,-0.04668806341770988,0.9822716138414473,0.0,0.0,0.0,0.0,1.0,0
4215,0.9706921960295324,-1.171978719698341,-1.0849934000976185,0.9767644117667437,0.6559737935346208,0.6879627139709147,1.0,0.0,0.0,0.0,0.0,0
4216,0.9713333401484422,-0.2282353663053061,-1.587139453534787,-1.023788323932921,-0.04668806341770988,-1.3133378051487068,0.0,1.0,0.0,0.0,0.0,0
4217,0.9719744842673521,0.16029962193822642,-1.5972636945390208,0.9767644117667437,-0.04668806341770988,1.0999951737896603,0.0,0.0,0.0,1.0,0.0,1
4218,0.9726156283862619,-1.6418801421454552,1.1388004905179239,-1.023788323932921,-0.7493499203700406,0.3347920341262756,0.0,1.0,0.0,0.0,0.0,0
4219,0.9732567725051718,-0.1662615402450482,0.31300946998787355,0.9767644117667437,1.3586356504869515,0.5702391540227016,0.0,0.0,0.0,0.0,1.0,0
4220,0.9738979166240816,1.014080291074539,-0.4895507630736431,0.9767644117667437,-0.04668806341770988,1.629751193556619,0.0,0.0,0.0,0.0,1.0,1
4221,0.9745390607429916,0.659497552316401,1.3542883991793622,0.9767644117667437,-1.4520117773223713,-1.666508484993346,1.0,0.0,0.0,0.0,0.0,1
4222,0.9751802048619014,0.5023870692157515,-1.4796237444754627,0.9767644117667437,1.3586356504869515,-0.4304111055371091,1.0,0.0,0.0,0.0,0.0,1
4223,0.9758213489808113,1.462773947234436,1.6503728782427884,-1.023788323932921,-0.7493499203700406,0.5702391540227016,0.0,0.0,0.0,0.0,1.0,0
4224,0.9764624930997211,-1.6575331289021262,0.3984426739651115,-1.023788323932921,1.3586356504869515,-0.018378645718363482,0.0,0.0,0.0,1.0,0.0,0
4225,0.977103637218631,0.22900634047531263,-1.0900869676827576,0.9767644117667437,1.3586356504869515,-0.31268754558889605,0.0,1.0,0.0,0.0,0.0,1
4226,0.9777447813375408,1.0350543288267346,0.6143390230242646,-1.023788323932921,-0.04668806341770988,-1.3721995851228133,0.0,0.0,1.0,0.0,0.0,0
4227,0.9783859254564508,0.1740140669006123,0.9042955068215013,0.9767644117667437,-1.4520117773223713,-0.13610220566657652,1.0,0.0,0.0,0.0,0.0,1
4228,0.9790270695753606,-0.5870192681703547,-0.24449039958908408,-1.023788323932921,-0.04668806341770988,0.6291009339968082,0.0,0.0,1.0,0.0,0.0,0
4229,0.9796682136942705,-1.243771485821805,1.2421900012327158,-1.023788323932921,-1.4520117773223713,1.1588569537637667,0.0,0.0,0.0,1.0,0.0,0
4230,0.9803093578131803,1.385801313030054,-1.2026544914956545,-1.023788323932921,-1.4520117773223713,1.6886129735307256,1.0,0.0,0.0,0.0,0.0,0
4231,0.9809505019320902,-0.07298942898364762,-0.7620902109061476,0.9767644117667437,0.6559737935346208,-0.7835817853817482,0.0,0.0,1.0,0.0,0.0,1
4232,0.981591646051,1.3527340148833282,-1.3995077357774197,-1.023788323932921,-0.04668806341770988,0.09934491422984955,0.0,0.0,0.0,1.0,0.0,0
4233,0.9822327901699099,0.32982141317116287,-0.9958093793262539,-1.023788323932921,-0.7493499203700406,-1.7253702649674525,0.0,1.0,0.0,0.0,0.0,0
4234,0.9828739342888198,0.639008926585668,-0.9000275889851158,0.9767644117667437,1.3586356504869515,-0.19496398564068304,0.0,0.0,0.0,1.0,0.0,1
4235,0.9835150784077296,1.0942469275699238,1.4347806366517009,0.9767644117667437,0.6559737935346208,0.8056862739191277,1.0,0.0,0.0,0.0,0.0,0
4236,0.9841562225266395,0.5863813443154531,-1.4524100180026769,0.9767644117667437,-0.7493499203700406,0.3347920341262756,0.0,0.0,0.0,0.0,1.0,1
4237,0.9847973666455493,-0.32746383015903213,-0.2511197924685892,-1.023788323932921,-0.04668806341770988,1.0999951737896603,0.0,1.0,0.0,0.0,0.0,0
4238,0.9854385107644592,0.0770578445639082,0.10992736447722294,-1.023788323932921,-1.4520117773223713,-1.3721995851228133,0.0,0.0,1.0,0.0,0.0,0
4239,0.986079654883369,1.0899922575481342,1.3696439409569965,-1.023788323932921,-0.04668806341770988,1.512027633608406,1.0,0.0,0.0,0.0,0.0,0
4240,0.9867207990022789,-0.41287905391873275,1.7101240009234342,-1.023788323932921,-0.04668806341770988,-1.6076467050192393,0.0,0.0,0.0,0.0,1.0,0
4241,0.9873619431211887,-0.36223039653144007,0.8699282563674476,-1.023788323932921,0.6559737935346208,-0.018378645718363482,0.0,0.0,0.0,1.0,0.0,0
4242,0.9880030872400987,-1.3857319250989235,1.6175946995896917,-1.023788323932921,-0.7493499203700406,-1.7253702649674525,0.0,0.0,0.0,0.0,1.0,0
4243,0.9886442313590085,1.4803753305836103,0.985870108084005,0.9767644117667437,0.6559737935346208,1.2177187337378734,1.0,0.0,0.0,0.0,0.0,0
4244,0.9892853754779184,-1.4020200990709095,1.591497738651929,-1.023788323932921,-0.7493499203700406,0.21706847417806258,1.0,0.0,0.0,0.0,0.0,0
4245,0.9899265195968282,0.5480693648789093,0.711326747151176,-1.023788323932921,0.6559737935346208,0.45251559407448866,0.0,0.0,0.0,0.0,1.0,0
4246,0.9905676637157381,-0.2744755193846764,-1.4467226809205003,-1.023788323932921,1.3586356504869515,0.7468244939450213,0.0,0.0,0.0,1.0,0.0,0
4247,0.9912088078346479,-0.30098811782373264,-0.3387989731841073,0.9767644117667437,-1.4520117773223713,1.4531658536342995,0.0,0.0,0.0,0.0,1.0,1
4248,0.9918499519535579,0.6577677968081765,0.5026657690068578,-1.023788323932921,-1.4520117773223713,1.5708894135825124,1.0,0.0,0.0,0.0,0.0,0
4249,0.9924910960724677,-1.4858184687610154,-0.5148857706464335,0.9767644117667437,-1.4520117773223713,1.3354422936860864,1.0,0.0,0.0,0.0,0.0,1
4250,0.9931322401913776,0.35730900573140567,-0.7808458168183948,-1.023788323932921,1.3586356504869515,0.3347920341262756,0.0,0.0,1.0,0.0,0.0,0
4251,0.9937733843102874,0.9814450379083788,0.2646880750746372,0.9767644117667437,1.3586356504869515,0.15820669420395606,0.0,0.0,1.0,0.0,0.0,1
4252,0.9944145284291973,1.178076871182216,1.4893543575413486,0.9767644117667437,-1.4520117773223713,0.7468244939450213,0.0,1.0,0.0,0.0,0.0,1
4253,0.9950556725481071,-1.1237930577686757,-1.6007301362366793,0.9767644117667437,-1.4520117773223713,-0.8424435653558547,1.0,0.0,0.0,0.0,0.0,1
4254,0.995696816667017,1.4202969617938208,0.9244139465129718,-1.023788323932921,-0.7493499203700406,0.45251559407448866,0.0,0.0,1.0,0.0,0.0,0
4255,0.9963379607859268,0.5758483436970911,0.7644831062780094,0.9767644117667437,-0.7493499203700406,-1.1367524652263874,0.0,0.0,0.0,0.0,1.0,1
4256,0.9969791049048368,1.365822523905791,1.5940797482638631,-1.023788323932921,-0.04668806341770988,-1.3133378051487068,0.0,0.0,0.0,1.0,0.0,0
4257,0.9976202490237466,-0.022175697768271187,1.4797570667016162,0.9767644117667437,0.6559737935346208,1.27658051371198,0.0,0.0,0.0,0.0,1.0,0
4258,0.9982613931426565,0.17645691580109696,0.9003450404324647,-1.023788323932921,-0.7493499203700406,-1.7253702649674525,0.0,0.0,0.0,1.0,0.0,0
4259,0.9989025372615663,1.4959636525682116,0.06869303067897584,0.9767644117667437,-0.7493499203700406,-0.9601671253040678,0.0,0.0,1.0,0.0,0.0,1
4260,0.9995436813804762,1.429013618733497,-1.0185427035047485,0.9767644117667437,-0.7493499203700406,-0.018378645718363482,0.0,1.0,0.0,0.0,0.0,1
4261,1.0001848254993861,-0.15209411457337121,0.1540749745509587,-1.023788323932921,-0.7493499203700406,-0.5481346654853221,0.0,0.0,0.0,0.0,1.0,0
4262,1.000825969618296,-0.7602081100428838,0.911073024265408,0.9767644117667437,1.3586356504869515,1.629751193556619,0.0,0.0,0.0,0.0,1.0,0
4263,1.0014671137372058,-0.3445591152005279,1.3592447014740512,-1.023788323932921,-0.04668806341770988,-0.5481346654853221,0.0,0.0,0.0,0.0,1.0,0
4264,1.0021082578561156,-0.3634803353969676,0.9948491285832385,0.9767644117667437,-0.7493499203700406,0.21706847417806258,0.0,0.0,0.0,1.0,0.0,1
4265,1.0027494019750256,-0.7166186060179369,-1.0494965722542644,0.9767644117667437,0.6559737935346208,0.45251559407448866,0.0,0.0,1.0,0.0,0.0,0
4266,1.0033905460939354,-0.7806235427594994,0.34133507057395124,-1.023788323932921,-0.7493499203700406,-0.25382576561478953,0.0,0.0,0.0,0.0,1.0,0
4267,1.0040316902128452,1.2930515791669674,-0.5786637288442026,-1.023788323932921,1.3586356504869515,0.6291009339968082,0.0,0.0,0.0,0.0,1.0,0
4268,1.004672834331755,-1.4761298878498559,-1.6893766377885797,-1.023788323932921,-1.4520117773223713,-0.9601671253040678,0.0,1.0,0.0,0.0,0.0,0
4269,1.005313978450665,0.650975560330366,-1.032459355080954,0.9767644117667437,-1.4520117773223713,1.3943040736601928,0.0,1.0,0.0,0.0,0.0,1
4270,1.0059551225695749,-1.1157793044706907,-1.331660522914861,-1.023788323932921,-0.04668806341770988,0.5702391540227016,0.0,0.0,1.0,0.0,0.0,0
4271,1.0065962666884847,-0.5148836507093453,1.1771449722671492,-1.023788323932921,-1.4520117773223713,1.629751193556619,0.0,0.0,1.0,0.0,0.0,0
4272,1.0072374108073945,-1.5052457585326575,-0.8320113387233218,0.9767644117667437,-0.7493499203700406,0.2759302541521691,1.0,0.0,0.0,0.0,0.0,1
4273,1.0078785549263043,-0.7757444678485124,-0.741935861854802,-1.023788323932921,1.3586356504869515,0.6879627139709147,0.0,1.0,0.0,0.0,0.0,0
4274,1.0085196990452143,0.9688076367172127,1.5802654570445542,-1.023788323932921,-0.04668806341770988,-0.7247200054076417,1.0,0.0,0.0,0.0,0.0,0
4275,1.0091608431641241,1.3768842687152387,-0.417325141351588,0.9767644117667437,-0.7493499203700406,-0.6069964454594287,0.0,0.0,0.0,1.0,0.0,1
4276,1.009801987283034,-0.9453058126850188,-1.688069880108993,0.9767644117667437,-1.4520117773223713,-1.2544760251746003,1.0,0.0,0.0,0.0,0.0,1
4277,1.0104431314019438,-0.0982401635225515,-0.7448653430429629,0.9767644117667437,0.6559737935346208,0.6291009339968082,0.0,0.0,0.0,0.0,1.0,1
4278,1.0110842755208538,-0.07452362232260368,-1.3107545783277084,0.9767644117667437,-0.7493499203700406,1.2177187337378734,1.0,0.0,0.0,0.0,0.0,1
4279,1.0117254196397636,1.3368445223343484,-1.3674685540918454,0.9767644117667437,0.6559737935346208,0.8645480538932343,0.0,0.0,1.0,0.0,0.0,1
4280,1.0123665637586734,0.9491307298242497,-1.4545504982408428,-1.023788323932921,0.6559737935346208,0.15820669420395606,0.0,0.0,0.0,1.0,0.0,0
4281,1.0130077078775832,0.07511128062849413,0.31923262312626177,0.9767644117667437,-0.04668806341770988,1.0999951737896603,0.0,0.0,0.0,0.0,1.0,0
4282,1.0136488519964932,0.6269518162574331,-1.069853229641723,0.9767644117667437,1.3586356504869515,-1.5487849250451329,1.0,0.0,0.0,0.0,0.0,1
4283,1.014289996115403,1.245074372859012,-0.47869188682155617,0.9767644117667437,-1.4520117773223713,-1.5487849250451329,0.0,0.0,0.0,1.0,0.0,1
4284,1.0149311402343129,-1.6872585870970884,1.2435144259290827,-1.023788323932921,-1.4520117773223713,1.6886129735307256,0.0,0.0,0.0,1.0,0.0,0
4285,1.0155722843532227,-0.3105407988460303,-0.261701782142176,-1.023788323932921,-0.7493499203700406,1.0411333938155538,0.0,0.0,0.0,0.0,1.0,0
4286,1.0162134284721327,1.4546810977262952,1.4281024855357352,-1.023788323932921,-1.4520117773223713,-0.8424435653558547,1.0,0.0,0.0,0.0,0.0,0
4287,1.0168545725910425,0.8704302804637662,-0.008585601144319006,-1.023788323932921,-0.04668806341770988,0.9822716138414473,0.0,0.0,0.0,1.0,0.0,0
4288,1.0174957167099523,0.17928499557208505,-0.34940363246981787,0.9767644117667437,-1.4520117773223713,-0.25382576561478953,0.0,0.0,0.0,1.0,0.0,1
4289,1.0181368608288621,0.1330963984472996,0.859613801739982,0.9767644117667437,-0.7493499203700406,-1.43106136509692,0.0,1.0,0.0,0.0,0.0,1
4290,1.0187780049477722,-0.5034590271010905,-1.4693804804698718,0.9767644117667437,-1.4520117773223713,0.39365381410038214,0.0,0.0,0.0,1.0,0.0,1
4291,1.019419149066682,0.10116267628769864,-1.413312139676154,-1.023788323932921,1.3586356504869515,-0.4892728855112156,0.0,1.0,0.0,0.0,0.0,0
4292,1.0200602931855918,0.5731782416510927,0.5211557561950046,0.9767644117667437,0.6559737935346208,0.6879627139709147,1.0,0.0,0.0,0.0,0.0,0
4293,1.0207014373045016,-0.25638570498637825,-0.046406362139574144,-1.023788323932921,0.6559737935346208,0.5113773740485952,1.0,0.0,0.0,0.0,0.0,0
4294,1.0213425814234116,0.7788714151981941,0.9972676328319531,-1.023788323932921,0.6559737935346208,-1.3721995851228133,1.0,0.0,0.0,0.0,0.0,0
4295,1.0219837255423214,1.2936440921731422,1.4300953901885778,-1.023788323932921,1.3586356504869515,0.6879627139709147,0.0,0.0,1.0,0.0,0.0,0
4296,1.0226248696612312,-1.1792520096337504,-0.38540992321758694,0.9767644117667437,-0.04668806341770988,-0.018378645718363482,1.0,0.0,0.0,0.0,0.0,1
4297,1.023266013780141,-0.14024268603634146,0.3300676468013401,0.9767644117667437,-0.7493499203700406,-1.1956142452004939,0.0,0.0,0.0,1.0,0.0,1
4298,1.023907157899051,-0.29258573124129966,0.0009013640286643778,0.9767644117667437,1.3586356504869515,1.5708894135825124,0.0,0.0,0.0,0.0,1.0,0
4299,1.0245483020179609,0.685462962068446,1.6548044213016557,0.9767644117667437,-0.7493499203700406,-0.9013053453299612,0.0,1.0,0.0,0.0,0.0,1
4300,1.0251894461368707,-0.8461155071280796,1.1371322224800395,-1.023788323932921,-0.04668806341770988,-1.43106136509692,0.0,0.0,1.0,0.0,0.0,0
4301,1.0258305902557805,0.5202156683158337,1.4145055849688644,0.9767644117667437,1.3586356504869515,-0.3715493255630026,1.0,0.0,0.0,0.0,0.0,1
4302,1.0264717343746905,1.3505431889686172,-0.8463391227362252,-1.023788323932921,-1.4520117773223713,-1.666508484993346,1.0,0.0,0.0,0.0,0.0,1
4303,1.0271128784936003,-0.25719573374831217,0.9357464789205093,-1.023788323932921,-0.04668806341770988,0.5702391540227016,0.0,0.0,0.0,0.0,1.0,0
4304,1.0277540226125101,1.4678848568645304,-0.8080513437365541,-1.023788323932921,0.6559737935346208,1.5708894135825124,0.0,0.0,0.0,0.0,1.0,0
4305,1.02839516673142,1.7554006998457439,-1.0031528770555929,-1.023788323932921,1.3586356504869515,1.27658051371198,0.0,0.0,1.0,0.0,0.0,0
4306,1.02903631085033,-1.3493254468789215,1.5263736155680014,-1.023788323932921,-0.04668806341770988,-0.9013053453299612,0.0,1.0,0.0,0.0,0.0,0
4307,1.0296774549692398,-0.9049650081731216,-1.654646204863387,-1.023788323932921,-0.04668806341770988,1.3354422936860864,1.0,0.0,0.0,0.0,0.0,0
4308,1.0303185990881496,1.6056579381830807,1.5990157887822112,-1.023788323932921,1.3586356504869515,-0.5481346654853221,0.0,0.0,1.0,0.0,0.0,0
4309,1.0309597432070594,1.6334754887950216,-1.2077116978834253,0.9767644117667437,0.6559737935346208,-0.7247200054076417,0.0,0.0,0.0,1.0,0.0,1
4310,1.0316008873259692,-1.3786719237620926,1.0970795470748085,0.9767644117667437,0.6559737935346208,-1.4899231450710264,0.0,0.0,0.0,1.0,0.0,0
4311,1.0322420314448792,-1.668150327282792,-0.7721152415614134,-1.023788323932921,-0.04668806341770988,-0.31268754558889605,0.0,0.0,1.0,0.0,0.0,0
4312,1.032883175563789,-1.1567990759782192,-0.5149414219616975,0.9767644117667437,-0.7493499203700406,0.3347920341262756,1.0,0.0,0.0,0.0,0.0,0
4313,1.0335243196826989,1.7653722758785584,-0.9755880183590239,0.9767644117667437,-0.04668806341770988,-1.1956142452004939,0.0,0.0,1.0,0.0,0.0,1
4314,1.0341654638016087,-1.090651026865577,0.29259545764196015,0.9767644117667437,1.3586356504869515,1.2177187337378734,1.0,0.0,0.0,0.0,0.0,0
4315,1.0348066079205187,0.03825793382665631,-0.5239063533930914,0.9767644117667437,1.3586356504869515,0.9234098338673408,0.0,0.0,0.0,0.0,1.0,1
4316,1.0354477520394285,1.2487936970159754,0.5397932643823222,-1.023788323932921,1.3586356504869515,-0.4304111055371091,0.0,0.0,1.0,0.0,0.0,0
4317,1.0360888961583383,-1.6492395920347762,-1.66722326956895,0.9767644117667437,0.6559737935346208,-0.3715493255630026,1.0,0.0,0.0,0.0,0.0,1
4318,1.0367300402772481,0.39504990226723147,-1.4996451474763455,-1.023788323932921,-1.4520117773223713,0.8645480538932343,0.0,0.0,1.0,0.0,0.0,0
4319,1.0373711843961582,-0.7510633226671176,-1.3782927535823624,-1.023788323932921,1.3586356504869515,-1.1956142452004939,0.0,0.0,1.0,0.0,0.0,0
4320,1.038012328515068,1.2975034735166506,-0.2800818024828085,0.9767644117667437,1.3586356504869515,1.3943040736601928,1.0,0.0,0.0,0.0,0.0,1
4321,1.0386534726339778,-0.7285385509544717,1.0811156382208633,0.9767644117667437,-0.7493499203700406,-1.43106136509692,1.0,0.0,0.0,0.0,0.0,0
4322,1.0392946167528876,0.6829811886768457,1.3334814943465207,-1.023788323932921,-0.7493499203700406,-1.0190289052781742,0.0,1.0,0.0,0.0,0.0,0
4323,1.0399357608717976,0.6391052312308839,-0.8791113358119118,-1.023788323932921,-0.04668806341770988,-0.5481346654853221,0.0,0.0,1.0,0.0,0.0,0
4324,1.0405769049907074,-0.9454234223964543,0.254269226872009,0.9767644117667437,-0.04668806341770988,0.09934491422984955,0.0,0.0,0.0,1.0,0.0,0
4325,1.0412180491096172,-1.5988484318473586,0.9214349758691996,0.9767644117667437,-0.04668806341770988,0.7468244939450213,0.0,0.0,1.0,0.0,0.0,0
4326,1.041859193228527,-0.28828257681413316,-0.7277274261755478,-1.023788323932921,1.3586356504869515,1.3943040736601928,0.0,0.0,1.0,0.0,0.0,0
4327,1.042500337347437,-0.7084767015207494,-0.3144243043020523,0.9767644117667437,-0.7493499203700406,1.5708894135825124,1.0,0.0,0.0,0.0,0.0,0
4328,1.0431414814663469,1.1107548792183088,0.08095486641761677,-1.023788323932921,-0.04668806341770988,-0.9013053453299612,0.0,0.0,1.0,0.0,0.0,0
4329,1.0437826255852567,1.080607655632167,-1.2571899529619437,-1.023788323932921,-0.7493499203700406,-1.666508484993346,0.0,0.0,1.0,0.0,0.0,0
4330,1.0444237697041665,-0.1210735861247012,-1.6316804343515057,-1.023788323932921,1.3586356504869515,1.629751193556619,0.0,0.0,0.0,1.0,0.0,0
4331,1.0450649138230765,0.4021311965102279,-1.195523890714089,-1.023788323932921,1.3586356504869515,1.6886129735307256,1.0,0.0,0.0,0.0,0.0,0
4332,1.0457060579419863,0.3942467767229606,0.43476568300264246,0.9767644117667437,-0.04668806341770988,-0.9013053453299612,0.0,0.0,1.0,0.0,0.0,1
4333,1.0463472020608962,1.1743857675177598,-1.46785640712082,-1.023788323932921,1.3586356504869515,1.2177187337378734,0.0,0.0,0.0,0.0,1.0,0
4334,1.046988346179806,-0.2331480754099912,-1.0686542236932446,-1.023788323932921,1.3586356504869515,-0.7835817853817482,0.0,1.0,0.0,0.0,0.0,0
4335,1.047629490298716,-0.7565889703689118,-0.5591282741575877,0.9767644117667437,-0.7493499203700406,-0.6069964454594287,0.0,0.0,0.0,1.0,0.0,1
4336,1.0482706344176258,-0.7930298454745859,-1.453234106257306,0.9767644117667437,-1.4520117773223713,1.1588569537637667,0.0,0.0,1.0,0.0,0.0,1
4337,1.0489117785365356,0.15601334851590606,-1.0617660634811985,-1.023788323932921,0.6559737935346208,-1.43106136509692,0.0,0.0,0.0,0.0,1.0,0
4338,1.0495529226554454,-0.14863848936579152,1.4128963718749832,0.9767644117667437,-0.04668806341770988,-0.9013053453299612,0.0,0.0,1.0,0.0,0.0,1
4339,1.0501940667743555,-0.18023424845894262,-1.654664378663941,0.9767644117667437,-1.4520117773223713,-0.7835817853817482,0.0,0.0,1.0,0.0,0.0,1
4340,1.0508352108932653,-1.4016665173863105,0.5261706616735082,-1.023788323932921,-0.04668806341770988,1.512027633608406,1.0,0.0,0.0,0.0,0.0,0
4341,1.051476355012175,0.7944483709923013,-0.39902162897334587,0.9767644117667437,-1.4520117773223713,-0.25382576561478953,1.0,0.0,0.0,0.0,0.0,1
4342,1.0521174991310849,-0.9725722189172108,0.592258876335391,0.9767644117667437,1.3586356504869515,-0.4892728855112156,1.0,0.0,0.0,0.0,0.0,0
4343,1.052758643249995,-1.031312452584235,0.30352375430266126,0.9767644117667437,-0.04668806341770988,-1.2544760251746003,0.0,0.0,0.0,0.0,1.0,0
4344,1.0533997873689047,-0.27600206204718447,-0.9524050146715786,0.9767644117667437,-1.4520117773223713,-1.0778906852522807,0.0,0.0,1.0,0.0,0.0,1
4345,1.0540409314878145,-0.9234268231978884,1.192587705009247,0.9767644117667437,0.6559737935346208,-0.4892728855112156,0.0,1.0,0.0,0.0,0.0,0
4346,1.0546820756067243,0.322842975896355,-0.029212086286167227,-1.023788323932921,1.3586356504869515,1.629751193556619,0.0,0.0,0.0,1.0,0.0,0
4347,1.0553232197256341,-0.4205333424993987,1.1077336086693121,0.9767644117667437,-0.04668806341770988,-0.4304111055371091,1.0,0.0,0.0,0.0,0.0,1
4348,1.0559643638445442,-0.14946616325186227,-0.3247250463406003,-1.023788323932921,-0.04668806341770988,0.39365381410038214,1.0,0.0,0.0,0.0,0.0,0
4349,1.056605507963454,0.15943296936582307,1.6653792503973348,-1.023788323932921,-1.4520117773223713,-0.9601671253040678,0.0,0.0,1.0,0.0,0.0,0
4350,1.0572466520823638,-1.0082760133776842,0.9287408453226168,0.9767644117667437,-0.04668806341770988,-0.3715493255630026,0.0,0.0,1.0,0.0,0.0,0
4351,1.0578877962012736,-1.175518328032973,1.600946838636506,0.9767644117667437,1.3586356504869515,-1.3133378051487068,0.0,0.0,0.0,0.0,1.0,0
4352,1.0585289403201836,1.360807421093787,0.04777554761079558,0.9767644117667437,-0.7493499203700406,-0.25382576561478953,0.0,0.0,0.0,0.0,1.0,1
4353,1.0591700844390934,-0.2026238084068105,-0.0919727652168307,0.9767644117667437,-1.4520117773223713,0.09934491422984955,1.0,0.0,0.0,0.0,0.0,1
4354,1.0598112285580032,-0.27832853074718933,0.8770323500197236,0.9767644117667437,0.6559737935346208,1.5708894135825124,0.0,0.0,1.0,0.0,0.0,0
4355,1.060452372676913,-1.5960031281270908,1.3063586627524395,0.9767644117667437,-0.04668806341770988,-0.13610220566657652,0.0,1.0,0.0,0.0,0.0,0
4356,1.061093516795823,0.022258496974323368,1.5947413262218024,0.9767644117667437,1.3586356504869515,0.09934491422984955,0.0,0.0,0.0,1.0,0.0,1
4357,1.061734660914733,0.21893389478345632,-0.6048748807404345,0.9767644117667437,-0.04668806341770988,-0.4892728855112156,0.0,0.0,1.0,0.0,0.0,1
4358,1.0623758050336427,0.2352827870799992,1.0257753009893935,0.9767644117667437,0.6559737935346208,1.0999951737896603,0.0,0.0,1.0,0.0,0.0,0
4359,1.0630169491525525,0.7539446942826789,-0.9966080820857371,0.9767644117667437,1.3586356504869515,-1.2544760251746003,0.0,0.0,0.0,0.0,1.0,1
4360,1.0636580932714625,-1.099463192244553,0.15523954565197468,0.9767644117667437,0.6559737935346208,-1.6076467050192393,0.0,0.0,0.0,1.0,0.0,0
4361,1.0642992373903724,-0.8378707314877916,-1.1025230533326174,0.9767644117667437,1.3586356504869515,-0.31268754558889605,1.0,0.0,0.0,0.0,0.0,1
4362,1.0649403815092822,1.1168893349455307,-0.5263074718717958,-1.023788323932921,-0.7493499203700406,0.5113773740485952,0.0,0.0,1.0,0.0,0.0,0
4363,1.065581525628192,1.5944260565382906,1.4819826513664258,0.9767644117667437,1.3586356504869515,-1.0778906852522807,1.0,0.0,0.0,0.0,0.0,1
4364,1.066222669747102,-1.2448838389854646,-1.218617706996477,-1.023788323932921,0.6559737935346208,-0.07724042569247,0.0,0.0,1.0,0.0,0.0,0
4365,1.0668638138660118,0.02111488780866407,0.4538432159943185,-1.023788323932921,-1.4520117773223713,-1.6076467050192393,1.0,0.0,0.0,0.0,0.0,0
4366,1.0675049579849216,-0.9710337545368443,0.31818302458625847,0.9767644117667437,-0.7493499203700406,0.6291009339968082,0.0,0.0,0.0,1.0,0.0,0
4367,1.0681461021038314,-1.5103902477273345,-1.3058065222324706,-1.023788323932921,-0.04668806341770988,0.9234098338673408,0.0,0.0,0.0,0.0,1.0,0
4368,1.0687872462227415,-0.581392063645381,-0.5999668362073958,0.9767644117667437,-0.7493499203700406,-0.4304111055371091,0.0,0.0,0.0,1.0,0.0,1
4369,1.0694283903416513,-1.2177419831222762,0.2151041987643421,0.9767644117667437,-0.7493499203700406,-0.4304111055371091,0.0,1.0,0.0,0.0,0.0,0
4370,1.070069534460561,0.7641012776588617,-1.0773129940262112,-1.023788323932921,-0.04668806341770988,1.4531658536342995,0.0,0.0,0.0,0.0,1.0,0
4371,1.0707106785794709,0.14737938774669182,1.0323751844325584,0.9767644117667437,1.3586356504869515,-0.7247200054076417,0.0,0.0,0.0,1.0,0.0,1
4372,1.071351822698381,-1.2172280269004845,1.622290832081978,-1.023788323932921,-0.7493499203700406,-1.1367524652263874,0.0,1.0,0.0,0.0,0.0,0
4373,1.0719929668172907,-1.688299358465524,-0.9824603761516986,-1.023788323932921,-0.7493499203700406,0.3347920341262756,0.0,0.0,1.0,0.0,0.0,0
4374,1.0726341109362005,1.1078824500668902,-1.0782300054432181,0.9767644117667437,-1.4520117773223713,-0.25382576561478953,0.0,0.0,1.0,0.0,0.0,1
4375,1.0732752550551103,-1.1039691571965775,-0.15647640619204126,-1.023788323932921,-1.4520117773223713,-1.3133378051487068,1.0,0.0,0.0,0.0,0.0,0
4376,1.0739163991740204,0.4010966639035506,0.8505908528897441,-1.023788323932921,0.6559737935346208,-0.13610220566657652,0.0,0.0,0.0,0.0,1.0,0
4377,1.0745575432929302,-0.5414273700950345,-0.7525879340504278,0.9767644117667437,-0.04668806341770988,-0.7247200054076417,0.0,0.0,1.0,0.0,0.0,1
4378,1.07519868741184,0.3285397789806023,-1.6526670404201094,-1.023788323932921,1.3586356504869515,-1.0190289052781742,0.0,0.0,0.0,0.0,1.0,0
4379,1.0758398315307498,-0.6158657776705115,0.1402667474546967,0.9767644117667437,1.3586356504869515,0.3347920341262756,0.0,0.0,1.0,0.0,0.0,0
4380,1.0764809756496598,-1.416358624586387,1.568792663681467,0.9767644117667437,0.6559737935346208,0.6879627139709147,1.0,0.0,0.0,0.0,0.0,0
4381,1.0771221197685696,-0.9403258541136075,-0.375402269469751,0.9767644117667437,1.3586356504869515,0.5702391540227016,0.0,0.0,0.0,1.0,0.0,0
4382,1.0777632638874795,-1.0624449273110481,-0.27615826021220125,0.9767644117667437,1.3586356504869515,0.8056862739191277,1.0,0.0,0.0,0.0,0.0,0
4383,1.0784044080063893,-0.22258887552746687,1.6110973321553845,-1.023788323932921,-1.4520117773223713,1.2177187337378734,0.0,1.0,0.0,0.0,0.0,0
4384,1.0790455521252993,0.5833302045438282,0.66777725124971,0.9767644117667437,1.3586356504869515,-1.0778906852522807,0.0,0.0,1.0,0.0,0.0,1
4385,1.079686696244209,-0.7973307623481581,0.7522559461233493,-1.023788323932921,1.3586356504869515,-0.4892728855112156,0.0,1.0,0.0,0.0,0.0,0
4386,1.080327840363119,-1.6784002232927198,0.2141429781254603,-1.023788323932921,0.6559737935346208,-1.666508484993346,0.0,1.0,0.0,0.0,0.0,0
4387,1.0809689844820287,0.09562162766700102,1.630725874503031,0.9767644117667437,0.6559737935346208,1.512027633608406,0.0,0.0,0.0,0.0,1.0,0
4388,1.0816101286009385,0.39949664164978593,0.6480330406831794,0.9767644117667437,-0.7493499203700406,0.5702391540227016,0.0,0.0,1.0,0.0,0.0,0
4389,1.0822512727198486,1.649375188293181,1.3570558594214102,0.9767644117667437,1.3586356504869515,-0.13610220566657652,0.0,1.0,0.0,0.0,0.0,1
4390,1.0828924168387584,0.34248669445732494,0.6841859881482378,-1.023788323932921,1.3586356504869515,-1.0190289052781742,0.0,0.0,0.0,1.0,0.0,0
4391,1.0835335609576682,-0.07155385596755272,0.8070883417967475,0.9767644117667437,1.3586356504869515,0.15820669420395606,0.0,1.0,0.0,0.0,0.0,1
4392,1.084174705076578,0.28624502288238174,-0.7222885438169204,-1.023788323932921,-1.4520117773223713,-1.6076467050192393,0.0,0.0,0.0,1.0,0.0,1
4393,1.084815849195488,1.5269816400712137,-0.6773473834134596,0.9767644117667437,1.3586356504869515,0.21706847417806258,0.0,0.0,0.0,0.0,1.0,1
4394,1.0854569933143978,1.178655723567705,0.9717131832320157,0.9767644117667437,-1.4520117773223713,-0.4304111055371091,0.0,1.0,0.0,0.0,0.0,1
4395,1.0860981374333076,-0.5902281098331559,-0.7006382567161231,-1.023788323932921,-0.7493499203700406,1.4531658536342995,1.0,0.0,0.0,0.0,0.0,0
4396,1.0867392815522174,-0.8902610106059985,0.2143770607618996,-1.023788323932921,-0.04668806341770988,0.09934491422984955,0.0,0.0,0.0,0.0,1.0,0
4397,1.0873804256711275,-0.8014343486470589,-0.8634924986149228,0.9767644117667437,1.3586356504869515,-0.6069964454594287,0.0,0.0,0.0,1.0,0.0,1
4398,1.0880215697900373,0.04481489700146467,1.0886376276726404,0.9767644117667437,0.6559737935346208,-0.13610220566657652,0.0,0.0,0.0,0.0,1.0,1
4399,1.088662713908947,0.8835076474988601,-1.3410124157328502,0.9767644117667437,0.6559737935346208,-1.3133378051487068,0.0,1.0,0.0,0.0,0.0,1
4400,1.089303858027857,0.040608516690611635,1.1314998044686861,-1.023788323932921,1.3586356504869515,-1.6076467050192393,0.0,0.0,1.0,0.0,0.0,0
4401,1.089945002146767,-1.4833591671837183,0.35180187123068685,0.9767644117667437,-1.4520117773223713,-0.018378645718363482,0.0,0.0,1.0,0.0,0.0,1
4402,1.0905861462656767,0.8118675911728325,-1.078238362288365,0.9767644117667437,0.6559737935346208,-0.31268754558889605,0.0,0.0,0.0,1.0,0.0,1
4403,1.0912272903845865,1.100228289883588,0.14306876569054203,-1.023788323932921,0.6559737935346208,1.3354422936860864,0.0,0.0,0.0,1.0,0.0,0
4404,1.0918684345034964,-0.7074102139890699,-0.7494988585528625,0.9767644117667437,-0.7493499203700406,-0.018378645718363482,0.0,0.0,1.0,0.0,0.0,1
4405,1.0925095786224064,0.6037768869518549,-0.6086048110155893,-1.023788323932921,-0.7493499203700406,-0.07724042569247,0.0,0.0,0.0,1.0,0.0,0
4406,1.0931507227413162,-0.22758491552512922,-0.5121017227540292,-1.023788323932921,-0.7493499203700406,0.9822716138414473,0.0,0.0,0.0,0.0,1.0,0
4407,1.093791866860226,1.3912482632720522,-1.5032755687247905,0.9767644117667437,0.6559737935346208,-0.018378645718363482,1.0,0.0,0.0,0.0,0.0,1
4408,1.0944330109791358,1.237621197188777,1.6697679685264732,0.9767644117667437,0.6559737935346208,0.21706847417806258,1.0,0.0,0.0,0.0,0.0,1
4409,1.0950741550980458,0.11835266551087986,-1.612585497800633,-1.023788323932921,1.3586356504869515,-0.31268754558889605,0.0,0.0,0.0,0.0,1.0,0
4410,1.0957152992169557,0.6996054454350223,0.5573457699327546,-1.023788323932921,1.3586356504869515,-0.7835817853817482,1.0,0.0,0.0,0.0,0.0,0
4411,1.0963564433358655,1.371054632877056,-0.44435315030780165,0.9767644117667437,-1.4520117773223713,1.6886129735307256,0.0,1.0,0.0,0.0,0.0,1
4412,1.0969975874547753,0.014351036265957337,0.5006470521000045,-1.023788323932921,0.6559737935346208,-0.3715493255630026,0.0,0.0,0.0,0.0,1.0,0
4413,1.0976387315736853,-0.6242758133154538,-0.49586852562647254,-1.023788323932921,1.3586356504869515,0.45251559407448866,0.0,0.0,0.0,1.0,0.0,0
4414,1.098279875692595,0.9171657824095976,0.5960484249108738,0.9767644117667437,1.3586356504869515,-0.13610220566657652,0.0,0.0,0.0,0.0,1.0,1
4415,1.098921019811505,-0.9504189118124504,0.7868654516159896,-1.023788323932921,-0.7493499203700406,0.15820669420395606,0.0,0.0,1.0,0.0,0.0,0
4416,1.0995621639304147,-0.3607964886375417,0.6538318703265331,-1.023788323932921,-0.7493499203700406,0.3347920341262756,0.0,0.0,0.0,1.0,0.0,0
4417,1.1002033080493248,1.3093765011466358,-1.3291110229236514,-1.023788323932921,-0.7493499203700406,1.2177187337378734,0.0,0.0,1.0,0.0,0.0,0
4418,1.1008444521682346,0.8148133070791163,0.5380743942620618,-1.023788323932921,-0.04668806341770988,-1.3721995851228133,0.0,0.0,0.0,1.0,0.0,0
4419,1.1014855962871444,-0.3073174148661475,-0.7581353832888308,-1.023788323932921,1.3586356504869515,-0.4304111055371091,1.0,0.0,0.0,0.0,0.0,0
4420,1.1021267404060542,-0.9690448965601939,-1.6219853962776274,-1.023788323932921,-0.7493499203700406,1.3943040736601928,0.0,0.0,0.0,0.0,1.0,0
4421,1.1027678845249642,-0.47476522967872914,-0.294398749434307,0.9767644117667437,-0.7493499203700406,0.9234098338673408,0.0,1.0,0.0,0.0,0.0,1
4422,1.103409028643874,-0.726288069033613,-0.23004515418232274,0.9767644117667437,0.6559737935346208,-0.25382576561478953,0.0,0.0,0.0,1.0,0.0,1
4423,1.1040501727627838,-1.104337068033329,-0.11438526276129744,0.9767644117667437,-0.7493499203700406,-0.9601671253040678,0.0,0.0,0.0,1.0,0.0,1
4424,1.1046913168816936,0.8809997856824964,0.7029128233616239,0.9767644117667437,0.6559737935346208,0.6879627139709147,0.0,0.0,1.0,0.0,0.0,0
4425,1.1053324610006035,-0.8384070930410905,-0.6588963231730458,-1.023788323932921,-1.4520117773223713,-0.13610220566657652,1.0,0.0,0.0,0.0,0.0,0
4426,1.1059736051195135,-0.1310711934661995,-0.6367599666847927,0.9767644117667437,-0.7493499203700406,-0.3715493255630026,0.0,0.0,1.0,0.0,0.0,1
4427,1.1066147492384233,-0.3701473681453883,-1.5127914783563587,-1.023788323932921,0.6559737935346208,-1.3721995851228133,0.0,0.0,1.0,0.0,0.0,0
4428,1.107255893357333,1.7165987483055016,0.640999193636014,0.9767644117667437,-0.7493499203700406,1.0411333938155538,1.0,0.0,0.0,0.0,0.0,0
4429,1.107897037476243,-0.35183272363903234,0.23176513314188063,-1.023788323932921,-1.4520117773223713,0.3347920341262756,0.0,1.0,0.0,0.0,0.0,0
4430,1.108538181595153,-1.4407082029971907,-0.5193338689187438,0.9767644117667437,-0.7493499203700406,0.5113773740485952,0.0,0.0,1.0,0.0,0.0,0
4431,1.1091793257140627,-1.4062570335819218,0.7041674472072679,-1.023788323932921,0.6559737935346208,-0.9013053453299612,0.0,0.0,1.0,0.0,0.0,0
4432,1.1098204698329726,0.346976872550961,0.12698198823120987,0.9767644117667437,-1.4520117773223713,1.0999951737896603,0.0,0.0,0.0,1.0,0.0,1
4433,1.1104616139518824,0.37711103853518674,-0.10726356749687452,0.9767644117667437,-1.4520117773223713,-1.6076467050192393,1.0,0.0,0.0,0.0,0.0,1
4434,1.1111027580707924,-0.2549998838518085,0.03745164438044076,0.9767644117667437,-1.4520117773223713,1.0411333938155538,0.0,0.0,0.0,0.0,1.0,1
4435,1.1117439021897022,-0.20920379273969703,0.4674180663933977,0.9767644117667437,-0.04668806341770988,-1.666508484993346,0.0,1.0,0.0,0.0,0.0,1
4436,1.112385046308612,-1.5318821255976145,0.5487677741989321,0.9767644117667437,0.6559737935346208,-1.3721995851228133,0.0,1.0,0.0,0.0,0.0,0
4437,1.1130261904275218,0.08725370584916535,-0.7272858850413397,-1.023788323932921,-0.04668806341770988,1.5708894135825124,1.0,0.0,0.0,0.0,0.0,0
4438,1.1136673345464319,0.04592941293955788,-1.2370076384150657,0.9767644117667437,-1.4520117773223713,-0.8424435653558547,0.0,0.0,0.0,1.0,0.0,1
4439,1.1143084786653417,-1.1972262199608843,-1.1823578036855755,-1.023788323932921,-0.04668806341770988,-0.5481346654853221,0.0,0.0,0.0,1.0,0.0,0
4440,1.1149496227842515,-1.3572097074200165,0.4778823715018762,0.9767644117667437,-0.7493499203700406,-1.2544760251746003,1.0,0.0,0.0,0.0,0.0,0
4441,1.1155907669031613,-1.2881443926067841,1.2808476264007524,0.9767644117667437,-0.04668806341770988,-1.0778906852522807,0.0,0.0,0.0,1.0,0.0,0
4442,1.1162319110220713,-1.367048617609182,-0.31274416936232524,0.9767644117667437,1.3586356504869515,-0.07724042569247,0.0,1.0,0.0,0.0,0.0,1
4443,1.1168730551409811,0.4133170030344801,-1.1380418572590143,-1.023788323932921,-1.4520117773223713,-0.3715493255630026,0.0,1.0,0.0,0.0,0.0,1
4444,1.117514199259891,-1.0329608617560742,0.8809827862453478,0.9767644117667437,-1.4520117773223713,0.15820669420395606,0.0,0.0,0.0,0.0,1.0,1
4445,1.1181553433788007,-0.8406461465008479,1.1419643641443822,0.9767644117667437,0.6559737935346208,-0.9601671253040678,1.0,0.0,0.0,0.0,0.0,0
4446,1.1187964874977108,-1.1131470010346982,1.3073600551888946,-1.023788323932921,-0.7493499203700406,0.7468244939450213,0.0,0.0,1.0,0.0,0.0,0
4447,1.1194376316166206,1.631752165425949,0.365907710045717,-1.023788323932921,0.6559737935346208,-0.7247200054076417,0.0,0.0,1.0,0.0,0.0,0
4448,1.1200787757355304,1.2704926024601535,1.239080909430655,-1.023788323932921,-0.04668806341770988,1.3943040736601928,0.0,0.0,0.0,0.0,1.0,0
4449,1.1207199198544402,-0.9139191639673362,-1.6680223730566734,-1.023788323932921,1.3586356504869515,-1.4899231450710264,0.0,0.0,0.0,0.0,1.0,0
4450,1.1213610639733502,-0.5741717759517518,-1.352242909999602,0.9767644117667437,1.3586356504869515,-0.9013053453299612,0.0,0.0,0.0,1.0,0.0,1
4451,1.12200220809226,-0.9860255714762763,-1.402658948343294,-1.023788323932921,1.3586356504869515,1.6886129735307256,0.0,0.0,0.0,0.0,1.0,0
4452,1.1226433522111698,0.0009074663369773015,0.7296706702765368,-1.023788323932921,1.3586356504869515,-1.3721995851228133,0.0,0.0,0.0,0.0,1.0,0
4453,1.1232844963300797,-1.6520083436987731,-1.4817381882747858,0.9767644117667437,-0.7493499203700406,-0.31268754558889605,0.0,0.0,1.0,0.0,0.0,1
4454,1.1239256404489897,0.6291246284136615,-0.013997619820071834,-1.023788323932921,-0.04668806341770988,-0.9601671253040678,0.0,0.0,0.0,1.0,0.0,0
4455,1.1245667845678995,0.1103942592687888,-0.09535762603569528,-1.023788323932921,1.3586356504869515,1.27658051371198,0.0,0.0,0.0,0.0,1.0,0
4456,1.1252079286868093,1.424566501518261,-0.6525006117156668,-1.023788323932921,-1.4520117773223713,0.5702391540227016,0.0,0.0,0.0,0.0,1.0,0
4457,1.125849072805719,-1.1452748541487447,1.2723595722531362,0.9767644117667437,-0.04668806341770988,0.3347920341262756,0.0,0.0,0.0,1.0,0.0,0
4458,1.1264902169246291,1.0937152527001928,-1.1349018319646702,-1.023788323932921,-0.7493499203700406,0.2759302541521691,1.0,0.0,0.0,0.0,0.0,0
4459,1.127131361043539,1.051196781266634,-0.5088870650624933,-1.023788323932921,1.3586356504869515,0.8056862739191277,0.0,0.0,0.0,1.0,0.0,0
4460,1.1277725051624488,-1.2755140481913365,0.941404034099211,-1.023788323932921,-0.7493499203700406,1.1588569537637667,0.0,0.0,1.0,0.0,0.0,0
4461,1.1284136492813586,-0.32569850211193613,-1.6164108366040384,0.9767644117667437,1.3586356504869515,-0.3715493255630026,1.0,0.0,0.0,0.0,0.0,1
4462,1.1290547934002684,-1.1251151660953356,0.5932963127868986,0.9767644117667437,-1.4520117773223713,-0.9013053453299612,0.0,1.0,0.0,0.0,0.0,1
4463,1.1296959375191784,-0.8291300194134786,1.0866235136623674,-1.023788323932921,-0.04668806341770988,-1.1367524652263874,0.0,0.0,0.0,1.0,0.0,0
4464,1.1303370816380882,-0.7992903971225556,1.4851103994151122,0.9767644117667437,-1.4520117773223713,-0.3715493255630026,0.0,0.0,1.0,0.0,0.0,1
4465,1.130978225756998,0.22616719053906423,1.292620826010033,-1.023788323932921,1.3586356504869515,-1.1367524652263874,1.0,0.0,0.0,0.0,0.0,0
4466,1.1316193698759078,-0.2807178842408639,-0.622647334568666,0.9767644117667437,0.6559737935346208,0.8056862739191277,0.0,0.0,0.0,1.0,0.0,1
4467,1.1322605139948179,1.5963936959136824,0.29551901776319817,0.9767644117667437,-0.04668806341770988,1.2177187337378734,0.0,0.0,0.0,0.0,1.0,0
4468,1.1329016581137277,-1.2783526909936016,-1.455216982077644,-1.023788323932921,-0.7493499203700406,-0.7835817853817482,0.0,0.0,0.0,1.0,0.0,0
4469,1.1335428022326375,1.687250629150595,-0.8341994502016065,-1.023788323932921,1.3586356504869515,-1.43106136509692,0.0,1.0,0.0,0.0,0.0,0
4470,1.1341839463515473,-0.9134158579623358,-1.3969971464647968,-1.023788323932921,-1.4520117773223713,-0.5481346654853221,0.0,0.0,0.0,1.0,0.0,0
4471,1.1348250904704573,0.9843925408309823,-0.6370805681083673,0.9767644117667437,0.6559737935346208,-1.3133378051487068,1.0,0.0,0.0,0.0,0.0,1
4472,1.1354662345893671,-0.5342593814339457,1.2888054148241488,-1.023788323932921,1.3586356504869515,-0.9013053453299612,1.0,0.0,0.0,0.0,0.0,0
4473,1.136107378708277,-1.2198637703820707,-0.5271002563286115,0.9767644117667437,-0.7493499203700406,1.3943040736601928,0.0,0.0,0.0,1.0,0.0,0
4474,1.1367485228271867,1.2819435384526343,0.21137829148728793,0.9767644117667437,-1.4520117773223713,1.27658051371198,1.0,0.0,0.0,0.0,0.0,1
4475,1.1373896669460968,-0.6396401351458072,-0.23060316145685372,-1.023788323932921,-0.04668806341770988,0.09934491422984955,0.0,0.0,0.0,0.0,1.0,0
4476,1.1380308110650066,0.5853308613880658,-0.14278386223829087,0.9767644117667437,0.6559737935346208,1.629751193556619,0.0,0.0,0.0,1.0,0.0,1
4477,1.1386719551839164,0.26189242429114573,1.61340266862464,0.9767644117667437,1.3586356504869515,-1.1956142452004939,0.0,0.0,0.0,0.0,1.0,1
4478,1.1393130993028262,-0.06951074721976469,-0.702536014383237,-1.023788323932921,1.3586356504869515,-0.13610220566657652,0.0,0.0,0.0,0.0,1.0,0
4479,1.1399542434217362,0.014709652401392576,0.4363849690861699,0.9767644117667437,1.3586356504869515,-0.9013053453299612,0.0,0.0,1.0,0.0,0.0,1
4480,1.140595387540646,0.8421675972691115,-0.2764054773006386,0.9767644117667437,1.3586356504869515,-1.0778906852522807,0.0,0.0,0.0,1.0,0.0,1
4481,1.1412365316595559,-1.4134419108422858,-1.5107489218987422,-1.023788323932921,-1.4520117773223713,0.7468244939450213,1.0,0.0,0.0,0.0,0.0,0
4482,1.1418776757784657,0.6179690031099465,-0.03818654762954247,-1.023788323932921,-0.04668806341770988,-0.7247200054076417,0.0,0.0,0.0,0.0,1.0,0
4483,1.1425188198973757,1.414672686277049,1.0761191890485942,-1.023788323932921,-0.7493499203700406,1.512027633608406,0.0,0.0,1.0,0.0,0.0,0
4484,1.1431599640162855,-1.5183875836098168,-1.38141607352971,0.9767644117667437,0.6559737935346208,0.39365381410038214,0.0,0.0,0.0,1.0,0.0,0
4485,1.1438011081351953,-1.2283618992398488,-1.4817035778541405,0.9767644117667437,1.3586356504869515,0.8056862739191277,0.0,0.0,0.0,1.0,0.0,0
4486,1.1444422522541051,0.7875471120813436,-1.1926842021372082,0.9767644117667437,1.3586356504869515,-0.3715493255630026,0.0,1.0,0.0,0.0,0.0,1
4487,1.1450833963730151,-0.19017109878916638,0.9077994216338638,-1.023788323932921,-0.04668806341770988,0.39365381410038214,0.0,1.0,0.0,0.0,0.0,0
4488,1.145724540491925,-0.30823575305939743,0.7688442278807809,0.9767644117667437,-0.04668806341770988,1.3943040736601928,0.0,0.0,0.0,0.0,1.0,0
4489,1.1463656846108348,-1.241265262729691,0.2221070801660574,0.9767644117667437,-1.4520117773223713,-0.07724042569247,0.0,1.0,0.0,0.0,0.0,1
4490,1.1470068287297446,0.053036334932504633,-0.11076641678572204,0.9767644117667437,-1.4520117773223713,-1.1956142452004939,0.0,0.0,0.0,0.0,1.0,1
4491,1.1476479728486546,-1.2777396035110669,1.333990149532019,-1.023788323932921,-1.4520117773223713,-0.9601671253040678,1.0,0.0,0.0,0.0,0.0,0
4492,1.1482891169675644,-0.052486368795211166,0.9157014444822501,-1.023788323932921,0.6559737935346208,-0.8424435653558547,0.0,0.0,0.0,0.0,1.0,0
4493,1.1489302610864742,0.9519875683372698,1.0713007669836367,-1.023788323932921,-1.4520117773223713,0.39365381410038214,0.0,1.0,0.0,0.0,0.0,0
4494,1.149571405205384,-0.8167266173450711,1.0758405281158254,0.9767644117667437,1.3586356504869515,-1.1367524652263874,1.0,0.0,0.0,0.0,0.0,0
4495,1.150212549324294,-0.037906493548852345,0.4893216847459569,0.9767644117667437,-1.4520117773223713,1.2177187337378734,0.0,1.0,0.0,0.0,0.0,1
4496,1.1508536934432039,1.751383538510222,-0.14588557076105416,-1.023788323932921,0.6559737935346208,-0.25382576561478953,0.0,0.0,0.0,0.0,1.0,0
4497,1.1514948375621137,0.68261265236891,1.252662510974813,-1.023788323932921,-1.4520117773223713,0.5702391540227016,0.0,0.0,1.0,0.0,0.0,0
4498,1.1521359816810235,1.224080551200807,1.4635802937814772,0.9767644117667437,-1.4520117773223713,-0.6658582254335351,0.0,0.0,0.0,1.0,0.0,1
4499,1.1527771257999333,-0.2686896183835678,-1.639164739431146,-1.023788323932921,1.3586356504869515,1.27658051371198,0.0,1.0,0.0,0.0,0.0,0
4500,1.1534182699188433,0.9668471343852276,-1.5437342214417284,0.9767644117667437,1.3586356504869515,1.3943040736601928,0.0,0.0,0.0,0.0,1.0,1
4501,1.1540594140377531,-1.5788636854994926,1.5761616861516305,-1.023788323932921,1.3586356504869515,-0.7247200054076417,1.0,0.0,0.0,0.0,0.0,0
4502,1.154700558156663,-1.2904589523451495,-0.7678574483091885,-1.023788323932921,-1.4520117773223713,-0.018378645718363482,0.0,1.0,0.0,0.0,0.0,0
4503,1.1553417022755728,-1.0099032538641646,1.282553940576023,-1.023788323932921,1.3586356504869515,0.09934491422984955,0.0,1.0,0.0,0.0,0.0,0
4504,1.1559828463944828,-0.3138241451784507,-0.3839371660561614,0.9767644117667437,-0.04668806341770988,-0.4304111055371091,0.0,0.0,0.0,1.0,0.0,1
4505,1.1566239905133926,1.239438803268296,-1.311440754376051,-1.023788323932921,-0.7493499203700406,1.3354422936860864,0.0,0.0,0.0,0.0,1.0,0
4506,1.1572651346323024,-0.5087231489698072,-1.444384879388735,0.9767644117667437,-0.7493499203700406,-1.0778906852522807,0.0,0.0,1.0,0.0,0.0,1
4507,1.1579062787512122,0.5705112421063419,-1.1827920982908833,-1.023788323932921,1.3586356504869515,1.629751193556619,1.0,0.0,0.0,0.0,0.0,0
4508,1.1585474228701222,0.7619355697258751,-0.861632354006177,-1.023788323932921,0.6559737935346208,-1.0190289052781742,0.0,0.0,0.0,0.0,1.0,0
4509,1.159188566989032,0.33097721474506353,-0.04098072551433369,0.9767644117667437,1.3586356504869515,-0.5481346654853221,1.0,0.0,0.0,0.0,0.0,1
4510,1.1598297111079419,-0.47030774455103314,0.6914735239344825,0.9767644117667437,1.3586356504869515,-0.5481346654853221,0.0,1.0,0.0,0.0,0.0,1
4511,1.1604708552268517,0.2990259262914553,1.6712704764829711,-1.023788323932921,-1.4520117773223713,-0.07724042569247,0.0,0.0,0.0,1.0,0.0,0
4512,1.1611119993457617,-0.5227246402811133,-0.20265753688877314,0.9767644117667437,0.6559737935346208,-0.07724042569247,0.0,0.0,0.0,1.0,0.0,1
4513,1.1617531434646715,-1.4270889164874876,0.06104512200270451,-1.023788323932921,1.3586356504869515,1.1588569537637667,0.0,0.0,1.0,0.0,0.0,0
4514,1.1623942875835813,1.7541415472731998,0.07353160218212569,0.9767644117667437,-0.04668806341770988,-0.19496398564068304,0.0,0.0,0.0,1.0,0.0,1
4515,1.1630354317024911,-1.275509622771952,0.13412360865615905,0.9767644117667437,-0.7493499203700406,-0.07724042569247,0.0,1.0,0.0,0.0,0.0,0
4516,1.1636765758214012,-1.4674273362355277,0.059517188376418076,-1.023788323932921,-0.04668806341770988,-0.9013053453299612,0.0,0.0,1.0,0.0,0.0,0
4517,1.164317719940311,1.354188436057286,-1.6908585808732628,-1.023788323932921,-0.04668806341770988,0.9822716138414473,0.0,0.0,0.0,0.0,1.0,0
4518,1.1649588640592208,-0.6642317731940722,-1.7151038825027602,0.9767644117667437,-0.04668806341770988,-1.0778906852522807,0.0,0.0,0.0,1.0,0.0,1
4519,1.1656000081781306,0.5553765947804113,-1.3851531545295774,0.9767644117667437,0.6559737935346208,1.629751193556619,0.0,0.0,1.0,0.0,0.0,1
4520,1.1662411522970406,-0.5691337910466642,-1.371774142099452,-1.023788323932921,0.6559737935346208,0.6291009339968082,0.0,1.0,0.0,0.0,0.0,0
4521,1.1668822964159504,-0.3505656404839934,0.7031629944859037,0.9767644117667437,0.6559737935346208,-0.6658582254335351,1.0,0.0,0.0,0.0,0.0,1
4522,1.1675234405348602,-0.8032565753346101,-1.0163125296986881,0.9767644117667437,-0.7493499203700406,-1.0778906852522807,1.0,0.0,0.0,0.0,0.0,1
4523,1.16816458465377,-0.5200002165009473,1.3559600065908506,0.9767644117667437,-1.4520117773223713,-0.4304111055371091,0.0,1.0,0.0,0.0,0.0,1
4524,1.16880572877268,-0.2832047235134177,1.472518166686208,0.9767644117667437,1.3586356504869515,-1.4899231450710264,0.0,1.0,0.0,0.0,0.0,1
4525,1.1694468728915899,0.8007914698043412,1.6351420934158916,-1.023788323932921,1.3586356504869515,1.629751193556619,1.0,0.0,0.0,0.0,0.0,0
4526,1.1700880170104997,0.06971773918345996,1.5085424718361846,-1.023788323932921,-1.4520117773223713,-0.25382576561478953,0.0,0.0,1.0,0.0,0.0,0
4527,1.1707291611294095,1.581807258289174,-0.7859892956452648,0.9767644117667437,1.3586356504869515,1.3354422936860864,1.0,0.0,0.0,0.0,0.0,1
4528,1.1713703052483195,-1.5740644506393104,0.03212897985099225,0.9767644117667437,-0.04668806341770988,1.27658051371198,0.0,1.0,0.0,0.0,0.0,0
4529,1.1720114493672293,0.040080424974645965,-1.1176315560080865,-1.023788323932921,-0.7493499203700406,-1.1956142452004939,0.0,0.0,0.0,1.0,0.0,0
4530,1.1726525934861391,0.32412579099699107,1.051585895477552,0.9767644117667437,1.3586356504869515,-0.4892728855112156,0.0,0.0,0.0,0.0,1.0,1
4531,1.173293737605049,1.5000191018796916,1.3343543155050388,0.9767644117667437,-0.7493499203700406,0.5113773740485952,0.0,0.0,0.0,1.0,0.0,0
4532,1.173934881723959,-1.5485911995864028,1.206616932475178,0.9767644117667437,-1.4520117773223713,-0.4304111055371091,0.0,0.0,0.0,1.0,0.0,1
4533,1.1745760258428688,0.28658787677891395,-0.23065096270358088,0.9767644117667437,1.3586356504869515,-1.1367524652263874,0.0,1.0,0.0,0.0,0.0,1
4534,1.1752171699617786,1.267036258845967,0.8881064551127145,0.9767644117667437,-0.7493499203700406,-0.13610220566657652,1.0,0.0,0.0,0.0,0.0,1
4535,1.1758583140806884,-0.8739043654567805,-1.3854528655895455,-1.023788323932921,-0.04668806341770988,0.040483134255743035,0.0,0.0,1.0,0.0,0.0,0
4536,1.1764994581995982,1.3463540961563227,-1.5826305984712876,0.9767644117667437,-0.04668806341770988,-1.3133378051487068,0.0,0.0,0.0,1.0,0.0,1
4537,1.1771406023185083,-1.6539932590660407,0.8694065454380117,0.9767644117667437,-1.4520117773223713,1.3354422936860864,1.0,0.0,0.0,0.0,0.0,0
4538,1.177781746437418,0.8429260938640415,-0.25820377248681564,0.9767644117667437,0.6559737935346208,0.5113773740485952,0.0,0.0,1.0,0.0,0.0,1
4539,1.1784228905563279,1.5452255641224693,1.7027404490841842,-1.023788323932921,1.3586356504869515,1.0411333938155538,0.0,0.0,0.0,1.0,0.0,0
4540,1.1790640346752377,0.5795288086141788,-1.3865704082709374,0.9767644117667437,-0.04668806341770988,-0.13610220566657652,0.0,0.0,1.0,0.0,0.0,1
4541,1.1797051787941477,-0.18405456250206842,1.221538569246958,0.9767644117667437,-0.04668806341770988,-0.8424435653558547,1.0,0.0,0.0,0.0,0.0,1
4542,1.1803463229130575,-1.5635623551900588,-0.07033428720122306,-1.023788323932921,-1.4520117773223713,0.9234098338673408,0.0,0.0,0.0,0.0,1.0,0
4543,1.1809874670319673,1.4997279995708992,1.1236021430180225,-1.023788323932921,-0.04668806341770988,0.9822716138414473,1.0,0.0,0.0,0.0,0.0,0
4544,1.1816286111508771,-0.07462100990550588,1.0891325163372403,-1.023788323932921,1.3586356504869515,1.27658051371198,0.0,1.0,0.0,0.0,0.0,0
4545,1.1822697552697872,-1.6191568642213627,1.4291364502211399,-1.023788323932921,-1.4520117773223713,0.040483134255743035,0.0,0.0,1.0,0.0,0.0,0
4546,1.182910899388697,0.6937098317642362,-0.6967049019060604,0.9767644117667437,-0.7493499203700406,0.6291009339968082,0.0,0.0,0.0,0.0,1.0,1
4547,1.1835520435076068,-0.0342277240045532,1.5454027260182475,0.9767644117667437,-1.4520117773223713,1.0411333938155538,0.0,0.0,1.0,0.0,0.0,1
4548,1.1841931876265166,-1.2854395202318702,-1.1994404863398074,0.9767644117667437,1.3586356504869515,-0.8424435653558547,0.0,0.0,1.0,0.0,0.0,1
4549,1.1848343317454266,-0.9706993092071796,-1.4391382927772822,-1.023788323932921,1.3586356504869515,-1.4899231450710264,0.0,0.0,0.0,1.0,0.0,0
4550,1.1854754758643364,-1.4949290786997111,-0.23667427966760912,0.9767644117667437,-0.7493499203700406,0.2759302541521691,0.0,1.0,0.0,0.0,0.0,1
4551,1.1861166199832462,0.2893666963205217,1.127635406691058,-1.023788323932921,-1.4520117773223713,1.3354422936860864,0.0,0.0,1.0,0.0,0.0,0
4552,1.186757764102156,0.4564411520597928,-0.09290132321378042,-1.023788323932921,1.3586356504869515,-0.31268754558889605,1.0,0.0,0.0,0.0,0.0,0
4553,1.187398908221066,0.04943926535618432,1.1309496811455382,0.9767644117667437,1.3586356504869515,-1.0190289052781742,1.0,0.0,0.0,0.0,0.0,1
4554,1.188040052339976,1.1391899942679162,0.7884174969504895,-1.023788323932921,-0.7493499203700406,-0.07724042569247,0.0,0.0,0.0,1.0,0.0,0
4555,1.1886811964588857,1.292862177576751,-1.000794172943997,-1.023788323932921,0.6559737935346208,-0.19496398564068304,0.0,1.0,0.0,0.0,0.0,0
4556,1.1893223405777955,0.43402354188187997,1.5422465817025468,0.9767644117667437,-1.4520117773223713,0.5702391540227016,0.0,1.0,0.0,0.0,0.0,1
4557,1.1899634846967055,-1.6759973370354022,-1.5120042297491763,0.9767644117667437,1.3586356504869515,-0.7835817853817482,1.0,0.0,0.0,0.0,0.0,1
4558,1.1906046288156154,0.7126397262370936,1.3682224090389452,-1.023788323932921,-0.04668806341770988,0.39365381410038214,0.0,0.0,0.0,0.0,1.0,0
4559,1.1912457729345252,-0.25765907010897693,-0.6740295251326889,0.9767644117667437,-0.7493499203700406,0.45251559407448866,0.0,0.0,0.0,1.0,0.0,1
4560,1.191886917053435,0.2587907425207488,-0.0009851262577076554,0.9767644117667437,0.6559737935346208,-0.07724042569247,0.0,0.0,0.0,1.0,0.0,1
4561,1.192528061172345,0.551119326547161,-0.26853271871639606,-1.023788323932921,0.6559737935346208,1.629751193556619,1.0,0.0,0.0,0.0,0.0,0
4562,1.1931692052912548,-0.49482628743055873,-1.130082456264064,-1.023788323932921,-0.7493499203700406,1.6886129735307256,1.0,0.0,0.0,0.0,0.0,0
4563,1.1938103494101646,1.4891745052225063,-0.48933903764534264,0.9767644117667437,0.6559737935346208,0.21706847417806258,0.0,0.0,0.0,0.0,1.0,1
4564,1.1944514935290744,-1.2517363664879395,-1.057518228591023,0.9767644117667437,1.3586356504869515,-0.018378645718363482,0.0,0.0,0.0,0.0,1.0,1
4565,1.1950926376479845,0.6296279187440319,-1.019853261436773,-1.023788323932921,0.6559737935346208,0.040483134255743035,0.0,1.0,0.0,0.0,0.0,0
4566,1.1957337817668943,-1.7053862517438678,-1.0777317812993301,0.9767644117667437,-1.4520117773223713,-0.4892728855112156,0.0,0.0,0.0,1.0,0.0,1
4567,1.196374925885804,1.5156083951904866,-0.0392645324592187,-1.023788323932921,-0.04668806341770988,0.9234098338673408,0.0,0.0,0.0,1.0,0.0,0
4568,1.1970160700047139,-1.3268833343720516,1.0231161805619784,-1.023788323932921,1.3586356504869515,-0.31268754558889605,1.0,0.0,0.0,0.0,0.0,0
4569,1.197657214123624,-1.3885525032871866,0.23569924539424772,0.9767644117667437,-0.7493499203700406,-1.5487849250451329,0.0,1.0,0.0,0.0,0.0,0
4570,1.1982983582425337,-0.5551272409043144,1.350775533866857,0.9767644117667437,-0.04668806341770988,0.2759302541521691,0.0,0.0,0.0,1.0,0.0,1
4571,1.1989395023614435,-0.41317308774204636,0.46809337603169093,0.9767644117667437,1.3586356504869515,0.6291009339968082,0.0,1.0,0.0,0.0,0.0,0
4572,1.1995806464803533,-0.9706003894520423,0.6496618975182855,0.9767644117667437,-0.04668806341770988,1.1588569537637667,0.0,1.0,0.0,0.0,0.0,0
4573,1.2002217905992631,0.32726481829258786,0.5749207081137101,0.9767644117667437,0.6559737935346208,0.8056862739191277,1.0,0.0,0.0,0.0,0.0,0
4574,1.2008629347181732,-0.17045768174174233,-0.17530840496114114,-1.023788323932921,-0.7493499203700406,-1.2544760251746003,0.0,1.0,0.0,0.0,0.0,0
4575,1.201504078837083,-1.6010310523331925,0.6496574492970275,0.9767644117667437,-0.7493499203700406,1.6886129735307256,0.0,0.0,0.0,0.0,1.0,0
4576,1.2021452229559928,-0.6018713658409628,-1.4813049913719523,-1.023788323932921,-1.4520117773223713,-0.25382576561478953,0.0,0.0,0.0,0.0,1.0,1
4577,1.2027863670749026,1.1158479124520482,1.236064533180148,0.9767644117667437,0.6559737935346208,-0.19496398564068304,0.0,0.0,1.0,0.0,0.0,1
4578,1.2034275111938126,0.6932914574672557,0.953924507480635,-1.023788323932921,-1.4520117773223713,-0.19496398564068304,1.0,0.0,0.0,0.0,0.0,0
4579,1.2040686553127224,0.8163830911447746,-0.8776696099021518,0.9767644117667437,-1.4520117773223713,-0.7247200054076417,0.0,0.0,1.0,0.0,0.0,1
4580,1.2047097994316323,0.7227450848073604,0.9202913487169869,0.9767644117667437,0.6559737935346208,-0.018378645718363482,0.0,0.0,0.0,0.0,1.0,1
4581,1.205350943550542,-0.6322477665977457,-1.6775567378967042,-1.023788323932921,1.3586356504869515,0.8645480538932343,0.0,0.0,1.0,0.0,0.0,0
4582,1.205992087669452,-1.3718237149714971,-0.973906784461775,0.9767644117667437,-1.4520117773223713,1.6886129735307256,1.0,0.0,0.0,0.0,0.0,1
4583,1.206633231788362,-0.7670171223401179,-1.4970233451374886,0.9767644117667437,-0.04668806341770988,0.9234098338673408,1.0,0.0,0.0,0.0,0.0,0
4584,1.2072743759072717,1.1905806694911434,0.9622291118460778,-1.023788323932921,1.3586356504869515,0.040483134255743035,0.0,1.0,0.0,0.0,0.0,0
4585,1.2079155200261815,1.7109757601730833,0.8784779403658872,-1.023788323932921,0.6559737935346208,0.6879627139709147,0.0,0.0,0.0,1.0,0.0,0
4586,1.2085566641450916,0.00780610479284366,1.0771257904886853,-1.023788323932921,-0.7493499203700406,-1.6076467050192393,0.0,1.0,0.0,0.0,0.0,0
4587,1.2091978082640014,-1.6866936884617394,-1.7056227747202606,0.9767644117667437,1.3586356504869515,-0.07724042569247,1.0,0.0,0.0,0.0,0.0,1
4588,1.2098389523829112,-1.2304917270993934,0.0027450523604977558,-1.023788323932921,-1.4520117773223713,-1.3721995851228133,0.0,0.0,0.0,0.0,1.0,0
4589,1.210480096501821,-0.5933716379253267,0.7029542028387245,-1.023788323932921,-0.04668806341770988,-0.7247200054076417,0.0,0.0,0.0,0.0,1.0,0
4590,1.211121240620731,0.30438790759974393,-1.1865983728959366,0.9767644117667437,0.6559737935346208,-0.8424435653558547,0.0,1.0,0.0,0.0,0.0,1
4591,1.2117623847396408,-1.4578189959836736,0.5136482856514593,0.9767644117667437,-0.7493499203700406,1.0999951737896603,1.0,0.0,0.0,0.0,0.0,0
4592,1.2124035288585506,1.5810795495288799,-1.431774110557698,0.9767644117667437,-0.04668806341770988,1.5708894135825124,0.0,0.0,0.0,0.0,1.0,1
4593,1.2130446729774604,-0.44286199557103284,-1.0974410945350215,0.9767644117667437,-0.7493499203700406,0.09934491422984955,1.0,0.0,0.0,0.0,0.0,1
4594,1.2136858170963705,1.4733746258852165,-0.08473114850371863,0.9767644117667437,0.6559737935346208,0.45251559407448866,0.0,0.0,0.0,0.0,1.0,1
4595,1.2143269612152803,1.0111598596356193,0.5266288455106475,0.9767644117667437,1.3586356504869515,-0.31268754558889605,1.0,0.0,0.0,0.0,0.0,1
4596,1.21496810533419,0.9233647040851451,-1.219379714219904,-1.023788323932921,-1.4520117773223713,0.8056862739191277,0.0,0.0,1.0,0.0,0.0,0
4597,1.2156092494531,0.4028569313279787,-1.0840373570835162,-1.023788323932921,0.6559737935346208,0.09934491422984955,1.0,0.0,0.0,0.0,0.0,0
4598,1.21625039357201,0.4730812016305225,-1.0179277479689572,0.9767644117667437,-0.04668806341770988,-0.6658582254335351,1.0,0.0,0.0,0.0,0.0,1
4599,1.2168915376909197,0.5123488519890829,-0.9001239081006869,-1.023788323932921,1.3586356504869515,-1.6076467050192393,0.0,1.0,0.0,0.0,0.0,0
4600,1.2175326818098295,0.47986264244671084,-0.9418982935152767,-1.023788323932921,-0.7493499203700406,1.629751193556619,0.0,0.0,1.0,0.0,0.0,0
4601,1.2181738259287394,0.2173886913644736,-0.36208527130710916,-1.023788323932921,1.3586356504869515,0.2759302541521691,0.0,0.0,0.0,1.0,0.0,0
4602,1.2188149700476494,1.731776866703246,0.5274009132076443,-1.023788323932921,1.3586356504869515,1.1588569537637667,0.0,1.0,0.0,0.0,0.0,0
4603,1.2194561141665592,0.8423518824660982,-0.21460821183475207,0.9767644117667437,-0.04668806341770988,-0.07724042569247,0.0,0.0,0.0,1.0,0.0,1
4604,1.220097258285469,0.9986460091760977,0.9476026665602308,0.9767644117667437,-1.4520117773223713,-1.1367524652263874,0.0,0.0,0.0,0.0,1.0,1
4605,1.2207384024043788,1.3329508360259725,0.752588103402727,-1.023788323932921,1.3586356504869515,-1.43106136509692,0.0,0.0,0.0,1.0,0.0,0
4606,1.2213795465232888,-0.9659115104423025,-1.285899181744933,0.9767644117667437,1.3586356504869515,-0.6658582254335351,1.0,0.0,0.0,0.0,0.0,1
4607,1.2220206906421986,-1.4273324426443406,-1.5530653120736841,-1.023788323932921,-1.4520117773223713,0.39365381410038214,0.0,0.0,0.0,1.0,0.0,0
4608,1.2226618347611085,-0.030527612940150536,1.298277853797808,-1.023788323932921,-1.4520117773223713,0.8645480538932343,0.0,1.0,0.0,0.0,0.0,0
4609,1.2233029788800183,0.07862342299331192,-1.4464900575509803,0.9767644117667437,-0.7493499203700406,-0.19496398564068304,0.0,1.0,0.0,0.0,0.0,1
4610,1.223944122998928,1.181468421351283,-1.2108849953338665,-1.023788323932921,-0.7493499203700406,-1.4899231450710264,0.0,0.0,0.0,1.0,0.0,0
4611,1.224585267117838,-0.16741452167408533,-1.644917525695033,0.9767644117667437,-1.4520117773223713,-0.25382576561478953,0.0,1.0,0.0,0.0,0.0,1
4612,1.225226411236748,0.27732499279577827,0.43986496222382904,0.9767644117667437,0.6559737935346208,0.2759302541521691,0.0,1.0,0.0,0.0,0.0,1
4613,1.2258675553556577,0.1240889104693064,0.2817847726519351,0.9767644117667437,-1.4520117773223713,-0.6658582254335351,0.0,0.0,0.0,1.0,0.0,1
4614,1.2265086994745675,-1.5869359832548882,1.6730075225329046,0.9767644117667437,-0.7493499203700406,-0.7835817853817482,0.0,0.0,1.0,0.0,0.0,0
4615,1.2271498435934776,0.43259030301230844,1.3291980686312541,0.9767644117667437,-0.04668806341770988,1.3943040736601928,0.0,0.0,1.0,0.0,0.0,0
4616,1.2277909877123874,1.177483723520238,-0.3081120720043437,0.9767644117667437,-0.04668806341770988,0.2759302541521691,0.0,0.0,0.0,0.0,1.0,1
4617,1.2284321318312972,-1.1693971386224378,-0.4431212944665955,0.9767644117667437,1.3586356504869515,0.9822716138414473,0.0,1.0,0.0,0.0,0.0,0
4618,1.229073275950207,0.3594998166695532,-0.7001370272464151,0.9767644117667437,-0.04668806341770988,1.0999951737896603,0.0,0.0,0.0,1.0,0.0,1
4619,1.229714420069117,0.3569756736226451,-1.1968957038910168,0.9767644117667437,-0.7493499203700406,-1.0190289052781742,0.0,1.0,0.0,0.0,0.0,1
4620,1.2303555641880268,-1.1460018693019312,-1.2461545897105135,-1.023788323932921,-0.04668806341770988,-0.9601671253040678,1.0,0.0,0.0,0.0,0.0,0
4621,1.2309967083069366,-1.2885255986067503,-1.266101091899158,0.9767644117667437,0.6559737935346208,-0.018378645718363482,0.0,1.0,0.0,0.0,0.0,1
4622,1.2316378524258464,1.709509780043364,-1.3285856142322612,-1.023788323932921,-1.4520117773223713,1.629751193556619,0.0,1.0,0.0,0.0,0.0,0
4623,1.2322789965447565,-0.34263855770907176,-0.8938949120496974,0.9767644117667437,-1.4520117773223713,1.0411333938155538,0.0,0.0,1.0,0.0,0.0,1
4624,1.2329201406636663,-0.9246749583721402,-0.6663769428007791,-1.023788323932921,-0.7493499203700406,1.5708894135825124,0.0,0.0,0.0,1.0,0.0,0
4625,1.233561284782576,-1.1210135372273118,1.585913803665906,0.9767644117667437,1.3586356504869515,0.7468244939450213,0.0,1.0,0.0,0.0,0.0,0
4626,1.234202428901486,0.6159426999613277,0.268381594292642,0.9767644117667437,-1.4520117773223713,-0.7835817853817482,0.0,0.0,1.0,0.0,0.0,1
4627,1.234843573020396,0.4123968666407277,1.6753877393698589,0.9767644117667437,-0.04668806341770988,0.39365381410038214,0.0,0.0,0.0,0.0,1.0,0
4628,1.2354847171393057,0.5317698042777218,-0.44009109502752464,-1.023788323932921,0.6559737935346208,1.3354422936860864,0.0,0.0,1.0,0.0,0.0,0
4629,1.2361258612582156,-1.412626020492162,-0.14721990635017335,-1.023788323932921,1.3586356504869515,-0.9013053453299612,0.0,0.0,1.0,0.0,0.0,0
4630,1.2367670053771254,1.406701437208904,-0.6047828745074421,0.9767644117667437,1.3586356504869515,-0.7247200054076417,0.0,0.0,1.0,0.0,0.0,1
4631,1.2374081494960354,-0.35822313835324604,-1.0920699532662144,-1.023788323932921,1.3586356504869515,1.0411333938155538,0.0,1.0,0.0,0.0,0.0,0
4632,1.2380492936149452,-0.6238604858329209,-1.228680435107339,0.9767644117667437,-1.4520117773223713,-0.9601671253040678,0.0,1.0,0.0,0.0,0.0,1
4633,1.238690437733855,-0.10239250244072441,1.5291697209171367,-1.023788323932921,1.3586356504869515,-0.9601671253040678,0.0,0.0,0.0,0.0,1.0,0
4634,1.2393315818527648,-0.35542431939288444,1.6726877406889962,-1.023788323932921,-0.7493499203700406,0.8645480538932343,1.0,0.0,0.0,0.0,0.0,0
4635,1.2399727259716748,1.3018507422887848,-1.5665882209085245,-1.023788323932921,-0.04668806341770988,0.15820669420395606,1.0,0.0,0.0,0.0,0.0,0
4636,1.2406138700905847,1.531742810769452,-1.203983808906837,0.9767644117667437,0.6559737935346208,0.45251559407448866,1.0,0.0,0.0,0.0,0.0,1
4637,1.2412550142094945,-0.6585668739314271,-0.26450135870514635,-1.023788323932921,-0.04668806341770988,1.4531658536342995,0.0,0.0,0.0,0.0,1.0,0
4638,1.2418961583284043,1.3031065473947363,-1.0802194749831242,-1.023788323932921,-0.7493499203700406,-1.1367524652263874,1.0,0.0,0.0,0.0,0.0,0
4639,1.2425373024473143,1.0146644753973502,-0.46962096402384623,0.9767644117667437,-0.7493499203700406,-1.1367524652263874,1.0,0.0,0.0,0.0,0.0,1
4640,1.2431784465662241,1.5371562076037517,-1.2770626797997269,0.9767644117667437,-0.04668806341770988,1.5708894135825124,0.0,0.0,1.0,0.0,0.0,1
4641,1.243819590685134,-0.8605254279400645,-0.1510540565292437,-1.023788323932921,-1.4520117773223713,1.0411333938155538,0.0,1.0,0.0,0.0,0.0,0
4642,1.2444607348040437,0.29869625834706054,-0.7866554657138641,-1.023788323932921,-0.7493499203700406,1.512027633608406,0.0,1.0,0.0,0.0,0.0,0
4643,1.2451018789229538,-0.7597462778599997,-0.5108051399165616,0.9767644117667437,1.3586356504869515,-0.25382576561478953,0.0,0.0,1.0,0.0,0.0,1
4644,1.2457430230418636,1.1636630502457161,-1.3966866911420595,0.9767644117667437,0.6559737935346208,-1.6076467050192393,0.0,0.0,1.0,0.0,0.0,1
4645,1.2463841671607734,-1.7020101415225835,-0.24866796552573125,0.9767644117667437,0.6559737935346208,-0.31268754558889605,0.0,0.0,1.0,0.0,0.0,1
4646,1.2470253112796832,0.256206641942756,1.6604684366553077,0.9767644117667437,-0.7493499203700406,-0.7835817853817482,0.0,1.0,0.0,0.0,0.0,1
4647,1.247666455398593,-0.5334421201059603,-0.5901516838106989,0.9767644117667437,1.3586356504869515,-0.4892728855112156,1.0,0.0,0.0,0.0,0.0,1
4648,1.248307599517503,-0.5912606935977496,1.2930769664963433,-1.023788323932921,-0.04668806341770988,-0.07724042569247,0.0,0.0,1.0,0.0,0.0,0
4649,1.2489487436364128,0.5365094695432185,1.1787957941002867,0.9767644117667437,0.6559737935346208,0.9234098338673408,0.0,0.0,0.0,0.0,1.0,0
4650,1.2495898877553226,1.2595271414932718,1.5531718365477394,0.9767644117667437,1.3586356504869515,-0.25382576561478953,0.0,0.0,1.0,0.0,0.0,1
4651,1.2502310318742325,0.41152220284861474,0.9962161744218448,-1.023788323932921,1.3586356504869515,0.21706847417806258,0.0,0.0,0.0,1.0,0.0,0
4652,1.2508721759931425,1.2654369470184934,0.5473722718116697,0.9767644117667437,-1.4520117773223713,-0.25382576561478953,0.0,0.0,1.0,0.0,0.0,1
4653,1.2515133201120523,-0.79456215516049,1.2248289551582143,0.9767644117667437,-0.7493499203700406,1.5708894135825124,0.0,1.0,0.0,0.0,0.0,0
4654,1.252154464230962,0.0975973286586854,-1.460887384405982,0.9767644117667437,1.3586356504869515,-1.2544760251746003,0.0,0.0,1.0,0.0,0.0,1
4655,1.252795608349872,-0.14377935095249345,-0.12932283595261004,-1.023788323932921,-0.04668806341770988,0.5702391540227016,0.0,0.0,0.0,1.0,0.0,0
4656,1.253436752468782,-1.6798878367181562,1.6810982125426144,0.9767644117667437,0.6559737935346208,-1.1367524652263874,0.0,0.0,0.0,0.0,1.0,0
4657,1.2540778965876918,0.22818229636803844,0.925682788305505,0.9767644117667437,-1.4520117773223713,-1.3721995851228133,1.0,0.0,0.0,0.0,0.0,1
4658,1.2547190407066016,0.5946720065964567,1.5876209883280525,0.9767644117667437,-0.04668806341770988,-0.018378645718363482,0.0,0.0,1.0,0.0,0.0,1
4659,1.2553601848255114,0.3510392308787394,0.9601912474045234,0.9767644117667437,0.6559737935346208,1.3943040736601928,0.0,0.0,0.0,1.0,0.0,0
4660,1.2560013289444214,0.8563144308464246,1.2877556485648658,-1.023788323932921,-0.7493499203700406,-1.666508484993346,0.0,0.0,0.0,1.0,0.0,0
4661,1.2566424730633312,0.2790277393945631,0.7087780649168495,-1.023788323932921,-0.04668806341770988,-0.018378645718363482,0.0,0.0,0.0,0.0,1.0,0
4662,1.257283617182241,-1.4870206313989391,0.8943935098380721,0.9767644117667437,0.6559737935346208,-1.5487849250451329,0.0,1.0,0.0,0.0,0.0,0
4663,1.2579247613011508,-1.3130885764422202,0.07821669346719154,0.9767644117667437,-1.4520117773223713,1.629751193556619,0.0,0.0,1.0,0.0,0.0,0
4664,1.2585659054200609,0.3669997095077045,1.4574940915945043,0.9767644117667437,0.6559737935346208,1.4531658536342995,0.0,0.0,0.0,1.0,0.0,0
4665,1.2592070495389707,-0.7582251646769141,1.116341259956885,0.9767644117667437,1.3586356504869515,-0.9601671253040678,0.0,0.0,0.0,0.0,1.0,0
4666,1.2598481936578805,-1.4418889317461163,1.181154399618211,0.9767644117667437,-1.4520117773223713,-1.0190289052781742,1.0,0.0,0.0,0.0,0.0,1
4667,1.2604893377767903,-0.21704705120044812,0.5934981893992776,0.9767644117667437,-0.04668806341770988,1.3943040736601928,0.0,0.0,0.0,1.0,0.0,0
4668,1.2611304818957003,0.21946895816983747,-0.6735600969050612,0.9767644117667437,-0.7493499203700406,-0.31268754558889605,0.0,0.0,0.0,0.0,1.0,1
4669,1.2617716260146101,-0.5700428783895568,-1.5985018794044625,-1.023788323932921,-1.4520117773223713,-1.0190289052781742,0.0,1.0,0.0,0.0,0.0,1
4670,1.26241277013352,0.8008531852790925,1.4967595714239885,0.9767644117667437,-1.4520117773223713,-1.0190289052781742,0.0,1.0,0.0,0.0,0.0,1
4671,1.2630539142524297,0.5325344960765832,0.29468059516245776,-1.023788323932921,-1.4520117773223713,0.39365381410038214,0.0,0.0,0.0,1.0,0.0,0
4672,1.2636950583713398,-0.5557896874823387,-0.6956973887468972,-1.023788323932921,0.6559737935346208,0.8056862739191277,0.0,0.0,0.0,1.0,0.0,0
4673,1.2643362024902496,0.921388117226739,-1.2081477362109232,0.9767644117667437,1.3586356504869515,-1.43106136509692,0.0,0.0,1.0,0.0,0.0,1
4674,1.2649773466091594,0.5497698791105035,1.1317629828051723,-1.023788323932921,-0.7493499203700406,-0.25382576561478953,0.0,0.0,0.0,0.0,1.0,0
4675,1.2656184907280692,0.5103963698187683,1.155826343191613,-1.023788323932921,-0.7493499203700406,1.3943040736601928,0.0,0.0,0.0,1.0,0.0,0
4676,1.2662596348469792,0.21633684261497738,1.0801244790431985,-1.023788323932921,1.3586356504869515,-0.9601671253040678,0.0,0.0,1.0,0.0,0.0,0
4677,1.266900778965889,-1.6807811395436636,0.4974569626038241,0.9767644117667437,0.6559737935346208,-1.3133378051487068,0.0,0.0,1.0,0.0,0.0,0
4678,1.2675419230847988,0.7171110376238932,-0.4622785434632149,-1.023788323932921,0.6559737935346208,-0.3715493255630026,0.0,0.0,0.0,1.0,0.0,0
4679,1.2681830672037087,-0.4045088891064167,-0.6753128676684436,-1.023788323932921,1.3586356504869515,-0.4892728855112156,0.0,1.0,0.0,0.0,0.0,0
4680,1.2688242113226187,1.5784630104703088,-1.6916151272619118,0.9767644117667437,1.3586356504869515,0.5702391540227016,0.0,0.0,0.0,0.0,1.0,1
4681,1.2694653554415285,1.1422792028880335,1.1458095482799369,0.9767644117667437,-0.04668806341770988,0.5113773740485952,0.0,0.0,0.0,0.0,1.0,0
4682,1.2701064995604383,0.3362695765811475,-1.4203474210116769,-1.023788323932921,0.6559737935346208,1.0999951737896603,0.0,1.0,0.0,0.0,0.0,0
4683,1.2707476436793481,-0.8380147637786465,0.4481828399628299,0.9767644117667437,-1.4520117773223713,-0.5481346654853221,0.0,0.0,0.0,1.0,0.0,1
4684,1.271388787798258,-1.0076394706695257,0.012519682216668984,0.9767644117667437,-0.7493499203700406,0.7468244939450213,0.0,0.0,0.0,0.0,1.0,0
4685,1.272029931917168,-0.5293072306680326,0.09029251295595227,-1.023788323932921,0.6559737935346208,-0.25382576561478953,0.0,0.0,0.0,1.0,0.0,0
4686,1.2726710760360778,-0.05267016188601947,1.466006317913936,-1.023788323932921,1.3586356504869515,-1.1956142452004939,0.0,0.0,0.0,1.0,0.0,0
4687,1.2733122201549876,-0.6844236401232664,-1.6123090535437998,-1.023788323932921,-1.4520117773223713,-1.0190289052781742,0.0,0.0,1.0,0.0,0.0,0
4688,1.2739533642738974,0.08159419850327236,0.9387240416635085,0.9767644117667437,-0.04668806341770988,0.6879627139709147,0.0,1.0,0.0,0.0,0.0,0
4689,1.2745945083928074,-1.1418527872980238,-1.5420231915318923,-1.023788323932921,-0.04668806341770988,1.3354422936860864,0.0,0.0,0.0,1.0,0.0,0
4690,1.2752356525117172,1.701322889817321,-1.58982228651458,-1.023788323932921,-1.4520117773223713,1.629751193556619,1.0,0.0,0.0,0.0,0.0,0
4691,1.275876796630627,-1.3429117304780291,-0.24285712847289717,0.9767644117667437,-1.4520117773223713,-0.9601671253040678,0.0,1.0,0.0,0.0,0.0,1
4692,1.2765179407495368,1.5411338114601882,-1.5041149546534827,0.9767644117667437,1.3586356504869515,-1.2544760251746003,0.0,0.0,0.0,0.0,1.0,1
4693,1.2771590848684469,1.4768528753136498,0.9928955304923408,0.9767644117667437,1.3586356504869515,-1.3721995851228133,0.0,0.0,1.0,0.0,0.0,1
4694,1.2778002289873567,0.11810235979192905,0.10017552398759391,0.9767644117667437,-0.7493499203700406,0.5113773740485952,0.0,0.0,0.0,0.0,1.0,0
4695,1.2784413731062665,0.8165210539410336,-1.6211689164923075,-1.023788323932921,-0.7493499203700406,1.629751193556619,0.0,0.0,0.0,0.0,1.0,0
4696,1.2790825172251763,-0.19448779030935226,-1.5817504826851723,-1.023788323932921,-0.04668806341770988,0.040483134255743035,0.0,1.0,0.0,0.0,0.0,0
4697,1.2797236613440863,0.48445877259485776,0.3859819818329836,-1.023788323932921,-1.4520117773223713,1.1588569537637667,0.0,0.0,0.0,0.0,1.0,0
4698,1.2803648054629961,-0.5286383869005449,1.0512494241870556,0.9767644117667437,-0.04668806341770988,-0.8424435653558547,0.0,0.0,0.0,1.0,0.0,1
4699,1.281005949581906,-0.6665964982080113,-0.2154069451603909,-1.023788323932921,1.3586356504869515,-1.3133378051487068,0.0,0.0,0.0,0.0,1.0,0
4700,1.2816470937008158,0.30314344904409185,0.18621304037815897,0.9767644117667437,0.6559737935346208,1.0411333938155538,0.0,0.0,1.0,0.0,0.0,0
4701,1.2822882378197258,0.022795293280644027,1.029643856918581,0.9767644117667437,1.3586356504869515,1.2177187337378734,0.0,0.0,1.0,0.0,0.0,0
4702,1.2829293819386356,0.30771645299934347,0.37854546201408407,0.9767644117667437,0.6559737935346208,-0.9013053453299612,1.0,0.0,0.0,0.0,0.0,1
4703,1.2835705260575454,-0.7173406281939542,-0.9480666694109628,-1.023788323932921,-1.4520117773223713,-0.31268754558889605,0.0,0.0,1.0,0.0,0.0,0
4704,1.2842116701764552,-0.43630249302856344,0.38730085669445813,0.9767644117667437,-1.4520117773223713,0.9822716138414473,0.0,0.0,0.0,0.0,1.0,1
4705,1.2848528142953652,-1.4270041398945643,0.43966925698751896,-1.023788323932921,-1.4520117773223713,0.45251559407448866,0.0,0.0,1.0,0.0,0.0,0
4706,1.285493958414275,-1.5376788163508703,0.8036188441070747,-1.023788323932921,-0.7493499203700406,0.6291009339968082,0.0,1.0,0.0,0.0,0.0,0
4707,1.2861351025331849,-0.8335517818893303,0.4142019167177253,-1.023788323932921,-0.7493499203700406,-0.9013053453299612,0.0,0.0,1.0,0.0,0.0,0
4708,1.2867762466520947,-1.4607827250052956,1.6122680417578863,0.9767644117667437,0.6559737935346208,-0.31268754558889605,0.0,0.0,0.0,1.0,0.0,0
4709,1.2874173907710047,-1.3574360767810443,-1.042544901766439,-1.023788323932921,-0.04668806341770988,-1.3721995851228133,0.0,1.0,0.0,0.0,0.0,0
4710,1.2880585348899145,1.1245820641571174,1.549843703135671,-1.023788323932921,-0.04668806341770988,-0.25382576561478953,1.0,0.0,0.0,0.0,0.0,0
4711,1.2886996790088243,-1.58458780557749,0.13035827702918706,0.9767644117667437,0.6559737935346208,-1.3133378051487068,0.0,0.0,0.0,1.0,0.0,0
4712,1.2893408231277341,0.5856367229260254,0.5898769713923067,-1.023788323932921,-0.7493499203700406,-0.7247200054076417,0.0,0.0,0.0,0.0,1.0,0
4713,1.2899819672466442,-0.7667001481303843,-1.3789790406669953,0.9767644117667437,1.3586356504869515,-0.5481346654853221,0.0,0.0,0.0,0.0,1.0,1
4714,1.290623111365554,1.329740891315552,-0.41220359653259464,-1.023788323932921,0.6559737935346208,-0.8424435653558547,0.0,0.0,0.0,0.0,1.0,0
4715,1.2912642554844638,-0.023185203580433602,0.9249227344384451,0.9767644117667437,-0.04668806341770988,0.9822716138414473,0.0,0.0,0.0,1.0,0.0,0
4716,1.2919053996033736,-0.6511355831330544,0.7100896718474843,0.9767644117667437,0.6559737935346208,-1.6076467050192393,0.0,0.0,0.0,1.0,0.0,0
4717,1.2925465437222836,0.09107716390210722,-1.5829930174328848,0.9767644117667437,0.6559737935346208,-1.7253702649674525,0.0,0.0,0.0,1.0,0.0,1
4718,1.2931876878411934,-0.38380225649565564,0.15874712358958726,0.9767644117667437,-1.4520117773223713,-1.0190289052781742,0.0,1.0,0.0,0.0,0.0,1
4719,1.2938288319601032,0.25439331264872456,-1.4174396922500778,0.9767644117667437,-0.7493499203700406,1.3943040736601928,0.0,1.0,0.0,0.0,0.0,1
4720,1.294469976079013,-1.3197828182001379,1.7037968129551841,-1.023788323932921,-1.4520117773223713,0.09934491422984955,0.0,0.0,0.0,0.0,1.0,0
4721,1.2951111201979228,1.7687942665892455,1.3648413815725418,-1.023788323932921,-0.7493499203700406,-1.0778906852522807,0.0,0.0,1.0,0.0,0.0,0
4722,1.2957522643168329,-0.23121096835392826,-1.6485375560541793,-1.023788323932921,0.6559737935346208,0.040483134255743035,0.0,0.0,0.0,0.0,1.0,0
4723,1.2963934084357427,-0.5018471425979648,1.2319311238519406,-1.023788323932921,-0.7493499203700406,0.6291009339968082,1.0,0.0,0.0,0.0,0.0,0
4724,1.2970345525546525,0.7650699820190953,1.4409586377458863,0.9767644117667437,-0.04668806341770988,-1.666508484993346,0.0,1.0,0.0,0.0,0.0,1
4725,1.2976756966735623,-0.4470068962711361,-0.5051541535766026,0.9767644117667437,-1.4520117773223713,0.6291009339968082,0.0,0.0,0.0,1.0,0.0,1
4726,1.2983168407924723,1.1957921448746116,0.7533899224089485,-1.023788323932921,0.6559737935346208,-1.3133378051487068,0.0,1.0,0.0,0.0,0.0,0
4727,1.2989579849113821,-0.1307098066744718,-0.2006043945491602,0.9767644117667437,-0.04668806341770988,1.6886129735307256,0.0,0.0,0.0,1.0,0.0,1
4728,1.299599129030292,0.797789698353674,0.532362937592291,-1.023788323932921,-0.7493499203700406,-0.31268754558889605,1.0,0.0,0.0,0.0,0.0,0
4729,1.3002402731492018,-1.3445614021503642,-0.5506560302365596,0.9767644117667437,-0.7493499203700406,-1.4899231450710264,1.0,0.0,0.0,0.0,0.0,1
4730,1.3008814172681118,1.240748868121336,-0.6117278353657691,0.9767644117667437,-0.04668806341770988,0.8645480538932343,0.0,1.0,0.0,0.0,0.0,1
4731,1.3015225613870216,0.8543477545149496,-0.2613724932130725,-1.023788323932921,-0.7493499203700406,-1.666508484993346,0.0,0.0,0.0,1.0,0.0,0
4732,1.3021637055059314,-0.9796418458464202,-1.2204161446964146,-1.023788323932921,-1.4520117773223713,0.6879627139709147,1.0,0.0,0.0,0.0,0.0,0
4733,1.3028048496248412,-1.2121476817794903,1.1373198487794978,0.9767644117667437,1.3586356504869515,1.629751193556619,0.0,0.0,0.0,0.0,1.0,0
4734,1.3034459937437513,-0.613630269400403,-0.5218348293800791,-1.023788323932921,-0.7493499203700406,0.45251559407448866,0.0,0.0,0.0,0.0,1.0,0
4735,1.304087137862661,1.6955751418864196,-0.34488832659458835,-1.023788323932921,0.6559737935346208,0.5113773740485952,0.0,0.0,0.0,1.0,0.0,0
4736,1.3047282819815709,-0.82174131896587,1.353691958955889,-1.023788323932921,-0.7493499203700406,-1.6076467050192393,0.0,1.0,0.0,0.0,0.0,0
4737,1.3053694261004807,-0.12421216245094453,-0.013105378742891112,-1.023788323932921,0.6559737935346208,0.9234098338673408,1.0,0.0,0.0,0.0,0.0,0
4738,1.3060105702193907,-1.6155747079594307,0.15069845240582078,0.9767644117667437,-0.7493499203700406,1.0411333938155538,0.0,1.0,0.0,0.0,0.0,0
4739,1.3066517143383005,-0.3303593959571347,1.5684403537780494,0.9767644117667437,-0.7493499203700406,0.45251559407448866,0.0,0.0,0.0,0.0,1.0,0
4740,1.3072928584572103,0.27895944436940523,1.3284895723188528,0.9767644117667437,0.6559737935346208,-0.4892728855112156,1.0,0.0,0.0,0.0,0.0,1
4741,1.3079340025761201,1.6152648751442815,-1.1382256811788927,0.9767644117667437,-1.4520117773223713,0.5702391540227016,0.0,1.0,0.0,0.0,0.0,1
4742,1.3085751466950302,0.08791707148566343,-0.09361012059433062,-1.023788323932921,1.3586356504869515,0.15820669420395606,0.0,0.0,1.0,0.0,0.0,0
4743,1.30921629081394,1.146208114400915,1.6193322508737353,-1.023788323932921,1.3586356504869515,1.27658051371198,0.0,0.0,0.0,1.0,0.0,0
4744,1.3098574349328498,0.19428681473256199,-0.4404372373038341,-1.023788323932921,-1.4520117773223713,0.09934491422984955,0.0,0.0,0.0,1.0,0.0,1
4745,1.3104985790517596,-1.5778982514705515,-0.44316508222907564,0.9767644117667437,-0.7493499203700406,0.9822716138414473,0.0,0.0,1.0,0.0,0.0,0
4746,1.3111397231706696,-0.6181244909278999,-1.0503106148011645,0.9767644117667437,1.3586356504869515,-0.7835817853817482,0.0,0.0,0.0,0.0,1.0,1
4747,1.3117808672895794,0.29376254968602644,-1.3278690575351006,0.9767644117667437,-1.4520117773223713,1.512027633608406,1.0,0.0,0.0,0.0,0.0,1
4748,1.3124220114084892,1.6064076827743818,0.8249336241028002,0.9767644117667437,-1.4520117773223713,-0.7247200054076417,0.0,0.0,0.0,1.0,0.0,1
4749,1.313063155527399,1.2862876145697604,0.9271626854045025,-1.023788323932921,1.3586356504869515,1.512027633608406,0.0,0.0,1.0,0.0,0.0,0
4750,1.313704299646309,-0.9214063853501687,1.6114799176741286,-1.023788323932921,0.6559737935346208,-1.6076467050192393,0.0,0.0,1.0,0.0,0.0,0
4751,1.314345443765219,-0.950266399708306,0.9388134106147384,-1.023788323932921,-0.04668806341770988,1.512027633608406,0.0,0.0,0.0,0.0,1.0,0
4752,1.3149865878841287,-1.0165448912089732,-0.8841263643266919,0.9767644117667437,0.6559737935346208,-1.43106136509692,0.0,0.0,0.0,0.0,1.0,1
4753,1.3156277320030385,1.508075723415172,-1.5830714624832423,0.9767644117667437,-0.7493499203700406,1.0999951737896603,0.0,1.0,0.0,0.0,0.0,1
4754,1.3162688761219485,1.263663071760233,1.6679648574187909,0.9767644117667437,0.6559737935346208,1.4531658536342995,0.0,0.0,0.0,1.0,0.0,0
4755,1.3169100202408583,0.9914257202799418,-0.5501976306359381,0.9767644117667437,-0.04668806341770988,-1.0190289052781742,0.0,1.0,0.0,0.0,0.0,1
4756,1.3175511643597682,-0.34608272423764924,-0.6481397900900756,0.9767644117667437,-0.04668806341770988,1.4531658536342995,0.0,0.0,1.0,0.0,0.0,1
4757,1.318192308478678,0.044673724169962445,1.3946190949928887,0.9767644117667437,-1.4520117773223713,1.3943040736601928,1.0,0.0,0.0,0.0,0.0,1
4758,1.318833452597588,-0.0954965160303381,0.29117118244432794,-1.023788323932921,-0.7493499203700406,0.040483134255743035,1.0,0.0,0.0,0.0,0.0,0
4759,1.3194745967164978,-0.8337583576393397,-0.9820759765248008,0.9767644117667437,-1.4520117773223713,-0.7835817853817482,0.0,0.0,0.0,0.0,1.0,1
4760,1.3201157408354076,0.04693940257286943,1.3366397150954006,0.9767644117667437,0.6559737935346208,-0.5481346654853221,1.0,0.0,0.0,0.0,0.0,1
4761,1.3207568849543174,-1.613907593783137,1.6952143274517961,0.9767644117667437,0.6559737935346208,-0.8424435653558547,1.0,0.0,0.0,0.0,0.0,0
4762,1.3213980290732272,-1.259312032444068,-1.4229409581737358,-1.023788323932921,1.3586356504869515,-0.7835817853817482,1.0,0.0,0.0,0.0,0.0,0
4763,1.3220391731921373,1.382394175441594,1.2443188692074671,-1.023788323932921,-1.4520117773223713,0.09934491422984955,0.0,0.0,1.0,0.0,0.0,0
4764,1.322680317311047,0.9102135397903314,-0.3780199537365847,0.9767644117667437,-1.4520117773223713,-1.7253702649674525,1.0,0.0,0.0,0.0,0.0,1
4765,1.3233214614299569,-0.2406170335585298,0.08129273503130989,-1.023788323932921,-1.4520117773223713,1.0411333938155538,1.0,0.0,0.0,0.0,0.0,0
4766,1.3239626055488667,0.08936717062235015,1.4250920010725534,-1.023788323932921,-1.4520117773223713,0.45251559407448866,1.0,0.0,0.0,0.0,0.0,0
4767,1.3246037496677767,-0.4256588884264146,1.6264957510361655,-1.023788323932921,-0.04668806341770988,-1.3133378051487068,0.0,1.0,0.0,0.0,0.0,0
4768,1.3252448937866865,0.872064194539439,-0.8194323499019975,0.9767644117667437,1.3586356504869515,-1.7253702649674525,0.0,0.0,1.0,0.0,0.0,1
4769,1.3258860379055963,1.0239885749705837,-0.989024308912534,-1.023788323932921,-0.7493499203700406,-1.666508484993346,0.0,0.0,0.0,0.0,1.0,0
4770,1.3265271820245061,0.9508321968983032,-1.4441325938542429,-1.023788323932921,-0.7493499203700406,0.9822716138414473,0.0,1.0,0.0,0.0,0.0,0
4771,1.3271683261434162,0.8084762036047408,0.21103352229146305,-1.023788323932921,-0.7493499203700406,0.39365381410038214,0.0,0.0,0.0,1.0,0.0,0
4772,1.327809470262326,-1.004885183686034,-1.6742490487283144,0.9767644117667437,-0.04668806341770988,-0.3715493255630026,0.0,0.0,1.0,0.0,0.0,1
4773,1.3284506143812358,-0.5377591677812383,-0.30448342674523204,-1.023788323932921,1.3586356504869515,-0.19496398564068304,0.0,0.0,1.0,0.0,0.0,0
4774,1.3290917585001456,-0.07619875429834011,-1.4686619946136283,0.9767644117667437,1.3586356504869515,-0.6069964454594287,0.0,0.0,0.0,1.0,0.0,1
4775,1.3297329026190556,-0.5628784247633647,-0.32743075577065117,-1.023788323932921,-0.04668806341770988,0.9822716138414473,0.0,0.0,0.0,1.0,0.0,0
4776,1.3303740467379654,0.921624964711724,-1.5837055915604858,0.9767644117667437,-1.4520117773223713,-0.5481346654853221,0.0,0.0,0.0,1.0,0.0,1
4777,1.3310151908568753,-0.5679165196991541,1.1513454461192625,0.9767644117667437,0.6559737935346208,0.6879627139709147,0.0,0.0,0.0,0.0,1.0,0
4778,1.331656334975785,-1.236836215213958,-0.999725967070019,0.9767644117667437,-1.4520117773223713,0.39365381410038214,1.0,0.0,0.0,0.0,0.0,1
4779,1.332297479094695,-0.3240142178819451,-0.5919549204157363,0.9767644117667437,-0.7493499203700406,0.2759302541521691,0.0,0.0,1.0,0.0,0.0,1
4780,1.332938623213605,1.709028498202923,1.2711312236550547,0.9767644117667437,-1.4520117773223713,0.45251559407448866,1.0,0.0,0.0,0.0,0.0,1
4781,1.3335797673325147,-0.9300660206353834,0.8454349259163155,-1.023788323932921,-0.04668806341770988,1.3354422936860864,1.0,0.0,0.0,0.0,0.0,0
4782,1.3342209114514245,0.42189355654658445,-0.9677446735644751,-1.023788323932921,-0.7493499203700406,-0.9013053453299612,0.0,0.0,0.0,1.0,0.0,0
4783,1.3348620555703345,-0.2052510729215418,-1.47376764971988,-1.023788323932921,0.6559737935346208,1.1588569537637667,0.0,0.0,0.0,0.0,1.0,0
4784,1.3355031996892444,-1.472060655931595,0.7402255331860683,0.9767644117667437,-0.7493499203700406,0.9234098338673408,0.0,1.0,0.0,0.0,0.0,0
4785,1.3361443438081542,-0.013090159131194866,-0.3773773508258547,0.9767644117667437,-1.4520117773223713,0.6879627139709147,0.0,0.0,0.0,0.0,1.0,1
4786,1.336785487927064,0.7369108877911572,0.9135766942644128,0.9767644117667437,1.3586356504869515,-0.018378645718363482,1.0,0.0,0.0,0.0,0.0,1
4787,1.337426632045974,0.0756109277522696,-0.18963019203363174,-1.023788323932921,1.3586356504869515,-1.5487849250451329,0.0,0.0,0.0,0.0,1.0,0
4788,1.3380677761648838,1.331702216305712,-0.53110481591914,0.9767644117667437,1.3586356504869515,0.7468244939450213,0.0,0.0,0.0,1.0,0.0,1
4789,1.3387089202837936,-0.7093731679491252,-0.16930302726925325,0.9767644117667437,-0.7493499203700406,1.27658051371198,0.0,1.0,0.0,0.0,0.0,0
4790,1.3393500644027034,-1.4187749681715307,0.8533204820737654,0.9767644117667437,1.3586356504869515,0.5113773740485952,0.0,0.0,0.0,1.0,0.0,0
4791,1.3399912085216135,1.5573088344534793,1.38177438563452,0.9767644117667437,-0.04668806341770988,-0.9013053453299612,0.0,1.0,0.0,0.0,0.0,1
4792,1.3406323526405233,-0.3969679947893417,-1.549882189168641,-1.023788323932921,0.6559737935346208,-0.4304111055371091,1.0,0.0,0.0,0.0,0.0,0
4793,1.341273496759433,0.2967586784663793,0.0814271850028265,0.9767644117667437,1.3586356504869515,0.6291009339968082,0.0,1.0,0.0,0.0,0.0,0
4794,1.341914640878343,1.0513441709131675,-1.6081119358999159,0.9767644117667437,-0.04668806341770988,-0.9013053453299612,0.0,1.0,0.0,0.0,0.0,1
4795,1.342555784997253,-0.5855558903097251,-0.11013657999711757,0.9767644117667437,-0.04668806341770988,-0.25382576561478953,0.0,1.0,0.0,0.0,0.0,1
4796,1.3431969291161627,0.7859112302944188,1.3235250707339004,0.9767644117667437,-0.7493499203700406,-1.0778906852522807,0.0,0.0,0.0,0.0,1.0,1
4797,1.3438380732350725,-1.2466824660620113,-0.47749690061370215,-1.023788323932921,-0.7493499203700406,-0.7247200054076417,0.0,0.0,0.0,0.0,1.0,0
4798,1.3444792173539823,-0.7011246768251578,1.4857383148252459,0.9767644117667437,0.6559737935346208,-1.43106136509692,1.0,0.0,0.0,0.0,0.0,0
4799,1.3451203614728922,-1.2141614733489954,0.44767892360643047,-1.023788323932921,0.6559737935346208,-0.7247200054076417,0.0,1.0,0.0,0.0,0.0,0
4800,1.3457615055918022,1.1186396470825435,1.4916016848313463,-1.023788323932921,-1.4520117773223713,1.5708894135825124,0.0,0.0,1.0,0.0,0.0,0
4801,1.346402649710712,-0.9413785523751905,0.8829228659939619,0.9767644117667437,0.6559737935346208,1.1588569537637667,1.0,0.0,0.0,0.0,0.0,0
4802,1.3470437938296218,0.7902477560008907,-1.365313608049201,0.9767644117667437,-0.7493499203700406,1.3943040736601928,0.0,1.0,0.0,0.0,0.0,1
4803,1.3476849379485316,1.580873396048454,-0.926087045870476,-1.023788323932921,-0.04668806341770988,-0.3715493255630026,0.0,1.0,0.0,0.0,0.0,0
4804,1.3483260820674416,0.12654333783562918,-0.3654509429383534,0.9767644117667437,-1.4520117773223713,0.45251559407448866,0.0,0.0,0.0,0.0,1.0,1
4805,1.3489672261863515,0.1694424368240092,-1.1360240729390454,0.9767644117667437,0.6559737935346208,-0.13610220566657652,1.0,0.0,0.0,0.0,0.0,1
4806,1.3496083703052613,-0.10704004239455162,-0.018993807879234815,-1.023788323932921,-0.04668806341770988,-0.9013053453299612,0.0,1.0,0.0,0.0,0.0,0
4807,1.350249514424171,-0.5800382560076981,-0.09996167354638616,-1.023788323932921,-0.7493499203700406,-0.6658582254335351,0.0,1.0,0.0,0.0,0.0,0
4808,1.350890658543081,-0.05586533069273744,1.5676186649543926,-1.023788323932921,1.3586356504869515,-1.4899231450710264,1.0,0.0,0.0,0.0,0.0,0
4809,1.351531802661991,0.389164874237974,-0.22940968018556168,-1.023788323932921,-1.4520117773223713,-1.5487849250451329,0.0,0.0,1.0,0.0,0.0,1
4810,1.3521729467809007,1.7302983164040406,0.9807997714845471,-1.023788323932921,-0.04668806341770988,-0.7835817853817482,1.0,0.0,0.0,0.0,0.0,0
4811,1.3528140908998105,1.5615051177927555,1.5182724617221661,-1.023788323932921,-0.7493499203700406,1.3354422936860864,1.0,0.0,0.0,0.0,0.0,0
4812,1.3534552350187206,1.296866625083313,1.2950013262427835,0.9767644117667437,-0.7493499203700406,-1.1956142452004939,0.0,0.0,1.0,0.0,0.0,1
4813,1.3540963791376304,1.3912873928808904,-1.003410495006693,0.9767644117667437,-1.4520117773223713,-1.0778906852522807,1.0,0.0,0.0,0.0,0.0,1
4814,1.3547375232565402,-0.08318557948891873,-0.015147918016104968,0.9767644117667437,-1.4520117773223713,-1.4899231450710264,0.0,1.0,0.0,0.0,0.0,1
4815,1.35537866737545,0.5803921311088308,-0.5251298593372761,0.9767644117667437,0.6559737935346208,-1.3721995851228133,1.0,0.0,0.0,0.0,0.0,1
4816,1.35601981149436,1.4120638824677925,-0.3458886139200066,0.9767644117667437,0.6559737935346208,0.8056862739191277,0.0,0.0,1.0,0.0,0.0,1
4817,1.3566609556132698,-0.34532795257311627,-0.4801912160731478,0.9767644117667437,-1.4520117773223713,-0.4304111055371091,0.0,0.0,0.0,1.0,0.0,1
4818,1.3573020997321796,1.6454971644288914,1.1208818791497859,0.9767644117667437,-1.4520117773223713,-1.666508484993346,1.0,0.0,0.0,0.0,0.0,1
4819,1.3579432438510894,-0.26540505030256384,-0.16609213844186876,0.9767644117667437,-0.04668806341770988,-0.018378645718363482,0.0,0.0,0.0,0.0,1.0,1
4820,1.3585843879699995,0.3831278883343485,0.07999236885828177,0.9767644117667437,0.6559737935346208,1.27658051371198,0.0,1.0,0.0,0.0,0.0,0
4821,1.3592255320889093,0.7636520206757823,1.6576819065298514,-1.023788323932921,-0.7493499203700406,1.0999951737896603,0.0,1.0,0.0,0.0,0.0,0
4822,1.359866676207819,1.6064008478357494,-1.5147620178223895,-1.023788323932921,0.6559737935346208,0.8645480538932343,0.0,0.0,0.0,0.0,1.0,0
4823,1.360507820326729,-0.8644945297483579,-0.04290906774773004,0.9767644117667437,0.6559737935346208,0.39365381410038214,0.0,0.0,0.0,0.0,1.0,0
4824,1.361148964445639,0.8907929339232884,0.9410264466409675,0.9767644117667437,-1.4520117773223713,-1.4899231450710264,1.0,0.0,0.0,0.0,0.0,1
4825,1.3617901085645487,0.10219535180959027,-1.2011772305051396,-1.023788323932921,-1.4520117773223713,-0.6069964454594287,0.0,0.0,0.0,0.0,1.0,1
4826,1.3624312526834585,-0.7807021651255106,0.382071968047174,-1.023788323932921,0.6559737935346208,-0.25382576561478953,0.0,0.0,0.0,1.0,0.0,0
4827,1.3630723968023684,0.9974575985689506,-0.897496535549817,-1.023788323932921,1.3586356504869515,0.8056862739191277,0.0,0.0,1.0,0.0,0.0,0
4828,1.3637135409212784,0.21211790412089707,1.2620386903641303,0.9767644117667437,1.3586356504869515,0.8056862739191277,0.0,0.0,0.0,0.0,1.0,0
4829,1.3643546850401882,0.5927452597273297,-0.5961129258727442,-1.023788323932921,0.6559737935346208,0.5113773740485952,0.0,0.0,0.0,0.0,1.0,0
4830,1.364995829159098,-0.5904999344156321,-0.5893614857376992,-1.023788323932921,1.3586356504869515,-1.43106136509692,0.0,0.0,0.0,1.0,0.0,0
4831,1.3656369732780078,-0.036199264398925325,0.3362024609163026,-1.023788323932921,0.6559737935346208,-0.07724042569247,0.0,1.0,0.0,0.0,0.0,0
4832,1.3662781173969178,0.44007798365615736,-1.0897476879100683,0.9767644117667437,-1.4520117773223713,-1.1956142452004939,0.0,1.0,0.0,0.0,0.0,1
4833,1.3669192615158277,-0.3034681139917365,-0.741280131925304,-1.023788323932921,-1.4520117773223713,1.2177187337378734,1.0,0.0,0.0,0.0,0.0,0
4834,1.3675604056347375,-1.0263463084600564,-0.2882043487523739,0.9767644117667437,-1.4520117773223713,-0.8424435653558547,0.0,0.0,0.0,1.0,0.0,1
4835,1.3682015497536473,1.6450702167288453,-0.5048458722306632,-1.023788323932921,-0.7493499203700406,0.21706847417806258,0.0,0.0,1.0,0.0,0.0,0
4836,1.368842693872557,0.06947745142749523,0.08406041067670329,-1.023788323932921,-1.4520117773223713,0.040483134255743035,0.0,0.0,1.0,0.0,0.0,0
4837,1.3694838379914671,0.848056146983274,0.3411762875839419,0.9767644117667437,-1.4520117773223713,0.3347920341262756,0.0,0.0,0.0,1.0,0.0,1
4838,1.370124982110377,-0.2819909578016688,0.22778048258131203,-1.023788323932921,0.6559737935346208,0.6291009339968082,0.0,0.0,1.0,0.0,0.0,0
4839,1.3707661262292867,-0.4776934001451146,0.528703160191528,-1.023788323932921,1.3586356504869515,1.629751193556619,0.0,1.0,0.0,0.0,0.0,0
4840,1.3714072703481965,-0.29558098221264595,-0.6626596855700472,-1.023788323932921,1.3586356504869515,-1.4899231450710264,0.0,0.0,1.0,0.0,0.0,0
4841,1.3720484144671066,-0.28846783033558193,-1.286245452288627,0.9767644117667437,-1.4520117773223713,0.15820669420395606,0.0,0.0,1.0,0.0,0.0,1
4842,1.3726895585860164,0.18397055382549232,0.8954442768609383,0.9767644117667437,-1.4520117773223713,0.7468244939450213,0.0,0.0,0.0,1.0,0.0,1
4843,1.3733307027049262,0.18148471279163836,1.204868308007869,0.9767644117667437,-1.4520117773223713,-0.6658582254335351,0.0,0.0,0.0,1.0,0.0,1
4844,1.373971846823836,0.019379816470178616,-0.8371700311234205,-1.023788323932921,0.6559737935346208,0.09934491422984955,0.0,0.0,1.0,0.0,0.0,0
4845,1.374612990942746,-1.2488981755398574,-0.32101283192230473,0.9767644117667437,0.6559737935346208,1.5708894135825124,0.0,0.0,0.0,0.0,1.0,0
4846,1.3752541350616558,0.015605665736350024,-0.006414977510520459,-1.023788323932921,0.6559737935346208,-0.4304111055371091,0.0,0.0,0.0,1.0,0.0,0
4847,1.3758952791805656,-1.1287857293507626,0.11311936798143964,-1.023788323932921,1.3586356504869515,-1.6076467050192393,1.0,0.0,0.0,0.0,0.0,0
4848,1.3765364232994755,-1.2791729292303435,0.547005473118829,-1.023788323932921,-0.7493499203700406,-1.7253702649674525,1.0,0.0,0.0,0.0,0.0,0
4849,1.3771775674183855,1.5435893137777559,-1.577958732935494,-1.023788323932921,1.3586356504869515,0.3347920341262756,0.0,1.0,0.0,0.0,0.0,0
4850,1.3778187115372953,0.39666349750880986,0.7601835813594647,-1.023788323932921,0.6559737935346208,0.6291009339968082,0.0,0.0,1.0,0.0,0.0,0
4851,1.378459855656205,0.5875521323122839,-1.5079122774026281,-1.023788323932921,-0.04668806341770988,-0.13610220566657652,0.0,0.0,0.0,0.0,1.0,0
4852,1.379100999775115,-0.31437803074689974,-0.11055263109961345,-1.023788323932921,-0.7493499203700406,1.0411333938155538,0.0,1.0,0.0,0.0,0.0,0
4853,1.379742143894025,1.4607630854458111,1.1253936989236404,-1.023788323932921,-1.4520117773223713,0.5113773740485952,0.0,0.0,1.0,0.0,0.0,0
4854,1.3803832880129348,0.5120942442919122,-0.16926896292928603,0.9767644117667437,1.3586356504869515,-1.4899231450710264,0.0,0.0,0.0,1.0,0.0,1
4855,1.3810244321318446,0.9714284102349254,-1.2083037298305082,0.9767644117667437,-0.7493499203700406,-1.0190289052781742,1.0,0.0,0.0,0.0,0.0,1
4856,1.3816655762507544,-0.43068630758832827,1.6665770522213788,-1.023788323932921,-0.04668806341770988,-1.1367524652263874,0.0,0.0,0.0,0.0,1.0,0
4857,1.3823067203696644,1.6393701219588002,1.3372904560940186,0.9767644117667437,-0.7493499203700406,0.9234098338673408,1.0,0.0,0.0,0.0,0.0,0
4858,1.3829478644885742,1.1509469505339724,0.9315755941688764,0.9767644117667437,1.3586356504869515,-0.4892728855112156,0.0,0.0,0.0,1.0,0.0,1
4859,1.383589008607484,1.2681511206563685,-0.30581330178997623,0.9767644117667437,0.6559737935346208,1.0999951737896603,0.0,0.0,1.0,0.0,0.0,1
4860,1.3842301527263938,-1.117969531107878,-1.0887750508060088,-1.023788323932921,-1.4520117773223713,-0.4304111055371091,0.0,0.0,0.0,1.0,0.0,0
4861,1.3848712968453039,-0.7722809969195993,1.5165551096370309,0.9767644117667437,0.6559737935346208,-1.0778906852522807,0.0,0.0,0.0,1.0,0.0,0
4862,1.3855124409642137,-0.720959534939949,0.10976379926858583,-1.023788323932921,0.6559737935346208,1.3354422936860864,1.0,0.0,0.0,0.0,0.0,0
4863,1.3861535850831235,-0.7724699415977089,1.2102851304887619,0.9767644117667437,1.3586356504869515,1.4531658536342995,0.0,0.0,0.0,0.0,1.0,0
4864,1.3867947292020333,1.2732600267194885,-0.5445427120110348,0.9767644117667437,0.6559737935346208,1.3354422936860864,0.0,0.0,0.0,1.0,0.0,1
4865,1.3874358733209433,-1.6090487667939457,-0.5679514765007699,0.9767644117667437,0.6559737935346208,-0.5481346654853221,1.0,0.0,0.0,0.0,0.0,1
4866,1.3880770174398531,-1.4542968229640356,1.668319414123591,-1.023788323932921,1.3586356504869515,-0.6658582254335351,0.0,0.0,0.0,0.0,1.0,0
4867,1.388718161558763,-0.7619502596669196,0.07359126033148122,-1.023788323932921,1.3586356504869515,-1.4899231450710264,0.0,0.0,1.0,0.0,0.0,0
4868,1.3893593056776727,-1.0210948285421788,-1.2371725064191437,-1.023788323932921,-0.04668806341770988,-0.3715493255630026,0.0,0.0,1.0,0.0,0.0,0
4869,1.3900004497965828,-0.9091424842086862,-0.9655563290785593,-1.023788323932921,0.6559737935346208,-0.018378645718363482,0.0,1.0,0.0,0.0,0.0,0
4870,1.3906415939154926,1.0721342260129836,-0.06358951076018537,-1.023788323932921,-0.7493499203700406,-1.3133378051487068,1.0,0.0,0.0,0.0,0.0,0
4871,1.3912827380344024,0.25028269771463946,-1.5749747196190858,-1.023788323932921,-1.4520117773223713,-1.666508484993346,0.0,0.0,0.0,0.0,1.0,1
4872,1.3919238821533122,-1.7004475064602167,-0.13034311484349692,-1.023788323932921,-1.4520117773223713,1.6886129735307256,0.0,0.0,0.0,1.0,0.0,0
4873,1.392565026272222,-0.21802696548943112,-0.2802635347151068,-1.023788323932921,1.3586356504869515,1.0999951737896603,0.0,0.0,1.0,0.0,0.0,0
4874,1.393206170391132,-0.29305880298938897,0.9591660884778574,-1.023788323932921,1.3586356504869515,0.21706847417806258,0.0,0.0,0.0,0.0,1.0,0
4875,1.3938473145100418,-1.3218393978822283,-0.500360959993901,0.9767644117667437,-0.04668806341770988,1.6886129735307256,1.0,0.0,0.0,0.0,0.0,0
4876,1.3944884586289517,0.6458327241085152,1.6580306449539688,0.9767644117667437,0.6559737935346208,-0.4304111055371091,0.0,1.0,0.0,0.0,0.0,1
4877,1.3951296027478615,0.7366758987246633,-1.0993530071130904,-1.023788323932921,1.3586356504869515,-1.6076467050192393,0.0,0.0,1.0,0.0,0.0,0
4878,1.3957707468667715,0.8024614813427021,0.31141632710426664,0.9767644117667437,1.3586356504869515,1.512027633608406,0.0,0.0,0.0,0.0,1.0,0
4879,1.3964118909856813,0.8289833125651002,-1.4125523980974726,0.9767644117667437,-1.4520117773223713,1.27658051371198,0.0,0.0,0.0,0.0,1.0,1
4880,1.3970530351045911,-1.7204597670955646,0.8027831577446796,-1.023788323932921,0.6559737935346208,1.629751193556619,0.0,0.0,0.0,0.0,1.0,0
4881,1.397694179223501,1.6180515226023482,1.7000043951885142,-1.023788323932921,-0.04668806341770988,1.629751193556619,1.0,0.0,0.0,0.0,0.0,0
4882,1.398335323342411,1.1290632942253052,1.0960497342865205,0.9767644117667437,1.3586356504869515,-0.3715493255630026,1.0,0.0,0.0,0.0,0.0,1
4883,1.3989764674613208,1.4432660413707619,0.19007468023459723,-1.023788323932921,1.3586356504869515,-0.7247200054076417,1.0,0.0,0.0,0.0,0.0,0
4884,1.3996176115802306,-1.6658935630277414,-0.053970128502050733,0.9767644117667437,1.3586356504869515,0.9822716138414473,0.0,0.0,0.0,1.0,0.0,0
4885,1.4002587556991404,1.547835054467776,1.1507013082145798,-1.023788323932921,-1.4520117773223713,0.39365381410038214,0.0,0.0,0.0,0.0,1.0,0
4886,1.4008998998180504,1.1135925833438607,1.497856485045153,0.9767644117667437,1.3586356504869515,1.3943040736601928,0.0,0.0,1.0,0.0,0.0,0
4887,1.4015410439369602,1.2095989674998333,1.6809272460596163,-1.023788323932921,1.3586356504869515,1.0999951737896603,1.0,0.0,0.0,0.0,0.0,0
4888,1.40218218805587,-1.3941414176970544,-0.3573045370354874,0.9767644117667437,-1.4520117773223713,0.040483134255743035,1.0,0.0,0.0,0.0,0.0,1
4889,1.4028233321747798,0.8650578165782729,1.6868113409542564,0.9767644117667437,1.3586356504869515,-0.9601671253040678,0.0,0.0,0.0,0.0,1.0,1
4890,1.4034644762936899,1.6390369554966684,-1.184792430037135,0.9767644117667437,0.6559737935346208,-1.7253702649674525,1.0,0.0,0.0,0.0,0.0,1
4891,1.4041056204125997,0.6542520918102257,-0.8490570697523786,0.9767644117667437,0.6559737935346208,-0.9601671253040678,0.0,0.0,0.0,1.0,0.0,1
4892,1.4047467645315095,0.27630432771810076,-1.414901883967668,-1.023788323932921,-1.4520117773223713,0.6291009339968082,0.0,0.0,0.0,1.0,0.0,0
4893,1.4053879086504193,1.5890328127268958,-0.7865044889043779,0.9767644117667437,0.6559737935346208,-1.4899231450710264,1.0,0.0,0.0,0.0,0.0,1
4894,1.4060290527693293,-0.17037709946084995,0.9199649707141573,-1.023788323932921,-0.04668806341770988,0.040483134255743035,0.0,0.0,0.0,0.0,1.0,0
4895,1.4066701968882391,0.37686609149174294,1.212241616973393,0.9767644117667437,1.3586356504869515,0.040483134255743035,0.0,0.0,0.0,0.0,1.0,1
4896,1.407311341007149,-0.05347393077457238,0.9576404419162281,-1.023788323932921,-0.04668806341770988,-0.018378645718363482,0.0,0.0,0.0,0.0,1.0,0
4897,1.4079524851260588,1.5442910722471679,0.44925163848461097,0.9767644117667437,0.6559737935346208,0.3347920341262756,0.0,1.0,0.0,0.0,0.0,0
4898,1.4085936292449688,-1.4543502402913888,0.04653759347792789,-1.023788323932921,-1.4520117773223713,-1.7253702649674525,1.0,0.0,0.0,0.0,0.0,0
4899,1.4092347733638786,0.03326030305169736,0.7162568896224275,0.9767644117667437,-1.4520117773223713,-1.6076467050192393,0.0,0.0,0.0,0.0,1.0,1
4900,1.4098759174827884,0.683669707047259,-0.3769268358939813,0.9767644117667437,-0.04668806341770988,-0.6069964454594287,0.0,0.0,0.0,1.0,0.0,1
4901,1.4105170616016982,1.0510061166317874,1.1722932107160655,-1.023788323932921,0.6559737935346208,0.7468244939450213,0.0,0.0,1.0,0.0,0.0,0
4902,1.4111582057206082,0.3199043298127721,0.6078769696540476,0.9767644117667437,1.3586356504869515,1.0411333938155538,0.0,0.0,1.0,0.0,0.0,0
4903,1.411799349839518,1.4605420699317972,0.6787722970139073,0.9767644117667437,0.6559737935346208,0.7468244939450213,0.0,0.0,0.0,0.0,1.0,0
4904,1.4124404939584279,1.576299106268861,0.12209245159742875,0.9767644117667437,0.6559737935346208,-0.5481346654853221,0.0,0.0,1.0,0.0,0.0,1
4905,1.4130816380773377,-1.495529174330992,1.32333989372519,0.9767644117667437,-1.4520117773223713,-0.018378645718363482,0.0,0.0,1.0,0.0,0.0,1
4906,1.4137227821962477,-0.31235900462354405,-0.854336206828933,-1.023788323932921,-0.7493499203700406,0.6879627139709147,0.0,1.0,0.0,0.0,0.0,0
4907,1.4143639263151575,-1.6385387387743884,-0.4102374318093428,0.9767644117667437,1.3586356504869515,0.8056862739191277,0.0,0.0,0.0,1.0,0.0,0
4908,1.4150050704340673,-0.5676955555259572,0.9533413292946008,-1.023788323932921,1.3586356504869515,-0.018378645718363482,0.0,0.0,0.0,1.0,0.0,0
4909,1.4156462145529771,0.15837911505485608,-0.026431541521171716,-1.023788323932921,-1.4520117773223713,-1.4899231450710264,0.0,1.0,0.0,0.0,0.0,1
4910,1.416287358671887,1.4671121698853886,1.3370447382859483,-1.023788323932921,0.6559737935346208,-1.1956142452004939,0.0,1.0,0.0,0.0,0.0,0
4911,1.416928502790797,1.2422718351594686,-0.5297398206884444,-1.023788323932921,-1.4520117773223713,-0.3715493255630026,0.0,0.0,1.0,0.0,0.0,1
4912,1.4175696469097068,-1.2743991759912245,-0.4508787370750745,0.9767644117667437,0.6559737935346208,0.8645480538932343,1.0,0.0,0.0,0.0,0.0,0
4913,1.4182107910286166,-1.395040945455762,1.3354000863274025,0.9767644117667437,-0.7493499203700406,1.2177187337378734,0.0,0.0,1.0,0.0,0.0,0
4914,1.4188519351475264,0.34177457495948865,-0.12402780780269516,-1.023788323932921,-0.7493499203700406,0.5113773740485952,0.0,1.0,0.0,0.0,0.0,0
4915,1.4194930792664364,0.14175338837793588,0.053959380205758835,0.9767644117667437,-0.04668806341770988,1.0411333938155538,0.0,0.0,0.0,1.0,0.0,0
4916,1.4201342233853462,-0.7883303514467459,-0.5766337903878176,0.9767644117667437,0.6559737935346208,-1.43106136509692,0.0,0.0,1.0,0.0,0.0,1
4917,1.420775367504256,1.4274160256737065,-0.7695449086868368,-1.023788323932921,-1.4520117773223713,-1.1956142452004939,1.0,0.0,0.0,0.0,0.0,0
4918,1.4214165116231658,1.525111883583594,0.5348260988558609,-1.023788323932921,-1.4520117773223713,1.6886129735307256,0.0,0.0,1.0,0.0,0.0,1
4919,1.4220576557420759,-0.31151586555305016,-1.3088937562928475,-1.023788323932921,-1.4520117773223713,0.6879627139709147,0.0,0.0,0.0,0.0,1.0,0
4920,1.4226987998609857,1.3953894350914304,1.302855538156042,0.9767644117667437,-0.04668806341770988,1.629751193556619,0.0,0.0,1.0,0.0,0.0,0
4921,1.4233399439798955,-0.3768342488137283,0.9587082483851417,-1.023788323932921,1.3586356504869515,0.7468244939450213,0.0,1.0,0.0,0.0,0.0,1
4922,1.4239810880988053,0.8581936815186316,-1.065036656659215,-1.023788323932921,-1.4520117773223713,1.3943040736601928,0.0,0.0,0.0,1.0,0.0,0
4923,1.4246222322177153,-0.054860185530413365,0.6657562200246422,0.9767644117667437,-0.7493499203700406,-1.1956142452004939,0.0,0.0,0.0,1.0,0.0,1
4924,1.4252633763366251,-1.2916070343102366,0.35146869558572846,0.9767644117667437,-1.4520117773223713,-0.31268754558889605,0.0,1.0,0.0,0.0,0.0,0
4925,1.425904520455535,1.5270991389464688,-1.0864044091682903,0.9767644117667437,-1.4520117773223713,-0.9601671253040678,0.0,0.0,0.0,0.0,1.0,1
4926,1.4265456645744448,-0.13131926025329987,-0.7814662688039684,0.9767644117667437,-1.4520117773223713,0.9822716138414473,0.0,1.0,0.0,0.0,0.0,1
4927,1.4271868086933548,0.850039476284788,-0.31449732635093264,0.9767644117667437,1.3586356504869515,0.5113773740485952,0.0,0.0,1.0,0.0,0.0,1
4928,1.4278279528122646,-0.435546559908195,0.6837178241587589,0.9767644117667437,-1.4520117773223713,-1.0190289052781742,0.0,1.0,0.0,0.0,0.0,1
4929,1.4284690969311744,-1.6545621119718081,0.47558686268062206,0.9767644117667437,1.3586356504869515,-1.1367524652263874,0.0,1.0,0.0,0.0,0.0,1
4930,1.4291102410500842,-1.3687912110074343,0.10936390673360934,0.9767644117667437,1.3586356504869515,0.5113773740485952,0.0,0.0,0.0,0.0,1.0,0
4931,1.4297513851689942,0.016109665179095015,0.9215916275302182,-1.023788323932921,-0.04668806341770988,-1.1367524652263874,0.0,0.0,1.0,0.0,0.0,1
4932,1.430392529287904,0.6942113280556725,0.8855747913871294,0.9767644117667437,-0.7493499203700406,0.9234098338673408,1.0,0.0,0.0,0.0,0.0,1
4933,1.4310336734068139,-0.5490803617923834,0.4038329675383217,-1.023788323932921,-1.4520117773223713,1.0999951737896603,1.0,0.0,0.0,0.0,0.0,0
4934,1.4316748175257237,0.7135455310166792,0.9854882008827346,0.9767644117667437,-1.4520117773223713,-0.8424435653558547,0.0,0.0,0.0,1.0,0.0,1
4935,1.4323159616446337,0.724560399047092,-0.5714763377145703,0.9767644117667437,-1.4520117773223713,0.15820669420395606,0.0,1.0,0.0,0.0,0.0,0
4936,1.4329571057635435,0.7431113637116222,1.3096542162874836,-1.023788323932921,1.3586356504869515,0.6291009339968082,0.0,0.0,0.0,1.0,0.0,1
4937,1.4335982498824533,0.0031680792641845725,0.39369087824706817,0.9767644117667437,0.6559737935346208,0.6291009339968082,0.0,0.0,0.0,0.0,1.0,0
4938,1.4342393940013631,1.4814313243096653,1.107140349380777,-1.023788323932921,-0.7493499203700406,0.09934491422984955,1.0,0.0,0.0,0.0,0.0,1
4939,1.4348805381202732,-0.008470504040743003,0.15766326676947767,0.9767644117667437,-1.4520117773223713,1.6886129735307256,0.0,1.0,0.0,0.0,0.0,1
4940,1.435521682239183,-0.14472905287376656,-0.9698085242951052,-1.023788323932921,0.6559737935346208,-1.1956142452004939,0.0,0.0,0.0,0.0,1.0,0
4941,1.4361628263580928,-1.0228173595383372,0.1443575384072639,-1.023788323932921,0.6559737935346208,1.2177187337378734,0.0,0.0,0.0,0.0,1.0,0
4942,1.4368039704770026,-0.6438604430631322,-0.4447520287962679,0.9767644117667437,0.6559737935346208,-0.9013053453299612,0.0,1.0,0.0,0.0,0.0,0
4943,1.4374451145959126,-1.5724751179382124,0.677721098580565,-1.023788323932921,-0.7493499203700406,-0.8424435653558547,0.0,0.0,0.0,0.0,1.0,0
4944,1.4380862587148224,0.49671118112207036,-0.08474154574406612,-1.023788323932921,0.6559737935346208,0.7468244939450213,0.0,1.0,0.0,0.0,0.0,0
4945,1.4387274028337322,-0.850776494607826,1.1544252969891031,0.9767644117667437,-1.4520117773223713,-0.19496398564068304,0.0,1.0,0.0,0.0,0.0,1
4946,1.439368546952642,-0.6561097604049894,0.610911679216045,0.9767644117667437,-1.4520117773223713,1.512027633608406,0.0,0.0,1.0,0.0,0.0,1
4947,1.4400096910715519,0.9771846468131015,0.6331691490087952,-1.023788323932921,-0.04668806341770988,1.5708894135825124,0.0,0.0,0.0,1.0,0.0,0
4948,1.4406508351904619,-0.575379653979513,-0.9742205628825745,0.9767644117667437,1.3586356504869515,1.0999951737896603,0.0,0.0,0.0,0.0,1.0,0
4949,1.4412919793093717,-0.8729657993145467,1.6638805414575764,-1.023788323932921,0.6559737935346208,1.2177187337378734,0.0,0.0,0.0,0.0,1.0,0
4950,1.4419331234282815,-1.1289472575666493,1.1735548648895961,-1.023788323932921,1.3586356504869515,0.8645480538932343,0.0,0.0,1.0,0.0,0.0,1
4951,1.4425742675471913,0.9913381157302409,0.992417268515644,-1.023788323932921,1.3586356504869515,0.09934491422984955,0.0,0.0,1.0,0.0,0.0,1
4952,1.4432154116661013,-1.2666763779786716,-0.5853982585648216,0.9767644117667437,1.3586356504869515,-1.43106136509692,0.0,0.0,1.0,0.0,0.0,0
4953,1.4438565557850112,-0.13251916662743507,0.12104580023473377,0.9767644117667437,1.3586356504869515,0.9822716138414473,1.0,0.0,0.0,0.0,0.0,1
4954,1.444497699903921,0.0535965942215409,-1.2495265019476132,-1.023788323932921,1.3586356504869515,1.0411333938155538,1.0,0.0,0.0,0.0,0.0,0
4955,1.4451388440228308,0.68520084438517,0.13082766473002821,-1.023788323932921,-1.4520117773223713,0.3347920341262756,1.0,0.0,0.0,0.0,0.0,1
4956,1.4457799881417408,0.4958298486608719,-1.219310521496789,-1.023788323932921,-0.7493499203700406,-1.3133378051487068,0.0,1.0,0.0,0.0,0.0,0
4957,1.4464211322606506,1.116855062220573,0.18090712903546913,0.9767644117667437,0.6559737935346208,-0.31268754558889605,0.0,0.0,0.0,0.0,1.0,0
4958,1.4470622763795604,-1.564015890485132,0.5099724313192339,-1.023788323932921,0.6559737935346208,-1.3721995851228133,0.0,0.0,0.0,1.0,0.0,1
4959,1.4477034204984702,-0.6831103990067067,-0.379119533105222,0.9767644117667437,-1.4520117773223713,1.6886129735307256,0.0,1.0,0.0,0.0,0.0,1
4960,1.4483445646173803,-0.7401830647829181,-0.006498680076836042,-1.023788323932921,-1.4520117773223713,-0.7835817853817482,0.0,0.0,0.0,0.0,1.0,0
4961,1.44898570873629,-1.2095895667220675,1.2904086264507244,-1.023788323932921,1.3586356504869515,1.0411333938155538,0.0,0.0,0.0,0.0,1.0,0
4962,1.4496268528551999,-0.708528844487826,-1.347678068035564,-1.023788323932921,-0.7493499203700406,-0.018378645718363482,0.0,0.0,1.0,0.0,0.0,1
4963,1.4502679969741097,-0.6364747082221683,1.0017991148253838,-1.023788323932921,0.6559737935346208,-1.666508484993346,0.0,0.0,1.0,0.0,0.0,0
4964,1.4509091410930197,0.10593638721125646,-1.1337966858159603,0.9767644117667437,-0.04668806341770988,-0.7835817853817482,0.0,1.0,0.0,0.0,0.0,0
4965,1.4515502852119295,0.6023024874625136,-1.5947939038456718,0.9767644117667437,-1.4520117773223713,1.5708894135825124,0.0,0.0,1.0,0.0,0.0,0
4966,1.4521914293308393,-0.3868035015734349,-1.0828293039616699,0.9767644117667437,-0.04668806341770988,-1.5487849250451329,0.0,0.0,0.0,0.0,1.0,0
4967,1.4528325734497491,0.7974810639832955,0.9100110219821583,0.9767644117667437,0.6559737935346208,-0.25382576561478953,0.0,0.0,1.0,0.0,0.0,0
4968,1.4534737175686592,-0.5440753597135303,-0.32777366529352453,0.9767644117667437,-1.4520117773223713,-0.9601671253040678,1.0,0.0,0.0,0.0,0.0,0
4969,1.454114861687569,-0.7046598932442516,1.2796344249487752,-1.023788323932921,0.6559737935346208,-1.3133378051487068,0.0,0.0,1.0,0.0,0.0,1
4970,1.4547560058064788,0.17349842705874283,0.08347687806883151,0.9767644117667437,-1.4520117773223713,-1.4899231450710264,0.0,0.0,0.0,0.0,1.0,1
4971,1.4553971499253886,-1.6376380609123828,-1.6445148903961866,0.9767644117667437,0.6559737935346208,-1.4899231450710264,0.0,1.0,0.0,0.0,0.0,0
4972,1.4560382940442986,-1.4413849546687485,0.7438016038744866,0.9767644117667437,-0.04668806341770988,-1.4899231450710264,0.0,0.0,0.0,1.0,0.0,0
4973,1.4566794381632084,-0.25776292594896116,-1.341935611681447,0.9767644117667437,-0.7493499203700406,-0.19496398564068304,0.0,0.0,1.0,0.0,0.0,1
4974,1.4573205822821182,1.5795235063271589,0.993706060935005,-1.023788323932921,-1.4520117773223713,-1.4899231450710264,0.0,0.0,0.0,0.0,1.0,0
4975,1.457961726401028,0.8046264268437412,-1.1429171369230924,-1.023788323932921,-0.04668806341770988,-1.6076467050192393,0.0,0.0,0.0,1.0,0.0,1
4976,1.458602870519938,-1.4122041268955101,-0.5330170392642414,-1.023788323932921,0.6559737935346208,0.45251559407448866,0.0,0.0,0.0,1.0,0.0,1
4977,1.459244014638848,1.2414447578607657,0.8970396266705342,0.9767644117667437,-0.04668806341770988,-0.018378645718363482,1.0,0.0,0.0,0.0,0.0,0
4978,1.4598851587577577,0.842387593319949,1.560644753833712,-1.023788323932921,-1.4520117773223713,-1.7253702649674525,0.0,0.0,0.0,1.0,0.0,0
4979,1.4605263028766675,0.41765112404416294,-0.44364365763430264,-1.023788323932921,-0.04668806341770988,-1.3133378051487068,0.0,0.0,0.0,0.0,1.0,0
4980,1.4611674469955775,1.150357801811311,1.1313401637589784,0.9767644117667437,0.6559737935346208,-1.0190289052781742,0.0,0.0,0.0,0.0,1.0,1
4981,1.4618085911144874,-0.3062714744749468,-1.0648853309382467,0.9767644117667437,1.3586356504869515,-0.6069964454594287,0.0,0.0,1.0,0.0,0.0,1
4982,1.4624497352333972,-0.9453971656261457,1.0549222011813013,0.9767644117667437,-0.7493499203700406,-1.43106136509692,0.0,0.0,1.0,0.0,0.0,0
4983,1.463090879352307,0.07142290764113779,0.5401406796849764,-1.023788323932921,-0.7493499203700406,1.1588569537637667,0.0,0.0,1.0,0.0,0.0,0
4984,1.4637320234712168,0.20028616246500974,-1.0581748494661798,0.9767644117667437,1.3586356504869515,1.1588569537637667,0.0,0.0,0.0,1.0,0.0,0
4985,1.4643731675901268,0.1634826134845886,-0.6806995867316111,-1.023788323932921,-1.4520117773223713,1.0411333938155538,0.0,0.0,0.0,1.0,0.0,1
4986,1.4650143117090366,0.257097834912173,-1.2678647202093456,-1.023788323932921,-0.04668806341770988,-1.3133378051487068,1.0,0.0,0.0,0.0,0.0,0
4987,1.4656554558279464,1.599796068589857,-0.40398051041911076,-1.023788323932921,-0.04668806341770988,-0.018378645718363482,0.0,0.0,1.0,0.0,0.0,1
4988,1.4662965999468562,1.437189832611711,-1.0206711933637276,-1.023788323932921,1.3586356504869515,1.0999951737896603,0.0,1.0,0.0,0.0,0.0,0
4989,1.4669377440657663,1.3443405203400374,0.49372645788388453,-1.023788323932921,1.3586356504869515,0.5702391540227016,1.0,0.0,0.0,0.0,0.0,0
4990,1.467578888184676,1.0842918048321846,1.6991494948290005,0.9767644117667437,0.6559737935346208,-0.9013053453299612,0.0,1.0,0.0,0.0,0.0,1
4991,1.4682200323035859,1.5813273774960037,-1.6797351845760615,-1.023788323932921,0.6559737935346208,1.629751193556619,0.0,0.0,0.0,1.0,0.0,1
4992,1.4688611764224957,-1.3759161637190465,0.13923222070229552,-1.023788323932921,-0.7493499203700406,-1.1956142452004939,1.0,0.0,0.0,0.0,0.0,1
4993,1.4695023205414057,-0.7927206463727281,0.2518511161185045,-1.023788323932921,-1.4520117773223713,0.15820669420395606,1.0,0.0,0.0,0.0,0.0,1
4994,1.4701434646603155,0.012037329238232381,1.423003837985616,-1.023788323932921,-1.4520117773223713,-1.2544760251746003,0.0,0.0,0.0,0.0,1.0,1
4995,1.4707846087792253,1.2422024330160604,0.019158445715066277,-1.023788323932921,1.3586356504869515,1.0999951737896603,0.0,0.0,0.0,1.0,0.0,1
4996,1.4714257528981352,0.047421227538490804,0.1487983946806062,0.9767644117667437,-0.7493499203700406,1.27658051371198,0.0,0.0,0.0,1.0,0.0,0
4997,1.4720668970170452,0.8974560446355628,-0.0989827537284856,-1.023788323932921,-0.7493499203700406,1.5708894135825124,1.0,0.0,0.0,0.0,0.0,1
4998,1.472708041135955,-1.2342888709102218,-0.7962515777663808,-1.023788323932921,0.6559737935346208,0.15820669420395606,0.0,0.0,0.0,1.0,0.0,0
4999,1.4733491852548648,-0.8372033612002494,-1.5283468718618323,-1.023788323932921,-0.04668806341770988,-1.2544760251746003,1.0,0.0,0.0,0.0,0.0,0
5000,1.4739903293737746,0.8405512434707402,-0.31562817072715604,-1.023788323932921,-1.4520117773223713,-0.9601671253040678,0.0,0.0,0.0,0.0,1.0,0
5001,1.4746314734926846,-1.1440802277200504,-1.540169275401907,0.9767644117667437,-0.7493499203700406,1.512027633608406,1.0,0.0,0.0,0.0,0.0,1
5002,1.4752726176115945,-0.49090869753158384,0.17215337584288595,-1.023788323932921,0.6559737935346208,0.09934491422984955,0.0,0.0,0.0,1.0,0.0,1
5003,1.4759137617305043,-0.7936201519104462,-0.6642274717216591,-1.023788323932921,0.6559737935346208,0.39365381410038214,0.0,0.0,0.0,1.0,0.0,0
5004,1.476554905849414,-0.4961384973298625,0.11406703735661299,-1.023788323932921,0.6559737935346208,-1.43106136509692,1.0,0.0,0.0,0.0,0.0,0
5005,1.477196049968324,0.7584697373316533,-1.2591773369276236,-1.023788323932921,-0.04668806341770988,-1.4899231450710264,1.0,0.0,0.0,0.0,0.0,0
5006,1.477837194087234,-0.43318979521655343,1.4863557837339765,0.9767644117667437,-0.7493499203700406,-1.5487849250451329,1.0,0.0,0.0,0.0,0.0,1
5007,1.4784783382061437,0.2227614677422629,1.3552967409773937,0.9767644117667437,1.3586356504869515,1.0411333938155538,0.0,0.0,1.0,0.0,0.0,0
5008,1.4791194823250535,-1.3708858800303818,-1.0676220024792438,0.9767644117667437,1.3586356504869515,-0.8424435653558547,0.0,0.0,0.0,1.0,0.0,1
5009,1.4797606264439636,1.0968947924459573,-0.5399024351416982,-1.023788323932921,0.6559737935346208,-1.1956142452004939,0.0,0.0,0.0,1.0,0.0,0
5010,1.4804017705628734,-0.4260447964397184,0.38881661852657295,0.9767644117667437,0.6559737935346208,0.040483134255743035,0.0,0.0,1.0,0.0,0.0,1
5011,1.4810429146817832,0.5492067913530251,-1.3919629191645502,0.9767644117667437,-0.04668806341770988,0.040483134255743035,1.0,0.0,0.0,0.0,0.0,1
5012,1.481684058800693,0.8181986949495159,-0.5016476699519855,0.9767644117667437,0.6559737935346208,-0.9601671253040678,0.0,0.0,0.0,0.0,1.0,0
5013,1.482325202919603,-0.9868372856782089,-0.8574397961077461,0.9767644117667437,-0.7493499203700406,-1.0190289052781742,1.0,0.0,0.0,0.0,0.0,1
5014,1.4829663470385128,1.3756930896379511,1.4275019483440528,0.9767644117667437,0.6559737935346208,-1.5487849250451329,1.0,0.0,0.0,0.0,0.0,0
5015,1.4836074911574226,0.4361230173688896,1.210818793229728,-1.023788323932921,0.6559737935346208,0.9234098338673408,0.0,0.0,1.0,0.0,0.0,0
5016,1.4842486352763324,-0.22011863263982934,0.273056993585205,0.9767644117667437,-0.7493499203700406,-0.25382576561478953,0.0,0.0,0.0,1.0,0.0,0
5017,1.4848897793952425,-1.0824766076821422,0.06847833628136284,0.9767644117667437,-1.4520117773223713,-0.3715493255630026,1.0,0.0,0.0,0.0,0.0,0
5018,1.4855309235141523,1.5773823161893528,1.479807181745043,0.9767644117667437,1.3586356504869515,1.512027633608406,0.0,0.0,0.0,1.0,0.0,0
5019,1.486172067633062,0.9220729750447242,1.4856604605235286,-1.023788323932921,0.6559737935346208,-1.2544760251746003,0.0,1.0,0.0,0.0,0.0,1
5020,1.486813211751972,-0.9925644978199093,1.6125706634639703,-1.023788323932921,-0.7493499203700406,0.2759302541521691,0.0,0.0,0.0,1.0,0.0,0
5021,1.4874543558708817,-0.5386663763518154,-1.2898473515198419,0.9767644117667437,1.3586356504869515,0.6879627139709147,0.0,0.0,0.0,0.0,1.0,1
5022,1.4880954999897917,1.1131926394338876,-1.1688641175586283,-1.023788323932921,-0.04668806341770988,-0.9013053453299612,0.0,0.0,0.0,0.0,1.0,0
5023,1.4887366441087015,0.7142077398665067,0.6063177057850958,-1.023788323932921,-1.4520117773223713,-0.3715493255630026,1.0,0.0,0.0,0.0,0.0,0
5024,1.4893777882276114,0.9595789859238665,0.1410021903711696,0.9767644117667437,0.6559737935346208,0.040483134255743035,0.0,0.0,0.0,1.0,0.0,1
5025,1.4900189323465212,-0.17645311932098193,-1.657529916275434,-1.023788323932921,-1.4520117773223713,-0.6658582254335351,1.0,0.0,0.0,0.0,0.0,0
5026,1.4906600764654312,0.7870022572178311,-1.5078984213041338,0.9767644117667437,0.6559737935346208,-1.666508484993346,0.0,0.0,1.0,0.0,0.0,0
5027,1.491301220584341,-0.3679274197554023,1.3331460870890919,0.9767644117667437,0.6559737935346208,-1.666508484993346,0.0,0.0,0.0,0.0,1.0,1
5028,1.4919423647032508,-0.9812303485089842,1.2670827319683777,0.9767644117667437,0.6559737935346208,0.6291009339968082,1.0,0.0,0.0,0.0,0.0,1
5029,1.4925835088221606,0.49370729937057767,-0.492351482794817,-1.023788323932921,-1.4520117773223713,0.3347920341262756,0.0,0.0,1.0,0.0,0.0,0
5030,1.4932246529410707,1.6953768319523446,1.3433609694171933,0.9767644117667437,-0.04668806341770988,0.39365381410038214,1.0,0.0,0.0,0.0,0.0,0
5031,1.4938657970599805,-0.6335499311680446,0.3206619203695257,0.9767644117667437,-0.7493499203700406,0.21706847417806258,0.0,0.0,0.0,1.0,0.0,0
5032,1.4945069411788903,-0.10726395620696556,1.0505403863315361,-1.023788323932921,-0.7493499203700406,1.5708894135825124,0.0,0.0,0.0,1.0,0.0,0
5033,1.4951480852978,0.6383413225027703,-0.25106493575685973,0.9767644117667437,-0.04668806341770988,0.5113773740485952,0.0,0.0,0.0,1.0,0.0,0
5034,1.49578922941671,0.1746122101038187,-1.3310494756236506,-1.023788323932921,-0.04668806341770988,-0.6658582254335351,0.0,0.0,0.0,1.0,0.0,0
5035,1.49643037353562,1.2313290787966915,-0.22941250109291866,-1.023788323932921,0.6559737935346208,0.45251559407448866,0.0,1.0,0.0,0.0,0.0,0
5036,1.4970715176545297,0.9454335468926692,-0.14834391750503484,0.9767644117667437,0.6559737935346208,-0.4304111055371091,0.0,0.0,1.0,0.0,0.0,0
5037,1.4977126617734395,-1.5166060738712333,0.1737068932723547,-1.023788323932921,-0.7493499203700406,-0.8424435653558547,0.0,0.0,1.0,0.0,0.0,0
5038,1.4983538058923496,1.7738017855362498,-1.3579280191243344,0.9767644117667437,0.6559737935346208,0.9234098338673408,0.0,0.0,0.0,1.0,0.0,1
5039,1.4989949500112594,0.9127429230229607,1.6884771921659618,-1.023788323932921,0.6559737935346208,0.8056862739191277,0.0,1.0,0.0,0.0,0.0,1
5040,1.4996360941301692,1.3029928292213595,-0.8814289997809296,-1.023788323932921,-0.04668806341770988,-1.43106136509692,0.0,0.0,0.0,1.0,0.0,0
5041,1.500277238249079,0.558529152710594,-1.0381975752871497,-1.023788323932921,-1.4520117773223713,1.629751193556619,0.0,1.0,0.0,0.0,0.0,1
5042,1.500918382367989,1.2763293830355493,0.09068305493195965,-1.023788323932921,1.3586356504869515,1.6886129735307256,0.0,0.0,0.0,1.0,0.0,1
5043,1.5015595264868988,-1.3273073850724653,0.1264676052270189,0.9767644117667437,1.3586356504869515,-0.25382576561478953,0.0,0.0,0.0,0.0,1.0,0
5044,1.5022006706058086,-0.503571943358346,-0.20845584888773694,0.9767644117667437,0.6559737935346208,-0.4892728855112156,0.0,0.0,0.0,0.0,1.0,1
5045,1.5028418147247184,1.3468041753482272,0.9335651484961716,-1.023788323932921,0.6559737935346208,0.8645480538932343,1.0,0.0,0.0,0.0,0.0,1
5046,1.5034829588436285,-1.0148570501365004,0.055781462993112145,0.9767644117667437,1.3586356504869515,0.9822716138414473,0.0,0.0,0.0,1.0,0.0,1
5047,1.5041241029625383,-1.4467994991687714,0.3757573327759603,0.9767644117667437,-0.04668806341770988,-0.3715493255630026,0.0,0.0,1.0,0.0,0.0,1
5048,1.504765247081448,1.037749627702082,0.7679879006612438,0.9767644117667437,1.3586356504869515,0.9234098338673408,1.0,0.0,0.0,0.0,0.0,1
5049,1.505406391200358,1.2035335602764043,-1.634972297244493,0.9767644117667437,1.3586356504869515,0.5702391540227016,0.0,0.0,0.0,0.0,1.0,0
5050,1.506047535319268,-1.1513664370442733,0.24145678131861725,0.9767644117667437,1.3586356504869515,-0.5481346654853221,0.0,0.0,0.0,1.0,0.0,0
5051,1.5066886794381777,1.2695424287472565,1.319782118143749,0.9767644117667437,0.6559737935346208,-0.018378645718363482,1.0,0.0,0.0,0.0,0.0,1
5052,1.5073298235570876,0.683023451943147,-1.6612343652383832,0.9767644117667437,0.6559737935346208,1.27658051371198,0.0,0.0,0.0,1.0,0.0,1
5053,1.5079709676759974,0.09963021202408215,-0.32758097190029584,-1.023788323932921,1.3586356504869515,-1.1367524652263874,0.0,0.0,0.0,0.0,1.0,1
5054,1.5086121117949074,1.185207836434123,1.4643370040727834,0.9767644117667437,0.6559737935346208,1.3354422936860864,1.0,0.0,0.0,0.0,0.0,0
5055,1.5092532559138172,-0.25328399161146675,-0.5065085340456879,-1.023788323932921,1.3586356504869515,-1.2544760251746003,0.0,0.0,0.0,0.0,1.0,1
5056,1.509894400032727,-1.041671228906502,-0.143429378377922,-1.023788323932921,-0.04668806341770988,-1.0778906852522807,0.0,1.0,0.0,0.0,0.0,0
5057,1.5105355441516368,-0.7236682440894102,1.6545662215067818,-1.023788323932921,0.6559737935346208,-0.25382576561478953,0.0,0.0,0.0,0.0,1.0,1
5058,1.5111766882705466,0.04741530128279964,-1.0355444764107922,0.9767644117667437,-1.4520117773223713,0.45251559407448866,0.0,0.0,0.0,1.0,0.0,1
5059,1.5118178323894567,0.13899828110431528,-1.496617703785057,0.9767644117667437,0.6559737935346208,1.2177187337378734,0.0,0.0,1.0,0.0,0.0,0
5060,1.5124589765083665,1.098865742947869,1.23458957581576,-1.023788323932921,-0.04668806341770988,-1.6076467050192393,0.0,0.0,0.0,0.0,1.0,0
5061,1.5131001206272763,1.0490677803981905,1.2656883410539737,-1.023788323932921,-0.04668806341770988,0.15820669420395606,0.0,0.0,1.0,0.0,0.0,0
5062,1.513741264746186,0.31412206009635146,-0.09752102893155694,0.9767644117667437,0.6559737935346208,-0.9013053453299612,0.0,1.0,0.0,0.0,0.0,1
5063,1.5143824088650961,1.0120827344039358,0.04736524981461525,0.9767644117667437,-0.7493499203700406,0.9822716138414473,1.0,0.0,0.0,0.0,0.0,1
5064,1.515023552984006,-1.049442909670041,1.1533714406520588,0.9767644117667437,1.3586356504869515,-1.4899231450710264,1.0,0.0,0.0,0.0,0.0,0
5065,1.5156646971029157,-1.5454202127281196,0.8189314185810299,-1.023788323932921,1.3586356504869515,1.3943040736601928,0.0,0.0,1.0,0.0,0.0,1
5066,1.5163058412218255,1.3370493297630908,-0.8091663726545827,-1.023788323932921,-0.04668806341770988,-0.3715493255630026,1.0,0.0,0.0,0.0,0.0,0
5067,1.5169469853407356,-1.4562060409982505,-1.6629380449788027,0.9767644117667437,0.6559737935346208,-1.1367524652263874,0.0,0.0,0.0,0.0,1.0,0
5068,1.5175881294596454,-0.8572420426764734,-0.0713072139656477,0.9767644117667437,-0.7493499203700406,1.5708894135825124,0.0,0.0,1.0,0.0,0.0,1
5069,1.5182292735785552,0.7129522523125131,1.2328347331472556,-1.023788323932921,-1.4520117773223713,1.4531658536342995,0.0,0.0,0.0,1.0,0.0,1
5070,1.518870417697465,-0.28758830890524223,1.3598137460143855,0.9767644117667437,1.3586356504869515,0.15820669420395606,0.0,0.0,0.0,0.0,1.0,1
5071,1.519511561816375,1.3464297704232093,1.567505171957792,0.9767644117667437,-0.7493499203700406,-0.4304111055371091,0.0,0.0,0.0,0.0,1.0,1
5072,1.5201527059352848,-0.6777236973834648,1.3038549232768075,-1.023788323932921,1.3586356504869515,-1.1956142452004939,0.0,0.0,0.0,0.0,1.0,1
5073,1.5207938500541947,-1.679095277958049,0.2737820004483565,-1.023788323932921,0.6559737935346208,1.5708894135825124,0.0,0.0,0.0,1.0,0.0,1
5074,1.5214349941731045,-0.6683583114414324,-0.19200031537327772,-1.023788323932921,1.3586356504869515,1.27658051371198,0.0,1.0,0.0,0.0,0.0,1
5075,1.5220761382920145,0.30260187391755716,0.9437369237712733,-1.023788323932921,-1.4520117773223713,0.7468244939450213,1.0,0.0,0.0,0.0,0.0,0
5076,1.5227172824109243,-0.40487084118984124,0.8232720093755764,0.9767644117667437,0.6559737935346208,-0.13610220566657652,0.0,0.0,1.0,0.0,0.0,0
5077,1.523358426529834,0.15139505302148512,0.12968400957428297,-1.023788323932921,-0.04668806341770988,0.5113773740485952,0.0,1.0,0.0,0.0,0.0,1
5078,1.523999570648744,1.3474242837087982,-1.4207096421618273,0.9767644117667437,-0.7493499203700406,1.5708894135825124,0.0,0.0,1.0,0.0,0.0,0
5079,1.524640714767654,1.4730275557230168,1.4638345423494337,0.9767644117667437,1.3586356504869515,-0.7835817853817482,1.0,0.0,0.0,0.0,0.0,0
5080,1.5252818588865638,-0.7897428588956273,-0.15418093651366205,0.9767644117667437,0.6559737935346208,0.8056862739191277,0.0,0.0,0.0,1.0,0.0,0
5081,1.5259230030054736,-0.10316590519414275,-0.47150080683770845,-1.023788323932921,0.6559737935346208,-0.25382576561478953,0.0,0.0,0.0,0.0,1.0,0
5082,1.5265641471243834,0.2013440627946306,0.4440985756097742,-1.023788323932921,1.3586356504869515,-0.31268754558889605,0.0,0.0,0.0,0.0,1.0,1
5083,1.5272052912432934,1.6012224424841743,0.5963487080906528,0.9767644117667437,-0.04668806341770988,0.3347920341262756,0.0,0.0,0.0,1.0,0.0,0
5084,1.5278464353622032,1.7744880784041992,-0.9964625421922626,0.9767644117667437,1.3586356504869515,-1.0778906852522807,0.0,1.0,0.0,0.0,0.0,0
5085,1.528487579481113,-0.8967258608940144,1.157266116361391,-1.023788323932921,-0.04668806341770988,1.512027633608406,0.0,1.0,0.0,0.0,0.0,1
5086,1.5291287236000228,0.8237645944472797,-0.723918079089547,0.9767644117667437,1.3586356504869515,-1.6076467050192393,0.0,0.0,1.0,0.0,0.0,0
5087,1.5297698677189329,-0.3975464957075356,-1.0790142499708952,0.9767644117667437,0.6559737935346208,1.1588569537637667,0.0,0.0,0.0,1.0,0.0,0
5088,1.5304110118378427,-1.692266197141747,-0.32339303233934946,0.9767644117667437,-1.4520117773223713,-0.07724042569247,0.0,1.0,0.0,0.0,0.0,1
5089,1.5310521559567525,-1.6882610896644155,0.791420762148268,0.9767644117667437,-1.4520117773223713,0.8056862739191277,0.0,0.0,0.0,1.0,0.0,0
5090,1.5316933000756623,-0.10867649121592997,1.5992547182756236,0.9767644117667437,0.6559737935346208,1.512027633608406,1.0,0.0,0.0,0.0,0.0,1
5091,1.5323344441945723,-0.011486097403966049,1.0621494131767877,0.9767644117667437,-1.4520117773223713,-0.3715493255630026,0.0,0.0,0.0,0.0,1.0,1
5092,1.5329755883134821,-1.6416513519637443,1.5129000397766679,0.9767644117667437,-0.04668806341770988,-0.6658582254335351,0.0,0.0,0.0,0.0,1.0,1
5093,1.533616732432392,0.6835821216069057,-1.2374807162581793,0.9767644117667437,0.6559737935346208,-1.0190289052781742,0.0,0.0,0.0,0.0,1.0,0
5094,1.5342578765513017,-0.6916410076082006,-1.4762527988672105,-1.023788323932921,-0.04668806341770988,-0.8424435653558547,0.0,0.0,0.0,1.0,0.0,0
5095,1.5348990206702118,0.23896556473895958,0.19695704516213644,-1.023788323932921,0.6559737935346208,0.5702391540227016,0.0,0.0,0.0,1.0,0.0,1
5096,1.5355401647891216,-0.6674363046794214,-0.7226786702438563,0.9767644117667437,-0.04668806341770988,-0.19496398564068304,0.0,0.0,1.0,0.0,0.0,1
5097,1.5361813089080314,-1.1356792237947833,1.1267137474411022,0.9767644117667437,-0.04668806341770988,1.6886129735307256,0.0,0.0,0.0,0.0,1.0,1
5098,1.5368224530269412,-0.29554794201506357,0.5899860966033492,-1.023788323932921,-1.4520117773223713,-1.43106136509692,0.0,0.0,1.0,0.0,0.0,0
5099,1.537463597145851,-0.9076943675827475,1.6173786337815144,-1.023788323932921,0.6559737935346208,0.6879627139709147,0.0,0.0,0.0,0.0,1.0,0
5100,1.538104741264761,0.1511438290868079,-0.8447837352058173,-1.023788323932921,1.3586356504869515,1.5708894135825124,0.0,0.0,1.0,0.0,0.0,1
5101,1.5387458853836709,-1.024750354654393,-0.05038400121755194,0.9767644117667437,-1.4520117773223713,-1.1956142452004939,0.0,0.0,1.0,0.0,0.0,0
5102,1.5393870295025807,0.05876206500538277,0.002771707819325421,-1.023788323932921,-0.04668806341770988,0.45251559407448866,1.0,0.0,0.0,0.0,0.0,0
5103,1.5400281736214905,-1.1698242514398662,-0.8984869386370801,-1.023788323932921,-0.04668806341770988,-1.3133378051487068,0.0,0.0,1.0,0.0,0.0,1
5104,1.5406693177404005,0.6277480914550163,0.3083442445675737,0.9767644117667437,1.3586356504869515,-0.7247200054076417,0.0,0.0,0.0,1.0,0.0,0
5105,1.5413104618593103,0.9181161876901772,-0.1965385739978406,-1.023788323932921,1.3586356504869515,0.09934491422984955,0.0,0.0,1.0,0.0,0.0,0
5106,1.5419516059782201,-1.3342679219277347,-0.18472336535418893,0.9767644117667437,-0.04668806341770988,-0.7835817853817482,0.0,0.0,0.0,0.0,1.0,1
5107,1.54259275009713,-0.0833492775746506,-0.47355439978371067,-1.023788323932921,1.3586356504869515,1.629751193556619,0.0,0.0,1.0,0.0,0.0,0
5108,1.54323389421604,-1.4725956861445333,-1.6628142471055563,-1.023788323932921,-0.7493499203700406,0.6879627139709147,0.0,1.0,0.0,0.0,0.0,0
5109,1.5438750383349498,0.3729771998216654,0.07449294796005847,-1.023788323932921,-1.4520117773223713,-1.666508484993346,0.0,0.0,0.0,0.0,1.0,0
5110,1.5445161824538596,-0.7952369986074741,-0.56809069530672,-1.023788323932921,0.6559737935346208,0.8056862739191277,0.0,1.0,0.0,0.0,0.0,1
5111,1.5451573265727694,0.1260262091548938,-1.7164965497437912,-1.023788323932921,1.3586356504869515,-0.6069964454594287,0.0,0.0,0.0,0.0,1.0,0
5112,1.5457984706916794,0.09045442680134337,-0.6619918464980028,0.9767644117667437,1.3586356504869515,-1.1956142452004939,0.0,0.0,0.0,1.0,0.0,0
5113,1.5464396148105892,1.5145697462353975,-0.7628098406144812,0.9767644117667437,-0.7493499203700406,-1.2544760251746003,0.0,0.0,0.0,1.0,0.0,0
5114,1.547080758929499,0.20113129013725384,-0.36793499696503684,-1.023788323932921,0.6559737935346208,1.0411333938155538,0.0,0.0,0.0,1.0,0.0,0
5115,1.5477219030484088,0.31983374333542947,-1.2675858070133117,0.9767644117667437,-0.7493499203700406,0.5113773740485952,0.0,1.0,0.0,0.0,0.0,0
5116,1.5483630471673189,-0.31486993281470455,0.024930910986993102,-1.023788323932921,0.6559737935346208,0.6291009339968082,1.0,0.0,0.0,0.0,0.0,1
5117,1.5490041912862287,1.6011074554323579,0.6603238681956539,-1.023788323932921,-1.4520117773223713,-0.31268754558889605,0.0,0.0,0.0,0.0,1.0,0
5118,1.5496453354051385,0.9994843261541053,0.44622452665393314,-1.023788323932921,1.3586356504869515,-0.31268754558889605,0.0,0.0,0.0,1.0,0.0,1
5119,1.5502864795240483,-0.7217341115941436,1.0431439533119458,-1.023788323932921,-1.4520117773223713,-0.3715493255630026,0.0,0.0,0.0,0.0,1.0,0
5120,1.5509276236429583,1.2340653222062945,-0.16654185741958535,-1.023788323932921,0.6559737935346208,-1.43106136509692,0.0,1.0,0.0,0.0,0.0,1
5121,1.5515687677618681,-0.2072694706130297,0.06416364080869452,0.9767644117667437,1.3586356504869515,-0.018378645718363482,1.0,0.0,0.0,0.0,0.0,1
5122,1.552209911880778,1.1796672082614543,1.066003512166727,0.9767644117667437,-0.7493499203700406,1.6886129735307256,0.0,1.0,0.0,0.0,0.0,0
5123,1.5528510559996878,1.1594406062578195,-0.2501360407237321,0.9767644117667437,-0.04668806341770988,-1.1956142452004939,0.0,0.0,0.0,0.0,1.0,1
5124,1.5534922001185978,-1.0596042789761408,0.6918224165714959,0.9767644117667437,-0.7493499203700406,0.5113773740485952,1.0,0.0,0.0,0.0,0.0,0
5125,1.5541333442375076,0.7333297259295782,-0.22640225122565863,-1.023788323932921,-0.04668806341770988,0.040483134255743035,1.0,0.0,0.0,0.0,0.0,1
5126,1.5547744883564174,-0.7034023813035479,-0.2844064171872719,0.9767644117667437,-0.7493499203700406,-0.7247200054076417,0.0,1.0,0.0,0.0,0.0,0
5127,1.5554156324753272,-0.6794286201278209,0.8933742349269131,-1.023788323932921,0.6559737935346208,0.7468244939450213,0.0,0.0,0.0,1.0,0.0,0
5128,1.5560567765942372,-0.6834346640660769,-1.1197570972681161,-1.023788323932921,-1.4520117773223713,0.15820669420395606,0.0,0.0,0.0,0.0,1.0,0
5129,1.556697920713147,0.8188239506055935,-0.5566105690985077,0.9767644117667437,-0.04668806341770988,1.3354422936860864,0.0,0.0,1.0,0.0,0.0,0
5130,1.5573390648320569,-0.9162599297527577,-0.9500887155428482,0.9767644117667437,0.6559737935346208,1.512027633608406,0.0,0.0,1.0,0.0,0.0,1
5131,1.5579802089509667,-1.717474261811052,-0.486026937801079,-1.023788323932921,-1.4520117773223713,-0.6658582254335351,0.0,1.0,0.0,0.0,0.0,0
5132,1.5586213530698767,0.7826643597605293,-0.9287576489314944,-1.023788323932921,-1.4520117773223713,-0.4304111055371091,0.0,0.0,0.0,0.0,1.0,0
5133,1.5592624971887865,-1.1215028354918175,0.2715881264032628,-1.023788323932921,1.3586356504869515,-1.4899231450710264,0.0,0.0,0.0,0.0,1.0,0
5134,1.5599036413076963,-1.3549591931819789,1.0239396176666953,0.9767644117667437,1.3586356504869515,-0.25382576561478953,0.0,1.0,0.0,0.0,0.0,1
5135,1.5605447854266061,-0.8893448686343385,0.9841915905149198,-1.023788323932921,1.3586356504869515,-0.07724042569247,0.0,0.0,0.0,0.0,1.0,0
5136,1.561185929545516,-0.39100343758469763,-0.4674867693745554,-1.023788323932921,-0.04668806341770988,-0.3715493255630026,0.0,0.0,0.0,1.0,0.0,1
5137,1.561827073664426,-0.05498579978928837,1.6793930028682504,-1.023788323932921,-0.04668806341770988,-1.43106136509692,0.0,1.0,0.0,0.0,0.0,1
5138,1.5624682177833358,-1.564650761668733,0.32127851454479045,-1.023788323932921,-1.4520117773223713,1.3943040736601928,0.0,0.0,0.0,1.0,0.0,0
5139,1.5631093619022456,1.6763349084394723,-0.34746506653700854,0.9767644117667437,-0.04668806341770988,0.5113773740485952,0.0,0.0,0.0,0.0,1.0,1
5140,1.5637505060211554,0.7855560364744228,1.1524528947903565,0.9767644117667437,-1.4520117773223713,1.4531658536342995,0.0,1.0,0.0,0.0,0.0,0
5141,1.5643916501400654,-0.5894744539828133,0.78906131676209,-1.023788323932921,0.6559737935346208,-1.5487849250451329,0.0,0.0,0.0,0.0,1.0,1
5142,1.5650327942589752,-0.6052131565799636,0.8557840728491042,0.9767644117667437,-0.7493499203700406,1.629751193556619,0.0,1.0,0.0,0.0,0.0,0
5143,1.565673938377885,-0.1507582592306675,-1.0464962665945714,-1.023788323932921,-1.4520117773223713,1.0411333938155538,0.0,0.0,0.0,0.0,1.0,0
5144,1.5663150824967949,0.47119473666699463,-0.1104297193346401,0.9767644117667437,-1.4520117773223713,0.6879627139709147,0.0,0.0,0.0,1.0,0.0,0
5145,1.5669562266157049,-1.2083430131761441,1.2428624264071686,0.9767644117667437,0.6559737935346208,-0.25382576561478953,0.0,0.0,0.0,1.0,0.0,1
5146,1.5675973707346147,-1.0593955861334283,0.01239264521833591,0.9767644117667437,1.3586356504869515,-0.9013053453299612,0.0,0.0,0.0,0.0,1.0,1
5147,1.5682385148535245,1.2873523868647578,0.6294147382836441,0.9767644117667437,1.3586356504869515,-1.0190289052781742,0.0,1.0,0.0,0.0,0.0,1
5148,1.5688796589724343,-0.8237595802402404,0.3009169732805917,-1.023788323932921,1.3586356504869515,0.5702391540227016,0.0,0.0,1.0,0.0,0.0,1
5149,1.5695208030913443,-0.3899727810220313,1.175898869455515,-1.023788323932921,-1.4520117773223713,-0.4892728855112156,0.0,0.0,0.0,1.0,0.0,0
5150,1.5701619472102541,1.3287824948071305,-0.7424074602435411,-1.023788323932921,-1.4520117773223713,1.6886129735307256,0.0,0.0,0.0,1.0,0.0,0
5151,1.570803091329164,0.6003542296601969,0.25807131716560766,0.9767644117667437,-0.04668806341770988,-1.0190289052781742,0.0,0.0,1.0,0.0,0.0,1
5152,1.5714442354480738,-0.5246626218910826,-1.2972214877587998,0.9767644117667437,-0.04668806341770988,1.512027633608406,0.0,0.0,0.0,0.0,1.0,1
5153,1.5720853795669838,0.6722846630467486,0.6526561728293641,-1.023788323932921,-0.7493499203700406,0.5113773740485952,0.0,1.0,0.0,0.0,0.0,1
5154,1.5727265236858936,-1.6517539555528296,0.796262156294233,0.9767644117667437,-0.7493499203700406,-0.7835817853817482,0.0,0.0,0.0,0.0,1.0,1
5155,1.5733676678048034,0.8540841129342698,-1.573714602960332,0.9767644117667437,-0.04668806341770988,0.3347920341262756,1.0,0.0,0.0,0.0,0.0,0
5156,1.5740088119237132,-0.01610211429282397,0.6030652448396077,-1.023788323932921,-1.4520117773223713,0.5113773740485952,0.0,0.0,0.0,1.0,0.0,0
5157,1.5746499560426233,1.1254701536901415,-0.29488200148870913,0.9767644117667437,0.6559737935346208,1.0411333938155538,1.0,0.0,0.0,0.0,0.0,0
5158,1.575291100161533,1.6205604711489323,-1.2942562828992576,-1.023788323932921,-0.04668806341770988,-0.31268754558889605,0.0,0.0,0.0,1.0,0.0,1
5159,1.5759322442804429,1.519589417748875,-0.27693895425981646,0.9767644117667437,-1.4520117773223713,0.21706847417806258,0.0,0.0,0.0,1.0,0.0,1
5160,1.5765733883993527,1.4617576079047105,-1.053052602544864,-1.023788323932921,-0.04668806341770988,-0.5481346654853221,1.0,0.0,0.0,0.0,0.0,1
5161,1.5772145325182627,0.07193588743732217,-0.2918921388965909,0.9767644117667437,1.3586356504869515,-0.31268754558889605,1.0,0.0,0.0,0.0,0.0,1
5162,1.5778556766371725,-0.4601573146247275,-0.39926203101411273,0.9767644117667437,-0.04668806341770988,-0.31268754558889605,0.0,0.0,0.0,0.0,1.0,0
5163,1.5784968207560823,-0.09303400589813256,0.8183541301213683,0.9767644117667437,1.3586356504869515,-0.4892728855112156,1.0,0.0,0.0,0.0,0.0,0
5164,1.5791379648749921,0.6939720916184272,0.9415555536929362,0.9767644117667437,-1.4520117773223713,-0.4304111055371091,0.0,0.0,0.0,0.0,1.0,1
5165,1.5797791089939022,1.373322880256261,0.3665859847273908,0.9767644117667437,1.3586356504869515,-0.31268754558889605,0.0,0.0,0.0,0.0,1.0,0
5166,1.580420253112812,-0.9961983779003619,-1.64301376435856,-1.023788323932921,-0.04668806341770988,-0.9601671253040678,0.0,0.0,0.0,0.0,1.0,0
5167,1.5810613972317218,1.4930057611773262,1.4808268165132652,0.9767644117667437,1.3586356504869515,-0.9601671253040678,0.0,0.0,0.0,1.0,0.0,0
5168,1.5817025413506316,1.132463394307833,0.6389772335364574,-1.023788323932921,0.6559737935346208,-0.25382576561478953,0.0,0.0,0.0,1.0,0.0,0
5169,1.5823436854695416,1.705324066136668,-1.6034347119252828,-1.023788323932921,1.3586356504869515,0.5702391540227016,1.0,0.0,0.0,0.0,0.0,1
5170,1.5829848295884514,1.3602119722716486,1.0949982742070867,-1.023788323932921,1.3586356504869515,-0.018378645718363482,0.0,0.0,0.0,1.0,0.0,0
5171,1.5836259737073612,-0.7408718210812367,-1.0323038434486558,0.9767644117667437,-0.7493499203700406,-0.25382576561478953,1.0,0.0,0.0,0.0,0.0,0
5172,1.584267117826271,-1.3498019281919527,0.27095381679948966,-1.023788323932921,0.6559737935346208,0.45251559407448866,0.0,0.0,0.0,1.0,0.0,0
5173,1.5849082619451809,-1.3278040413908287,-0.11624155367715458,0.9767644117667437,-1.4520117773223713,-0.4892728855112156,0.0,1.0,0.0,0.0,0.0,0
5174,1.585549406064091,-0.7013711750542763,-0.2771754439546126,0.9767644117667437,1.3586356504869515,0.5113773740485952,0.0,1.0,0.0,0.0,0.0,1
5175,1.5861905501830007,0.4289812276566429,1.3387632708954282,0.9767644117667437,0.6559737935346208,0.5113773740485952,1.0,0.0,0.0,0.0,0.0,0
5176,1.5868316943019105,1.0944540269335334,-0.2169140877218225,-1.023788323932921,-1.4520117773223713,0.21706847417806258,0.0,0.0,0.0,1.0,0.0,0
5177,1.5874728384208203,1.4267063098317798,-1.4619210456740577,0.9767644117667437,0.6559737935346208,-0.31268754558889605,0.0,0.0,0.0,1.0,0.0,1
5178,1.5881139825397304,0.4624747718431468,1.5345330713394378,0.9767644117667437,-0.7493499203700406,0.3347920341262756,0.0,0.0,0.0,0.0,1.0,1
5179,1.5887551266586402,-1.7009352224771692,1.4447609929653216,0.9767644117667437,-1.4520117773223713,-1.0190289052781742,0.0,0.0,1.0,0.0,0.0,1
5180,1.58939627077755,-1.068541143546719,0.6327848540570382,-1.023788323932921,-1.4520117773223713,-0.07724042569247,1.0,0.0,0.0,0.0,0.0,1
5181,1.5900374148964598,-1.3716057304921694,-0.11191464378685675,-1.023788323932921,1.3586356504869515,0.6879627139709147,0.0,0.0,1.0,0.0,0.0,1
5182,1.5906785590153698,-0.44901913846269487,-1.4016842920780752,-1.023788323932921,-0.04668806341770988,-1.2544760251746003,0.0,0.0,1.0,0.0,0.0,1
5183,1.5913197031342796,0.03406982142399794,0.9984123942615163,-1.023788323932921,-1.4520117773223713,-0.9013053453299612,1.0,0.0,0.0,0.0,0.0,0
5184,1.5919608472531894,-1.5687557463947304,-1.4614609072544913,0.9767644117667437,-1.4520117773223713,0.040483134255743035,0.0,0.0,0.0,1.0,0.0,0
5185,1.5926019913720992,-0.5009814731939393,-1.4851112358244174,-1.023788323932921,-0.7493499203700406,0.8056862739191277,1.0,0.0,0.0,0.0,0.0,1
5186,1.5932431354910093,-1.0935208009237132,0.1270717249438318,0.9767644117667437,-0.7493499203700406,-0.19496398564068304,0.0,0.0,1.0,0.0,0.0,0
5187,1.593884279609919,0.5440828575132399,-1.1703414462535842,-1.023788323932921,-0.7493499203700406,0.040483134255743035,0.0,0.0,0.0,1.0,0.0,0
5188,1.5945254237288289,-0.09570432852057503,-1.6944506604050662,0.9767644117667437,1.3586356504869515,-1.1956142452004939,0.0,1.0,0.0,0.0,0.0,0
5189,1.5951665678477387,0.012953276409849659,-0.26591365684765356,-1.023788323932921,-1.4520117773223713,1.2177187337378734,1.0,0.0,0.0,0.0,0.0,0
5190,1.5958077119666487,-0.22373534180436358,-1.2491342968101118,-1.023788323932921,-0.7493499203700406,1.3354422936860864,1.0,0.0,0.0,0.0,0.0,0
5191,1.5964488560855585,1.6253976372458132,-1.1690099191240357,-1.023788323932921,-0.7493499203700406,0.39365381410038214,0.0,0.0,0.0,1.0,0.0,1
5192,1.5970900002044683,-0.9690777168021841,-1.4565336500286923,0.9767644117667437,0.6559737935346208,-1.3721995851228133,0.0,1.0,0.0,0.0,0.0,0
5193,1.5977311443233781,0.0876658256530508,-1.0157013317888985,0.9767644117667437,0.6559737935346208,0.09934491422984955,0.0,1.0,0.0,0.0,0.0,0
5194,1.5983722884422882,0.8553955817122887,0.7395734931671126,-1.023788323932921,-0.7493499203700406,1.27658051371198,0.0,0.0,0.0,1.0,0.0,1
5195,1.599013432561198,0.22829524044552293,1.060932125294435,-1.023788323932921,1.3586356504869515,-1.1367524652263874,0.0,0.0,0.0,0.0,1.0,0
5196,1.5996545766801078,1.5309025042883044,-0.16473511460471454,-1.023788323932921,-0.04668806341770988,1.0411333938155538,1.0,0.0,0.0,0.0,0.0,0
5197,1.6002957207990176,-0.3977659670286197,0.021044717563188885,-1.023788323932921,0.6559737935346208,0.8645480538932343,1.0,0.0,0.0,0.0,0.0,0
5198,1.6009368649179276,-0.09779228429514575,-1.6087323274474952,-1.023788323932921,0.6559737935346208,-0.13610220566657652,0.0,0.0,1.0,0.0,0.0,0
5199,1.6015780090368374,-1.4108190279440995,-1.4826513409529143,-1.023788323932921,-1.4520117773223713,-1.5487849250451329,0.0,0.0,0.0,1.0,0.0,0
5200,1.6022191531557473,0.41083522713335724,-0.8352390088576506,0.9767644117667437,-1.4520117773223713,1.0411333938155538,0.0,0.0,1.0,0.0,0.0,0
5201,1.602860297274657,-0.7119108164408411,0.14947589762326366,0.9767644117667437,-0.7493499203700406,0.8645480538932343,0.0,0.0,1.0,0.0,0.0,1
5202,1.603501441393567,-1.159567496989006,0.8223417869543128,0.9767644117667437,-1.4520117773223713,0.040483134255743035,0.0,1.0,0.0,0.0,0.0,0
5203,1.604142585512477,0.1851996633904894,0.3596198029601065,0.9767644117667437,-1.4520117773223713,-0.07724042569247,1.0,0.0,0.0,0.0,0.0,1
5204,1.6047837296313867,0.14242640123362327,-0.3724756116362489,0.9767644117667437,-0.04668806341770988,0.15820669420395606,0.0,0.0,1.0,0.0,0.0,1
5205,1.6054248737502965,-1.4550960337377064,-1.3141094295202653,0.9767644117667437,1.3586356504869515,1.3943040736601928,0.0,1.0,0.0,0.0,0.0,0
5206,1.6060660178692066,0.7230899349949991,0.9641079454909925,-1.023788323932921,-0.7493499203700406,-1.5487849250451329,0.0,0.0,0.0,1.0,0.0,0
5207,1.6067071619881164,0.46254059330379477,-0.46994541404862405,-1.023788323932921,-0.04668806341770988,1.6886129735307256,0.0,0.0,1.0,0.0,0.0,0
5208,1.6073483061070262,-1.0590894471399268,0.8103148534558129,-1.023788323932921,-0.7493499203700406,0.9822716138414473,1.0,0.0,0.0,0.0,0.0,1
5209,1.607989450225936,-0.07763574773992796,0.04314091269079239,-1.023788323932921,1.3586356504869515,1.629751193556619,0.0,0.0,1.0,0.0,0.0,1
5210,1.6086305943448458,0.8004654382566784,0.819284115229303,-1.023788323932921,-0.7493499203700406,-0.25382576561478953,0.0,0.0,0.0,1.0,0.0,1
5211,1.6092717384637558,0.13236565154757401,1.3992080406954335,0.9767644117667437,-1.4520117773223713,1.3354422936860864,0.0,0.0,1.0,0.0,0.0,0
5212,1.6099128825826656,-0.33644393426337504,1.4464608792609794,0.9767644117667437,1.3586356504869515,0.040483134255743035,1.0,0.0,0.0,0.0,0.0,1
5213,1.6105540267015754,-0.5924690554483674,0.11924071916940346,0.9767644117667437,-0.04668806341770988,0.040483134255743035,0.0,1.0,0.0,0.0,0.0,0
5214,1.6111951708204852,0.4157168327678618,0.038083820339426866,0.9767644117667437,-0.04668806341770988,-0.19496398564068304,1.0,0.0,0.0,0.0,0.0,0
5215,1.6118363149393953,1.5662095667399625,-0.8073455046897564,0.9767644117667437,0.6559737935346208,-0.31268754558889605,0.0,1.0,0.0,0.0,0.0,1
5216,1.612477459058305,0.630443528425915,1.497257213963788,-1.023788323932921,-0.04668806341770988,1.0411333938155538,0.0,0.0,0.0,0.0,1.0,1
5217,1.613118603177215,-1.4590360838671153,-0.14621385566726727,0.9767644117667437,0.6559737935346208,0.3347920341262756,1.0,0.0,0.0,0.0,0.0,0
5218,1.6137597472961247,-0.10826011381757449,-1.282238879354837,0.9767644117667437,-1.4520117773223713,1.0999951737896603,1.0,0.0,0.0,0.0,0.0,1
5219,1.6144008914150347,1.3972149309203115,-0.23292775254430328,0.9767644117667437,-0.04668806341770988,0.040483134255743035,0.0,0.0,0.0,1.0,0.0,1
5220,1.6150420355339445,-1.390028806724218,-1.2840890681245862,-1.023788323932921,1.3586356504869515,0.7468244939450213,0.0,0.0,1.0,0.0,0.0,0
5221,1.6156831796528544,1.7403927257704794,0.007212274745843253,-1.023788323932921,0.6559737935346208,1.5708894135825124,0.0,1.0,0.0,0.0,0.0,1
5222,1.6163243237717642,1.6010717223364972,0.20923715944046187,-1.023788323932921,-0.04668806341770988,0.39365381410038214,0.0,1.0,0.0,0.0,0.0,1
5223,1.6169654678906742,-1.4466861625483105,-0.5594657313907256,-1.023788323932921,-1.4520117773223713,1.629751193556619,0.0,0.0,0.0,1.0,0.0,0
5224,1.617606612009584,1.5462759032276376,-1.4746233086880436,-1.023788323932921,1.3586356504869515,0.8645480538932343,0.0,0.0,0.0,1.0,0.0,0
5225,1.6182477561284938,-0.4496907316891755,1.5237508885752018,-1.023788323932921,1.3586356504869515,0.8056862739191277,0.0,0.0,1.0,0.0,0.0,1
5226,1.6188889002474036,1.2358138428079966,0.9385895352047443,0.9767644117667437,-1.4520117773223713,1.6886129735307256,0.0,0.0,1.0,0.0,0.0,1
5227,1.6195300443663136,-0.2563146580574065,1.1639456253134548,0.9767644117667437,-0.04668806341770988,-0.4304111055371091,1.0,0.0,0.0,0.0,0.0,1
5228,1.6201711884852235,-0.17766407294831624,-0.4593449829971556,0.9767644117667437,-0.7493499203700406,0.2759302541521691,0.0,0.0,0.0,0.0,1.0,0
5229,1.6208123326041333,0.4991884521270202,0.8955250560561216,-1.023788323932921,-0.04668806341770988,-1.5487849250451329,0.0,0.0,1.0,0.0,0.0,1
5230,1.621453476723043,0.9900046861953846,-0.051798217958208055,-1.023788323932921,0.6559737935346208,-0.13610220566657652,0.0,0.0,0.0,1.0,0.0,0
5231,1.622094620841953,-1.602383574869786,-1.0294929653972724,-1.023788323932921,0.6559737935346208,0.6879627139709147,0.0,0.0,1.0,0.0,0.0,0
5232,1.622735764960863,0.35538476509498346,-1.2931334196930087,-1.023788323932921,-0.04668806341770988,0.6291009339968082,0.0,1.0,0.0,0.0,0.0,0
5233,1.6233769090797727,-1.0670843936404955,-0.5343772531139376,0.9767644117667437,0.6559737935346208,0.6879627139709147,0.0,0.0,0.0,0.0,1.0,0
5234,1.6240180531986825,-0.5098310053695809,-1.2479826172986115,-1.023788323932921,-0.7493499203700406,-1.0190289052781742,1.0,0.0,0.0,0.0,0.0,1
5235,1.6246591973175926,-0.5027640427168801,1.712093761413568,-1.023788323932921,-0.7493499203700406,-1.7253702649674525,0.0,1.0,0.0,0.0,0.0,1
5236,1.6253003414365024,-0.07894656404936942,-1.5518706885790643,-1.023788323932921,1.3586356504869515,-1.0778906852522807,0.0,1.0,0.0,0.0,0.0,1
5237,1.6259414855554122,-0.5511765465331191,-0.20390641881963106,-1.023788323932921,0.6559737935346208,0.7468244939450213,0.0,0.0,0.0,0.0,1.0,1
5238,1.626582629674322,-1.3448837425484945,-0.16624872926768153,-1.023788323932921,-0.04668806341770988,1.3354422936860864,1.0,0.0,0.0,0.0,0.0,1
5239,1.627223773793232,-1.2109481406187557,-0.6871376585864477,0.9767644117667437,1.3586356504869515,0.5702391540227016,0.0,0.0,0.0,1.0,0.0,0
5240,1.6278649179121418,-1.6036126439211942,0.2438895304304869,-1.023788323932921,-0.7493499203700406,-0.25382576561478953,1.0,0.0,0.0,0.0,0.0,0
5241,1.6285060620310516,-0.07478598935942563,-1.2052523165131481,-1.023788323932921,1.3586356504869515,1.4531658536342995,0.0,0.0,1.0,0.0,0.0,1
5242,1.6291472061499614,1.61989562641486,0.974903726794712,0.9767644117667437,-1.4520117773223713,0.9234098338673408,0.0,1.0,0.0,0.0,0.0,1
5243,1.6297883502688715,-1.3157846064655259,-0.5777205304696991,-1.023788323932921,0.6559737935346208,0.9234098338673408,0.0,0.0,1.0,0.0,0.0,1
5244,1.6304294943877813,1.59125464839381,0.31264031320820423,-1.023788323932921,-0.04668806341770988,1.27658051371198,0.0,0.0,0.0,1.0,0.0,1
5245,1.631070638506691,0.8461001681404374,0.7401067445623338,0.9767644117667437,-0.7493499203700406,-0.4304111055371091,0.0,0.0,1.0,0.0,0.0,0
5246,1.631711782625601,0.5105833530842178,1.3364535746608892,0.9767644117667437,1.3586356504869515,1.0999951737896603,1.0,0.0,0.0,0.0,0.0,1
5247,1.6323529267445107,0.5378094692790832,1.1533063279318723,0.9767644117667437,-0.04668806341770988,-0.4892728855112156,0.0,0.0,1.0,0.0,0.0,0
5248,1.6329940708634207,1.1728790294265017,0.3709892956846678,0.9767644117667437,0.6559737935346208,1.5708894135825124,0.0,0.0,0.0,1.0,0.0,0
5249,1.6336352149823306,-1.3464281194777956,-0.38531946601768485,0.9767644117667437,-0.04668806341770988,1.2177187337378734,0.0,0.0,0.0,1.0,0.0,1
5250,1.6342763591012404,0.04598138117320063,0.009526728551007732,0.9767644117667437,0.6559737935346208,1.27658051371198,0.0,0.0,0.0,1.0,0.0,0
5251,1.6349175032201502,0.719154863064944,0.9227067509684398,0.9767644117667437,0.6559737935346208,1.512027633608406,1.0,0.0,0.0,0.0,0.0,1
5252,1.6355586473390602,0.3332105153795078,1.2969159033604005,0.9767644117667437,0.6559737935346208,-0.13610220566657652,0.0,0.0,0.0,1.0,0.0,0
5253,1.63619979145797,1.1940588396811314,-1.3641210665179802,0.9767644117667437,1.3586356504869515,1.3354422936860864,0.0,1.0,0.0,0.0,0.0,0
5254,1.6368409355768798,-1.4676956959814373,-0.3974832187349014,0.9767644117667437,0.6559737935346208,1.3354422936860864,0.0,0.0,0.0,1.0,0.0,0
5255,1.6374820796957896,0.6967896957942373,0.9480933880971891,-1.023788323932921,-0.04668806341770988,-0.7835817853817482,0.0,0.0,1.0,0.0,0.0,0
5256,1.6381232238146997,0.1484374878032554,-0.23654962935723303,0.9767644117667437,-1.4520117773223713,-1.43106136509692,0.0,0.0,1.0,0.0,0.0,0
5257,1.6387643679336095,-0.39359222113503045,-0.578476971063937,0.9767644117667437,-0.04668806341770988,-0.9601671253040678,0.0,0.0,1.0,0.0,0.0,1
5258,1.6394055120525193,-0.5296917216534693,-0.3064629653856392,0.9767644117667437,1.3586356504869515,1.1588569537637667,1.0,0.0,0.0,0.0,0.0,0
5259,1.640046656171429,0.45225222280026317,0.3521971809759569,0.9767644117667437,0.6559737935346208,-0.7835817853817482,0.0,0.0,1.0,0.0,0.0,1
5260,1.6406878002903391,1.3978142771073805,1.7173767697858624,0.9767644117667437,-1.4520117773223713,0.45251559407448866,1.0,0.0,0.0,0.0,0.0,1
5261,1.641328944409249,0.015957229534159616,-0.025594011507702564,-1.023788323932921,1.3586356504869515,-1.4899231450710264,1.0,0.0,0.0,0.0,0.0,0
5262,1.6419700885281587,1.1658633902687017,-1.0040059706336313,-1.023788323932921,-0.7493499203700406,-1.0190289052781742,0.0,0.0,0.0,1.0,0.0,1
5263,1.6426112326470685,-0.3131085505857447,-1.1609928673744503,-1.023788323932921,-0.7493499203700406,1.0411333938155538,0.0,1.0,0.0,0.0,0.0,0
5264,1.6432523767659786,-1.3622668986936597,-1.5753914092233947,0.9767644117667437,-0.7493499203700406,1.3354422936860864,0.0,0.0,0.0,1.0,0.0,1
5265,1.6438935208848884,-1.5053762993580977,0.20078293172098555,0.9767644117667437,-1.4520117773223713,-1.2544760251746003,0.0,0.0,0.0,1.0,0.0,1
5266,1.6445346650037982,-1.5409757933725126,0.15179270705486114,-1.023788323932921,-0.04668806341770988,0.8056862739191277,1.0,0.0,0.0,0.0,0.0,0
5267,1.645175809122708,-0.3901297758310449,-1.0152192650709446,0.9767644117667437,-1.4520117773223713,0.6879627139709147,1.0,0.0,0.0,0.0,0.0,1
5268,1.645816953241618,-0.5403219467555622,0.670259563264027,0.9767644117667437,-1.4520117773223713,-0.25382576561478953,0.0,0.0,1.0,0.0,0.0,1
5269,1.6464580973605278,0.7921148798686087,0.8276926311100412,-1.023788323932921,-1.4520117773223713,-1.0190289052781742,0.0,0.0,1.0,0.0,0.0,1
5270,1.6470992414794376,0.8792098580270155,-0.8299755626650664,0.9767644117667437,-0.7493499203700406,-0.6658582254335351,0.0,0.0,0.0,1.0,0.0,0
5271,1.6477403855983475,-1.542657188675712,-0.5376481827597185,0.9767644117667437,-0.04668806341770988,1.0411333938155538,0.0,0.0,0.0,0.0,1.0,1
5272,1.6483815297172575,-0.9467194129562249,1.6852781895222702,0.9767644117667437,-1.4520117773223713,-0.7835817853817482,0.0,0.0,0.0,0.0,1.0,1
5273,1.6490226738361673,-0.7607358410021958,-0.43390927521605743,0.9767644117667437,-0.04668806341770988,-0.8424435653558547,0.0,0.0,1.0,0.0,0.0,0
5274,1.649663817955077,0.19598199671969074,0.8954240905639607,0.9767644117667437,0.6559737935346208,-0.018378645718363482,0.0,0.0,0.0,0.0,1.0,1
5275,1.650304962073987,-1.2148454106970898,-0.16407555840305993,0.9767644117667437,-1.4520117773223713,0.09934491422984955,0.0,0.0,1.0,0.0,0.0,0
5276,1.650946106192897,-1.2518541312728262,1.0073426919325057,0.9767644117667437,-1.4520117773223713,-0.9601671253040678,1.0,0.0,0.0,0.0,0.0,1
5277,1.6515872503118068,1.5825901042232677,0.9236987385330606,-1.023788323932921,-1.4520117773223713,1.0411333938155538,0.0,0.0,0.0,1.0,0.0,1
5278,1.6522283944307166,1.0940430644136883,0.5754324280283434,-1.023788323932921,0.6559737935346208,1.512027633608406,0.0,1.0,0.0,0.0,0.0,1
5279,1.6528695385496264,-1.0883575459777441,1.2186176352168097,0.9767644117667437,0.6559737935346208,-0.9013053453299612,0.0,0.0,0.0,1.0,0.0,0
5280,1.6535106826685364,-0.2976686825259063,1.5090142795436952,0.9767644117667437,-0.7493499203700406,-1.0778906852522807,0.0,0.0,1.0,0.0,0.0,1
5281,1.6541518267874462,-0.47597759051972943,0.2735748478385155,-1.023788323932921,1.3586356504869515,0.39365381410038214,0.0,0.0,1.0,0.0,0.0,0
5282,1.654792970906356,1.047847516577331,-0.9043605052557108,-1.023788323932921,-0.04668806341770988,-1.1367524652263874,0.0,0.0,0.0,1.0,0.0,0
5283,1.6554341150252658,0.06508630397757444,-0.3501177689584671,-1.023788323932921,1.3586356504869515,-1.4899231450710264,0.0,0.0,1.0,0.0,0.0,1
5284,1.6560752591441756,-1.2731741496374138,0.8868402840422694,-1.023788323932921,-1.4520117773223713,1.512027633608406,0.0,0.0,0.0,0.0,1.0,1
5285,1.6567164032630857,0.8658069304347574,0.5174063693201492,-1.023788323932921,-1.4520117773223713,1.512027633608406,0.0,0.0,0.0,0.0,1.0,0
5286,1.6573575473819955,-0.33154781617234547,-1.1095725186661918,-1.023788323932921,-0.7493499203700406,-1.1367524652263874,0.0,0.0,1.0,0.0,0.0,1
5287,1.6579986915009053,-0.8004171333295794,-1.544818674643005,-1.023788323932921,1.3586356504869515,0.21706847417806258,0.0,0.0,1.0,0.0,0.0,1
5288,1.658639835619815,-0.40640996575208144,0.6277256332889953,0.9767644117667437,-1.4520117773223713,-0.6658582254335351,0.0,0.0,0.0,0.0,1.0,1
5289,1.6592809797387251,0.021489416677122907,-0.8575541895883433,-1.023788323932921,1.3586356504869515,-0.25382576561478953,0.0,0.0,1.0,0.0,0.0,1
5290,1.659922123857635,-0.5197499313133397,-0.002628455537458498,-1.023788323932921,-0.7493499203700406,-0.25382576561478953,0.0,0.0,1.0,0.0,0.0,0
5291,1.6605632679765447,-0.8739812091900153,0.8470881313644287,-1.023788323932921,1.3586356504869515,-0.7835817853817482,0.0,0.0,0.0,1.0,0.0,1
5292,1.6612044120954546,-0.3258986842057074,0.21402183742251243,0.9767644117667437,-0.04668806341770988,0.040483134255743035,0.0,1.0,0.0,0.0,0.0,0
5293,1.6618455562143646,-1.6535400075167614,-1.434551225449658,0.9767644117667437,-0.7493499203700406,-0.6658582254335351,0.0,0.0,0.0,0.0,1.0,0
5294,1.6624867003332744,0.9830762353310543,-1.0828099280379642,0.9767644117667437,1.3586356504869515,0.8056862739191277,0.0,0.0,0.0,1.0,0.0,0
5295,1.6631278444521842,-1.1223423047322127,-0.9667479504346704,-1.023788323932921,-1.4520117773223713,-0.6069964454594287,0.0,1.0,0.0,0.0,0.0,0
5296,1.663768988571094,-1.5669797378787242,-0.8342192245934327,-1.023788323932921,0.6559737935346208,1.6886129735307256,0.0,0.0,1.0,0.0,0.0,0
5297,1.664410132690004,0.5672825157238071,0.22343326966178198,-1.023788323932921,0.6559737935346208,-0.4304111055371091,0.0,0.0,1.0,0.0,0.0,0
5298,1.6650512768089138,0.9881101847237116,0.012144247837752047,0.9767644117667437,-0.7493499203700406,-0.31268754558889605,0.0,0.0,0.0,1.0,0.0,0
5299,1.6656924209278237,1.1277345807073655,-1.022351538602632,0.9767644117667437,0.6559737935346208,-0.13610220566657652,0.0,0.0,1.0,0.0,0.0,1
5300,1.6663335650467335,0.006623701940868089,-1.4887090026286132,0.9767644117667437,-0.04668806341770988,0.39365381410038214,1.0,0.0,0.0,0.0,0.0,1
5301,1.6669747091656435,-1.0018617468121949,-1.1314661795404084,0.9767644117667437,-0.7493499203700406,-1.0778906852522807,0.0,0.0,0.0,1.0,0.0,0
5302,1.6676158532845533,0.8596316290193438,1.664332939452929,0.9767644117667437,-1.4520117773223713,1.0411333938155538,0.0,1.0,0.0,0.0,0.0,1
5303,1.6682569974034631,0.7283315759947834,-0.10966403365566388,0.9767644117667437,-1.4520117773223713,-1.7253702649674525,0.0,0.0,0.0,1.0,0.0,1
5304,1.668898141522373,-0.8587039657583863,1.2618371308153173,-1.023788323932921,-0.7493499203700406,-1.666508484993346,0.0,0.0,0.0,0.0,1.0,1
5305,1.669539285641283,1.4412572648509647,1.1978941375429473,0.9767644117667437,0.6559737935346208,-1.1956142452004939,0.0,0.0,0.0,1.0,0.0,1
5306,1.6701804297601928,-1.355347470372421,0.038122312949548626,0.9767644117667437,0.6559737935346208,0.21706847417806258,0.0,0.0,1.0,0.0,0.0,0
5307,1.6708215738791026,1.7187367445967907,0.7093217018764485,0.9767644117667437,-1.4520117773223713,0.09934491422984955,0.0,0.0,1.0,0.0,0.0,1
5308,1.6714627179980124,1.29019866266525,-1.0581456062579744,0.9767644117667437,-0.04668806341770988,-0.31268754558889605,1.0,0.0,0.0,0.0,0.0,0
5309,1.6721038621169224,0.6869813949594415,0.6464174301913499,-1.023788323932921,0.6559737935346208,-1.1956142452004939,1.0,0.0,0.0,0.0,0.0,1
5310,1.6727450062358322,1.5649537416505754,-0.7842826256540085,-1.023788323932921,-0.04668806341770988,1.4531658536342995,1.0,0.0,0.0,0.0,0.0,1
5311,1.673386150354742,0.8074242642078974,1.1404945770591302,0.9767644117667437,0.6559737935346208,1.1588569537637667,0.0,1.0,0.0,0.0,0.0,0
5312,1.6740272944736518,-1.0540504873405687,-1.4331014801965605,-1.023788323932921,-0.7493499203700406,-1.7253702649674525,1.0,0.0,0.0,0.0,0.0,0
5313,1.6746684385925619,-0.17311052033351237,0.9378520562784695,-1.023788323932921,1.3586356504869515,0.09934491422984955,0.0,1.0,0.0,0.0,0.0,0
5314,1.6753095827114717,-1.4703860709007752,-1.3773444133629595,-1.023788323932921,-1.4520117773223713,0.39365381410038214,1.0,0.0,0.0,0.0,0.0,1
5315,1.6759507268303815,-0.3568545600929213,1.3094468690865013,-1.023788323932921,-0.7493499203700406,-1.0778906852522807,0.0,1.0,0.0,0.0,0.0,1
5316,1.6765918709492913,0.874945205577046,-0.6748512280760253,-1.023788323932921,0.6559737935346208,1.0999951737896603,0.0,0.0,0.0,1.0,0.0,1
5317,1.6772330150682013,-0.36810372011498677,0.5294771354892439,-1.023788323932921,-1.4520117773223713,1.5708894135825124,0.0,0.0,0.0,1.0,0.0,0
5318,1.6778741591871111,-0.5646242666960511,-0.04447509241823833,-1.023788323932921,1.3586356504869515,1.2177187337378734,0.0,0.0,1.0,0.0,0.0,0
5319,1.678515303306021,0.36308374812547284,-0.46128892107049096,0.9767644117667437,1.3586356504869515,-0.7247200054076417,0.0,1.0,0.0,0.0,0.0,0
5320,1.6791564474249308,1.332046841939918,0.49869207890718703,-1.023788323932921,0.6559737935346208,-0.018378645718363482,0.0,0.0,0.0,0.0,1.0,0
5321,1.6797975915438406,-1.5541048143708767,1.537574091587553,0.9767644117667437,-1.4520117773223713,-1.0190289052781742,0.0,0.0,1.0,0.0,0.0,0
5322,1.6804387356627506,-0.3715088997624935,-1.5791056187635195,-1.023788323932921,0.6559737935346208,1.3943040736601928,0.0,0.0,0.0,1.0,0.0,1
5323,1.6810798797816604,-1.1668064811986076,1.4389751651779918,-1.023788323932921,1.3586356504869515,-1.6076467050192393,0.0,1.0,0.0,0.0,0.0,0
5324,1.6817210239005702,0.7130758052031958,0.37364642345993543,-1.023788323932921,-0.7493499203700406,-0.5481346654853221,1.0,0.0,0.0,0.0,0.0,0
5325,1.68236216801948,-1.3506116499284342,1.055384862909694,0.9767644117667437,-0.7493499203700406,0.6879627139709147,0.0,0.0,0.0,0.0,1.0,1
5326,1.68300331213839,0.6061639354507868,-0.4008580216278524,-1.023788323932921,-0.04668806341770988,-0.9601671253040678,0.0,0.0,0.0,1.0,0.0,0
5327,1.6836444562572999,-0.7190196015135949,-0.09832873132508889,0.9767644117667437,1.3586356504869515,0.5702391540227016,0.0,0.0,1.0,0.0,0.0,0
5328,1.6842856003762097,-1.0244413650414297,1.2670137998973512,-1.023788323932921,1.3586356504869515,-1.1956142452004939,0.0,1.0,0.0,0.0,0.0,0
5329,1.6849267444951195,1.556563151985814,-0.29433926045591713,-1.023788323932921,0.6559737935346208,-1.666508484993346,0.0,0.0,0.0,0.0,1.0,0
5330,1.6855678886140295,-1.6558091584307677,0.11770271586504907,0.9767644117667437,-0.04668806341770988,0.8645480538932343,0.0,1.0,0.0,0.0,0.0,1
5331,1.6862090327329393,-0.18843642986835402,-1.6515836799280823,-1.023788323932921,-0.04668806341770988,0.39365381410038214,1.0,0.0,0.0,0.0,0.0,0
5332,1.6868501768518491,-1.6449507900366787,-1.1756040485434616,-1.023788323932921,-1.4520117773223713,-1.1367524652263874,0.0,0.0,1.0,0.0,0.0,1
5333,1.687491320970759,-0.02808249217350279,0.4857772053870236,-1.023788323932921,0.6559737935346208,1.512027633608406,0.0,1.0,0.0,0.0,0.0,0
5334,1.688132465089669,0.033007174462512306,0.7447070849556331,0.9767644117667437,-0.7493499203700406,-1.7253702649674525,0.0,0.0,0.0,1.0,0.0,1
5335,1.6887736092085788,-0.5948349899782729,0.2825770465773012,-1.023788323932921,-1.4520117773223713,-0.25382576561478953,0.0,0.0,1.0,0.0,0.0,1
5336,1.6894147533274886,-1.2580821281578751,-1.22818063840089,-1.023788323932921,-0.04668806341770988,0.6879627139709147,0.0,0.0,0.0,1.0,0.0,0
5337,1.6900558974463984,-0.40329878557014354,-0.18924963621444302,-1.023788323932921,-0.7493499203700406,1.6886129735307256,0.0,1.0,0.0,0.0,0.0,1
5338,1.6906970415653084,0.6322568620547206,-0.49983546173049775,0.9767644117667437,1.3586356504869515,-1.0190289052781742,0.0,0.0,1.0,0.0,0.0,1
5339,1.6913381856842182,1.0177188279243001,-0.016415392653498295,-1.023788323932921,0.6559737935346208,-0.13610220566657652,0.0,0.0,0.0,1.0,0.0,1
5340,1.691979329803128,0.1369676313040957,1.2720977363662673,0.9767644117667437,-0.04668806341770988,0.3347920341262756,1.0,0.0,0.0,0.0,0.0,0
5341,1.6926204739220378,0.3437592540195848,0.947215872628309,-1.023788323932921,1.3586356504869515,-0.5481346654853221,1.0,0.0,0.0,0.0,0.0,1
5342,1.6932616180409479,-1.0184929616326353,-1.432188856765774,-1.023788323932921,-0.04668806341770988,-1.1956142452004939,0.0,1.0,0.0,0.0,0.0,1
5343,1.6939027621598577,-0.7149965150994864,1.34081116771091,0.9767644117667437,-0.7493499203700406,-1.0778906852522807,0.0,0.0,1.0,0.0,0.0,1
5344,1.6945439062787675,-1.154014544403148,-0.09858949524917546,0.9767644117667437,-1.4520117773223713,0.9234098338673408,0.0,0.0,0.0,0.0,1.0,0
5345,1.6951850503976773,-0.8481178945427291,0.8371676587342617,0.9767644117667437,-0.7493499203700406,-0.19496398564068304,0.0,0.0,1.0,0.0,0.0,0
5346,1.6958261945165873,-0.9335472073459904,-1.2394292069487467,0.9767644117667437,0.6559737935346208,-1.6076467050192393,1.0,0.0,0.0,0.0,0.0,1
5347,1.6964673386354971,0.09741159083211344,0.5856241510130117,0.9767644117667437,0.6559737935346208,-0.13610220566657652,0.0,0.0,0.0,1.0,0.0,1
5348,1.697108482754407,0.2487502765833244,-0.9082909970194967,-1.023788323932921,-0.04668806341770988,-1.666508484993346,0.0,0.0,0.0,0.0,1.0,0
5349,1.6977496268733168,1.5866449325275045,-0.21340757993551426,-1.023788323932921,-0.7493499203700406,-0.13610220566657652,0.0,1.0,0.0,0.0,0.0,1
5350,1.6983907709922268,-1.0361528548501526,-1.663042885374951,0.9767644117667437,-1.4520117773223713,1.2177187337378734,0.0,0.0,0.0,0.0,1.0,0
5351,1.6990319151111366,0.525202411771542,-1.1996341838180529,-1.023788323932921,0.6559737935346208,0.040483134255743035,0.0,1.0,0.0,0.0,0.0,1
5352,1.6996730592300464,1.139739965828268,-1.4043632680095044,-1.023788323932921,-1.4520117773223713,0.7468244939450213,0.0,0.0,0.0,0.0,1.0,1
5353,1.7003142033489562,0.24018482287845633,-0.8965356785609254,0.9767644117667437,1.3586356504869515,-0.5481346654853221,0.0,1.0,0.0,0.0,0.0,0
5354,1.7009553474678663,-0.8281389951660004,-1.3770652167543935,0.9767644117667437,-0.04668806341770988,-1.3721995851228133,0.0,1.0,0.0,0.0,0.0,0
5355,1.701596491586776,-0.8017261845304986,0.6585000336343725,0.9767644117667437,-1.4520117773223713,1.1588569537637667,0.0,0.0,0.0,0.0,1.0,1
5356,1.7022376357056859,-1.583260069978033,-1.6211650662693107,-1.023788323932921,-0.04668806341770988,0.040483134255743035,0.0,0.0,0.0,0.0,1.0,0
5357,1.7028787798245957,-0.6515983941691647,0.4034249085687896,0.9767644117667437,1.3586356504869515,-0.9601671253040678,0.0,1.0,0.0,0.0,0.0,1
5358,1.7035199239435055,0.8854474292380765,-1.237129837842491,-1.023788323932921,-1.4520117773223713,0.5113773740485952,1.0,0.0,0.0,0.0,0.0,1
5359,1.7041610680624155,-1.5543338362306,1.5294526176840473,0.9767644117667437,-1.4520117773223713,1.3943040736601928,0.0,0.0,0.0,0.0,1.0,0
5360,1.7048022121813253,-0.953117293268432,1.4879518873086637,0.9767644117667437,1.3586356504869515,0.5113773740485952,0.0,0.0,1.0,0.0,0.0,1
5361,1.7054433563002351,0.7511493688106226,-0.9455118958017602,0.9767644117667437,-0.7493499203700406,1.4531658536342995,0.0,0.0,0.0,1.0,0.0,1
5362,1.706084500419145,1.0186139604087725,0.39200989739746117,0.9767644117667437,-1.4520117773223713,-1.2544760251746003,0.0,1.0,0.0,0.0,0.0,0
5363,1.706725644538055,-0.1270429359678595,-1.6247230817403724,-1.023788323932921,-1.4520117773223713,-0.4304111055371091,0.0,1.0,0.0,0.0,0.0,1
5364,1.7073667886569648,0.7225960363791781,1.4834620616217757,-1.023788323932921,0.6559737935346208,-1.0778906852522807,0.0,0.0,0.0,1.0,0.0,1
5365,1.7080079327758746,-0.36282290020297564,0.0775608547516513,-1.023788323932921,-0.7493499203700406,-0.07724042569247,1.0,0.0,0.0,0.0,0.0,1
5366,1.7086490768947844,-1.160952766659502,-1.5723877009403906,0.9767644117667437,-1.4520117773223713,0.45251559407448866,0.0,0.0,0.0,1.0,0.0,1
5367,1.7092902210136944,-0.32713254784760143,-0.543149927417499,-1.023788323932921,1.3586356504869515,1.629751193556619,0.0,0.0,0.0,0.0,1.0,0
5368,1.7099313651326042,0.309226519640423,-1.4567440423509168,-1.023788323932921,-0.04668806341770988,1.512027633608406,0.0,0.0,0.0,1.0,0.0,1
5369,1.710572509251514,1.597515359429826,-0.36966731049452894,-1.023788323932921,1.3586356504869515,0.5113773740485952,0.0,1.0,0.0,0.0,0.0,1
5370,1.7112136533704239,-1.4800182469204595,0.5828963272954838,0.9767644117667437,-0.7493499203700406,-0.4892728855112156,0.0,0.0,0.0,1.0,0.0,1
5371,1.711854797489334,0.05522050345567465,-0.10504548932799224,-1.023788323932921,0.6559737935346208,-1.5487849250451329,0.0,0.0,1.0,0.0,0.0,1
5372,1.7124959416082437,-0.5694346187274035,-0.40138344024511197,0.9767644117667437,0.6559737935346208,1.0411333938155538,0.0,0.0,0.0,0.0,1.0,0
5373,1.7131370857271535,0.058432079349736016,-1.3112447681747101,0.9767644117667437,0.6559737935346208,-1.3721995851228133,0.0,0.0,0.0,1.0,0.0,0
5374,1.7137782298460633,-1.6367312633978235,-0.8786700821449523,-1.023788323932921,1.3586356504869515,0.5702391540227016,0.0,1.0,0.0,0.0,0.0,0
5375,1.7144193739649733,-0.6250646572786134,-1.3766346514765977,-1.023788323932921,-0.04668806341770988,-1.3133378051487068,0.0,0.0,0.0,0.0,1.0,1
5376,1.7150605180838832,1.1488709678833806,1.0560191359631061,0.9767644117667437,-0.04668806341770988,1.27658051371198,0.0,1.0,0.0,0.0,0.0,1
5377,1.715701662202793,0.21813594400101002,-1.2559347511783459,0.9767644117667437,-1.4520117773223713,1.629751193556619,1.0,0.0,0.0,0.0,0.0,0
5378,1.7163428063217028,-0.1436185141137575,0.32650248732749515,0.9767644117667437,-0.04668806341770988,1.5708894135825124,0.0,0.0,1.0,0.0,0.0,0
5379,1.7169839504406128,-0.7213148799943845,-0.5423231011856979,-1.023788323932921,-0.04668806341770988,0.2759302541521691,1.0,0.0,0.0,0.0,0.0,1
5380,1.7176250945595226,-0.6775041506828681,-0.9438773612917686,0.9767644117667437,-1.4520117773223713,-1.2544760251746003,0.0,0.0,1.0,0.0,0.0,0
5381,1.7182662386784324,-0.37980033750819836,0.47814908469943596,0.9767644117667437,1.3586356504869515,1.2177187337378734,0.0,0.0,0.0,1.0,0.0,1
5382,1.7189073827973422,1.2038294980402933,-0.14936700543668424,0.9767644117667437,1.3586356504869515,-1.0190289052781742,0.0,0.0,0.0,0.0,1.0,1
5383,1.7195485269162523,1.6645745618785872,-0.34490238082267805,-1.023788323932921,-0.7493499203700406,0.5113773740485952,0.0,0.0,0.0,1.0,0.0,1
5384,1.720189671035162,-0.18536307127005738,0.3178313163676281,0.9767644117667437,1.3586356504869515,-0.6069964454594287,0.0,0.0,1.0,0.0,0.0,1
5385,1.7208308151540719,-0.3439207056505344,-0.031525743260942436,0.9767644117667437,0.6559737935346208,-0.5481346654853221,0.0,0.0,1.0,0.0,0.0,1
5386,1.7214719592729817,1.2422594219990912,-0.6773284322190867,0.9767644117667437,0.6559737935346208,0.9822716138414473,0.0,0.0,1.0,0.0,0.0,1
5387,1.7221131033918917,-0.22648795573829947,0.20162224961628744,0.9767644117667437,-0.7493499203700406,-0.6658582254335351,0.0,1.0,0.0,0.0,0.0,1
5388,1.7227542475108015,0.2114035322453723,0.5814252060342014,0.9767644117667437,-0.04668806341770988,-1.666508484993346,0.0,0.0,0.0,0.0,1.0,1
5389,1.7233953916297113,-0.9123552810763034,-1.6292357113886484,-1.023788323932921,-0.7493499203700406,0.8056862739191277,0.0,0.0,0.0,1.0,0.0,0
5390,1.7240365357486211,0.8815934586940524,-0.11886433920382865,-1.023788323932921,-1.4520117773223713,0.5702391540227016,0.0,0.0,0.0,1.0,0.0,0
5391,1.7246776798675312,0.14129960233953945,-1.5226581088166284,0.9767644117667437,-0.7493499203700406,-0.018378645718363482,1.0,0.0,0.0,0.0,0.0,0
5392,1.725318823986441,1.1109536798257993,-1.0799720752104465,0.9767644117667437,-0.7493499203700406,-0.4304111055371091,0.0,0.0,1.0,0.0,0.0,0
5393,1.7259599681053508,1.0118980991978477,0.206600137020748,0.9767644117667437,0.6559737935346208,1.4531658536342995,0.0,0.0,1.0,0.0,0.0,1
5394,1.7266011122242606,-0.9681339733102879,1.2578595242280177,0.9767644117667437,-1.4520117773223713,0.5702391540227016,0.0,0.0,1.0,0.0,0.0,0
5395,1.7272422563431704,0.7840597883929009,1.3150059476274432,0.9767644117667437,-1.4520117773223713,-1.0190289052781742,0.0,0.0,0.0,1.0,0.0,0
5396,1.7278834004620804,1.0795234325165217,-1.480492461100504,0.9767644117667437,-0.7493499203700406,0.15820669420395606,1.0,0.0,0.0,0.0,0.0,1
5397,1.7285245445809903,-0.5092789795556204,-0.2796986853248395,-1.023788323932921,-1.4520117773223713,0.09934491422984955,0.0,1.0,0.0,0.0,0.0,0
5398,1.7291656886999,-1.1165175835214591,0.28397175351943754,0.9767644117667437,-1.4520117773223713,-0.13610220566657652,0.0,0.0,0.0,0.0,1.0,0
5399,1.7298068328188099,-1.7114321888381638,-1.215250140901447,0.9767644117667437,1.3586356504869515,-0.3715493255630026,0.0,1.0,0.0,0.0,0.0,0
5400,1.73044797693772,-0.14249446211010602,0.9113489171860606,-1.023788323932921,-1.4520117773223713,0.6879627139709147,0.0,0.0,0.0,1.0,0.0,0
5401,1.7310891210566297,-0.4871399384992384,0.838450827049956,-1.023788323932921,-0.04668806341770988,-0.13610220566657652,0.0,0.0,1.0,0.0,0.0,1
5402,1.7317302651755395,0.221524266871887,1.3856286589132802,-1.023788323932921,-1.4520117773223713,-0.018378645718363482,0.0,0.0,0.0,0.0,1.0,0
